2034 2043 2045 2031 2047 2042 2046 2054 2054 2042 2035 2044 2046 2024 2046 2043 2051 2050 2051 2051 2038 2044 2045 2090 2042 2042 2045 2047 2053 2043 2034 2043 2045 2043 2043 2042 2037 2051 2047 2047 2032 2045 2045 2043 2040 2042 2046 2050 2051 2047 2047 2038 2045 2043 2032 2042 2045 2050 2051 2046 2034 2047 2045 2043 2105 2039 2047 2050 2051 2042 2039 2044 2042 2043 2049 2038 2045 2050 2051 2044 2035 2045 2045 2043 2050 2034 2045 2050 2056 2045 2034 2045 2046 2043 2052 2077 2043 2051 2053 2046
2047 2038 2045 2043 2032 2042 2045 2050 2051 2046 2034 2047 2045 2043 2105 2039 2047 2050 2051 2042 2039 2044 2042 2043 2049 2038 2045 2050 2051 2044 2035 2045 2045 2043 2050 2034 2045 2050 2056 2045 2034 2045 2046 2043 2052 2077 2043 2051 2053 2046 2035 2043 2045 2043 2047 2086 2046 2051 2049 2041 2045 2037 2043 2045 2047 2046 2041 2047 2050 2043 2039 2044 2043 2045 2047 2043 2037 2047 2047 2041 2034 2046 2045 2042 2041 2042 2031 2047 2051 2042 2034 2047 2047 2042 2047 2045 2081 2047 2051 2043
2035 2043 2045 2043 2047 2086 2046 2051 2049 2041 2045 2037 2043 2045 2047 2046 2041 2047 2050 2043 2039 2044 2043 2045 2047 2043 2037 2047 2047 2041 2034 2046 2045 2042 2041 2042 2031 2047 2051 2042 2034 2047 2047 2042 2047 2045 2081 2047 2051 2043 2035 2047 2045 2042 2047 2045 2046 2045 2051 2047 2038 2045 2045 2042 2047 2045 2046 2040 2050 2039 2051 2037 2042 2041 2047 2047 2047 2034 2047 2042 2034 2045 2045 2043 2047 2047 2046 2065 2047 2041 2037 2045 2046 2043 2047 2045 2047 2050 2046 2041
2035 2047 2045 2042 2047 2045 2046 2045 2051 2047 2038 2045 2045 2042 2047 2045 2046 2040 2050 2039 2051 2037 2042 2041 2047 2047 2047 2034 2047 2042 2034 2045 2045 2043 2047 2047 2046 2065 2047 2041 2037 2045 2046 2043 2047 2045 2047 2050 2046 2041 2034 2045 2045 2043 2046 2043 2045 2047 2043 2041 2031 2043 2045 2042 2047 2041 2044 2049 2033 2039 2037 2043 2043 2043 2045 2046 2045 2049 2033 2039 2037 2038 2047 2045 2046 2045 2046 2051 2081 2038 2034 2046 2045 2043 2047 2043 2047 2053 2053 2037
2034 2045 2045 2043 2046 2043 2045 2047 2043 2041 2031 2043 2045 2042 2047 2041 2044 2049 2033 2039 2037 2043 2043 2043 2045 2046 2045 2049 2033 2039 2037 2038 2047 2045 2046 2045 2046 2051 2081 2038 2034 2046 2045 2043 2047 2043 2047 2053 2053 2037 2038 2046 2047 2045 2047 2045 2047 2053 2051 2038 2035 2046 2047 2045 2050 2045 2047 2055 2055 2023 2038 2045 2045 2045 2047 2045 2050 2053 2051 2043 2032 2054 2045 2039 2046 2045 2050 2047 2047 2041 2027 2037 2044 2042 2047 2045 2050 2047 2049 2039
