2039 2040 2025 2042 2047 2047 2043 2047 2035 2034 2038 2042 2085 2041 2041 2046 2042 2050 2034 2035 2047 2039 2045 2039 2037 2045 2045 2047 2050 2036 2038 2043 2044 2037 2041 2050 2043 2047 2034 2036 2055 2029 2043 2029 2043 2047 2043 2055 2037 2036 2042 2041 2045 2091 2038 2047 2043 2050 2037 2035 2042 2042 2047 2047 2035 2047 2042 2047 2032 2036 2041 2043 2045 2045 2033 2047 2042 2047 2051 2033 2042 2042 2043 2046 2027 2049 2042 2047 2051 2036 2041 2041 2043 2046 2027 2045 2042 2049 2039 2035
2042 2041 2045 2091 2038 2047 2043 2050 2037 2035 2042 2042 2047 2047 2035 2047 2042 2047 2032 2036 2041 2043 2045 2045 2033 2047 2042 2047 2051 2033 2042 2042 2043 2046 2027 2049 2042 2047 2051 2036 2041 2041 2043 2046 2027 2045 2042 2049 2039 2035 2044 2037 2043 2045 2041 2045 2042 2050 2031 2037 2038 2041 2043 2046 2042 2039 2041 2047 2025 2035 2042 2039 2044 2045 2041 2036 2044 2047 2031 2036 2039 2041 2045 2044 2045 2093 2039 2047 2029 2036 2040 2042 2045 2047 2041 2047 2039 2049 2033 2036
2044 2037 2043 2045 2041 2045 2042 2050 2031 2037 2038 2041 2043 2046 2042 2039 2041 2047 2025 2035 2042 2039 2044 2045 2041 2036 2044 2047 2031 2036 2039 2041 2045 2044 2045 2093 2039 2047 2029 2036 2040 2042 2045 2047 2041 2047 2039 2049 2033 2036 2037 2041 2047 2044 2039 2045 2037 2050 2034 2035 2039 2039 2045 2043 2042 2045 2029 2047 2029 2035 2043 2042 2043 2044 2041 2047 2023 2046 2030 2037 2039 2040 2045 2044 2043 2045 2045 2042 2030 2036 2041 2042 2043 2046 2042 2047 2046 2047 2036 2034
2037 2041 2047 2044 2039 2045 2037 2050 2034 2035 2039 2039 2045 2043 2042 2045 2029 2047 2029 2035 2043 2042 2043 2044 2041 2047 2023 2046 2030 2037 2039 2040 2045 2044 2043 2045 2045 2042 2030 2036 2041 2042 2043 2046 2042 2047 2046 2047 2036 2034 2039 2041 2045 2045 2041 2046 2049 2038 2034 2036 2039 2044 2045 2045 2042 2047 2047 2030 2031 2035 2057 2037 2043 2044 2046 2046 2042 2083 2031 2034 2040 2043 2045 2047 2042 2045 2049 2047 2027 2037 2042 2041 2047 2046 2041 2045 2042 2047 2040 2034
2039 2041 2045 2045 2041 2046 2049 2038 2034 2036 2039 2044 2045 2045 2042 2047 2047 2030 2031 2035 2057 2037 2043 2044 2046 2046 2042 2083 2031 2034 2040 2043 2045 2047 2042 2045 2049 2047 2027 2037 2042 2041 2047 2046 2041 2045 2042 2047 2040 2034 2039 2037 2043 2043 2041 2045 2042 2047 2012 2036 2041 2040 2044 2044 2040 2045 2041 2049 2069 2037 2038 2038 2045 2045 2041 2046 2041 2047 2032 2033 2037 2036 2043 2043 2040 2046 2041 2052 2029 2027 2041 2041 2043 2045 2042 2045 2045 2050 2037 2027
2039 2037 2043 2043 2041 2045 2042 2047 2012 2036 2041 2040 2044 2044 2040 2045 2041 2049 2069 2037 2038 2038 2045 2045 2041 2046 2041 2047 2032 2033 2037 2036 2043 2043 2040 2046 2041 2052 2029 2027 2041 2041 2043 2045 2042 2045 2045 2050 2037 2027 2037 2041 2045 2045 2041 2047 2042 2051 2030 2077 2037 2041 2045 2045 2045 2047 2045 2047 2031 2038 2053 2041 2046 2047 2043 2047 2042 2047 2031 2039 2035 2041 2050 2045 2042 2026 2071 2031 2026 2037 2045 2031 2043 2045 2043 2091 2036 2037 2060 2029
2037 2041 2045 2045 2041 2047 2042 2051 2030 2077 2037 2041 2045 2045 2045 2047 2045 2047 2031 2038 2053 2041 2046 2047 2043 2047 2042 2047 2031 2039 2035 2041 2050 2045 2042 2026 2071 2031 2026 2037 2045 2031 2043 2045 2043 2091 2036 2037 2060 2029 2077 2039 2083 2044 2025 2035 2040 2051 2031 2037 2041 2063 2057 2041 2041 2047 2043 2070 2071 2061 2023 2031 2042 2045 2042 2047 2043 2051 2034 2037 2041 2028 2043 2047 2042 2046 2044 2047 2045 2037 2042 2076 2039 2043 2041 2046 2040 2047 2031 2037
2077 2039 2083 2044 2025 2035 2040 2051 2031 2037 2041 2063 2057 2041 2041 2047 2043 2070 2071 2061 2023 2031 2042 2045 2042 2047 2043 2051 2034 2037 2041 2028 2043 2047 2042 2046 2044 2047 2045 2037 2042 2076 2039 2043 2041 2046 2040 2047 2031 2037 2038 2035 2039 2043 2043 2044 2041 2047 2034 2038 2039 2041 2037 2045 2041 2044 2045 2045 2031 2038 2050 2036 2026 2022 2038 2045 2039 2047 2032 2037 2039 2042 2043 2045 2023 2043 2041 2046 2030 2037 2045 2042 2043 2039 2040 2045 2041 2053 2030 2041
