1770.0,1833.0,2048.0,2192.0,2200.0,2170.0,2100.0,2078.0,2016.0,1942.0,1747.0,1818.0,2048.0,2191.0,2207.0,2181.0,2112.0,2100.0,2048.0,1979.0,1768.0,1856.0,2068.0,2208.0,2220.0,2188.0,2131.0,2104.0,2070.0,1992.0,1787.0,2102.0,2132.0,2189.0,2192.0,2182.0,2124.0,2108.0,2072.0,1998.0,1794.0,1858.0,2091.0,2242.0,2259.0,2226.0,2160.0,2107.0,2082.0,2000.0,1795.0,1932.0,2044.0,2164.0,2257.0,2272.0,2201.0,2148.0,2100.0,1993.0,1777.0,1824.0,2048.0,2188.0,2205.0,2170.0,2107.0,2056.0,2046.0,1961.0,1747.0,1814.0,2042.0,2199.0,2206.0,2184.0,2111.0,2068.0,2053.0,1975.0,1764.0,2089.0,2125.0,2171.0,2168.0,2145.0,2092.0,2064.0,2058.0,1986.0,1775.0,1844.0,2074.0,2213.0,2222.0,2192.0,2132.0,2088.0,2080.0,1992.0
2181.0,2112.0,2100.0,2048.0,1979.0,1768.0,1856.0,2068.0,2208.0,2220.0,2188.0,2131.0,2104.0,2070.0,1992.0,1787.0,2102.0,2132.0,2189.0,2192.0,2182.0,2124.0,2108.0,2072.0,1998.0,1794.0,1858.0,2091.0,2242.0,2259.0,2226.0,2160.0,2107.0,2082.0,2000.0,1795.0,1932.0,2044.0,2164.0,2257.0,2272.0,2201.0,2148.0,2100.0,1993.0,1777.0,1824.0,2048.0,2188.0,2205.0,2170.0,2107.0,2056.0,2046.0,1961.0,1747.0,1814.0,2042.0,2199.0,2206.0,2184.0,2111.0,2068.0,2053.0,1975.0,1764.0,2089.0,2125.0,2171.0,2168.0,2145.0,2092.0,2064.0,2058.0,1986.0,1775.0,1844.0,2074.0,2213.0,2222.0,2192.0,2132.0,2088.0,2080.0,1992.0,1782.0,1789.0,2066.0,2222.0,2236.0,2216.0,2146.0,2104.0,2090.0,2016.0,1796.0,1928.0,2047.0,2163.0,2262.0
1787.0,2102.0,2132.0,2189.0,2192.0,2182.0,2124.0,2108.0,2072.0,1998.0,1794.0,1858.0,2091.0,2242.0,2259.0,2226.0,2160.0,2107.0,2082.0,2000.0,1795.0,1932.0,2044.0,2164.0,2257.0,2272.0,2201.0,2148.0,2100.0,1993.0,1777.0,1824.0,2048.0,2188.0,2205.0,2170.0,2107.0,2056.0,2046.0,1961.0,1747.0,1814.0,2042.0,2199.0,2206.0,2184.0,2111.0,2068.0,2053.0,1975.0,1764.0,2089.0,2125.0,2171.0,2168.0,2145.0,2092.0,2064.0,2058.0,1986.0,1775.0,1844.0,2074.0,2213.0,2222.0,2192.0,2132.0,2088.0,2080.0,1992.0,1782.0,1789.0,2066.0,2222.0,2236.0,2216.0,2146.0,2104.0,2090.0,2016.0,1796.0,1928.0,2047.0,2163.0,2262.0,2264.0,2201.0,2144.0,2122.0,2028.0,1799.0,1841.0,2062.0,2211.0,2218.0,2192.0,2119.0,2084.0,2062.0,1992.0
2226.0,2160.0,2107.0,2082.0,2000.0,1795.0,1932.0,2044.0,2164.0,2257.0,2272.0,2201.0,2148.0,2100.0,1993.0,1777.0,1824.0,2048.0,2188.0,2205.0,2170.0,2107.0,2056.0,2046.0,1961.0,1747.0,1814.0,2042.0,2199.0,2206.0,2184.0,2111.0,2068.0,2053.0,1975.0,1764.0,2089.0,2125.0,2171.0,2168.0,2145.0,2092.0,2064.0,2058.0,1986.0,1775.0,1844.0,2074.0,2213.0,2222.0,2192.0,2132.0,2088.0,2080.0,1992.0,1782.0,1789.0,2066.0,2222.0,2236.0,2216.0,2146.0,2104.0,2090.0,2016.0,1796.0,1928.0,2047.0,2163.0,2262.0,2264.0,2201.0,2144.0,2122.0,2028.0,1799.0,1841.0,2062.0,2211.0,2218.0,2192.0,2119.0,2084.0,2062.0,1992.0,1751.0,2112.0,2162.0,2208.0,2213.0,2183.0,2116.0,2068.0,2047.0,1988.0,1770.0,1853.0,2061.0,2200.0,2215.0
1777.0,1824.0,2048.0,2188.0,2205.0,2170.0,2107.0,2056.0,2046.0,1961.0,1747.0,1814.0,2042.0,2199.0,2206.0,2184.0,2111.0,2068.0,2053.0,1975.0,1764.0,2089.0,2125.0,2171.0,2168.0,2145.0,2092.0,2064.0,2058.0,1986.0,1775.0,1844.0,2074.0,2213.0,2222.0,2192.0,2132.0,2088.0,2080.0,1992.0,1782.0,1789.0,2066.0,2222.0,2236.0,2216.0,2146.0,2104.0,2090.0,2016.0,1796.0,1928.0,2047.0,2163.0,2262.0,2264.0,2201.0,2144.0,2122.0,2028.0,1799.0,1841.0,2062.0,2211.0,2218.0,2192.0,2119.0,2084.0,2062.0,1992.0,1751.0,2112.0,2162.0,2208.0,2213.0,2183.0,2116.0,2068.0,2047.0,1988.0,1770.0,1853.0,2061.0,2200.0,2215.0,2185.0,2114.0,2080.0,2034.0,2001.0,1792.0,1840.0,2078.0,2210.0,2276.0,2184.0,2125.0,2084.0,2047.0,2026.0
2184.0,2111.0,2068.0,2053.0,1975.0,1764.0,2089.0,2125.0,2171.0,2168.0,2145.0,2092.0,2064.0,2058.0,1986.0,1775.0,1844.0,2074.0,2213.0,2222.0,2192.0,2132.0,2088.0,2080.0,1992.0,1782.0,1789.0,2066.0,2222.0,2236.0,2216.0,2146.0,2104.0,2090.0,2016.0,1796.0,1928.0,2047.0,2163.0,2262.0,2264.0,2201.0,2144.0,2122.0,2028.0,1799.0,1841.0,2062.0,2211.0,2218.0,2192.0,2119.0,2084.0,2062.0,1992.0,1751.0,2112.0,2162.0,2208.0,2213.0,2183.0,2116.0,2068.0,2047.0,1988.0,1770.0,1853.0,2061.0,2200.0,2215.0,2185.0,2114.0,2080.0,2034.0,2001.0,1792.0,1840.0,2078.0,2210.0,2276.0,2184.0,2125.0,2084.0,2047.0,2026.0,1802.0,1851.0,2074.0,2208.0,2220.0,2192.0,2120.0,2068.0,2032.0,2007.0,1792.0,1905.0,2015.0,2129.0,2236.0
1775.0,1844.0,2074.0,2213.0,2222.0,2192.0,2132.0,2088.0,2080.0,1992.0,1782.0,1789.0,2066.0,2222.0,2236.0,2216.0,2146.0,2104.0,2090.0,2016.0,1796.0,1928.0,2047.0,2163.0,2262.0,2264.0,2201.0,2144.0,2122.0,2028.0,1799.0,1841.0,2062.0,2211.0,2218.0,2192.0,2119.0,2084.0,2062.0,1992.0,1751.0,2112.0,2162.0,2208.0,2213.0,2183.0,2116.0,2068.0,2047.0,1988.0,1770.0,1853.0,2061.0,2200.0,2215.0,2185.0,2114.0,2080.0,2034.0,2001.0,1792.0,1840.0,2078.0,2210.0,2276.0,2184.0,2125.0,2084.0,2047.0,2026.0,1802.0,1851.0,2074.0,2208.0,2220.0,2192.0,2120.0,2068.0,2032.0,2007.0,1792.0,1905.0,2015.0,2129.0,2236.0,2232.0,2166.0,2113.0,2052.0,2014.0,1778.0,2051.0,2084.0,2149.0,2164.0,2139.0,2086.0,2048.0,2015.0,2006.0
2216.0,2146.0,2104.0,2090.0,2016.0,1796.0,1928.0,2047.0,2163.0,2262.0,2264.0,2201.0,2144.0,2122.0,2028.0,1799.0,1841.0,2062.0,2211.0,2218.0,2192.0,2119.0,2084.0,2062.0,1992.0,1751.0,2112.0,2162.0,2208.0,2213.0,2183.0,2116.0,2068.0,2047.0,1988.0,1770.0,1853.0,2061.0,2200.0,2215.0,2185.0,2114.0,2080.0,2034.0,2001.0,1792.0,1840.0,2078.0,2210.0,2276.0,2184.0,2125.0,2084.0,2047.0,2026.0,1802.0,1851.0,2074.0,2208.0,2220.0,2192.0,2120.0,2068.0,2032.0,2007.0,1792.0,1905.0,2015.0,2129.0,2236.0,2232.0,2166.0,2113.0,2052.0,2014.0,1778.0,2051.0,2084.0,2149.0,2164.0,2139.0,2086.0,2048.0,2015.0,2006.0,1784.0,1836.0,2072.0,2212.0,2232.0,2199.0,2127.0,2090.0,2048.0,2033.0,1813.0,1875.0,2077.0,2216.0,2237.0
1799.0,1841.0,2062.0,2211.0,2218.0,2192.0,2119.0,2084.0,2062.0,1992.0,1751.0,2112.0,2162.0,2208.0,2213.0,2183.0,2116.0,2068.0,2047.0,1988.0,1770.0,1853.0,2061.0,2200.0,2215.0,2185.0,2114.0,2080.0,2034.0,2001.0,1792.0,1840.0,2078.0,2210.0,2276.0,2184.0,2125.0,2084.0,2047.0,2026.0,1802.0,1851.0,2074.0,2208.0,2220.0,2192.0,2120.0,2068.0,2032.0,2007.0,1792.0,1905.0,2015.0,2129.0,2236.0,2232.0,2166.0,2113.0,2052.0,2014.0,1778.0,2051.0,2084.0,2149.0,2164.0,2139.0,2086.0,2048.0,2015.0,2006.0,1784.0,1836.0,2072.0,2212.0,2232.0,2199.0,2127.0,2090.0,2048.0,2033.0,1813.0,1875.0,2077.0,2216.0,2237.0,2204.0,2144.0,2092.0,2054.0,2033.0,1815.0,1861.0,2080.0,2216.0,2224.0,2204.0,2128.0,2082.0,2037.0,2008.0
2183.0,2116.0,2068.0,2047.0,1988.0,1770.0,1853.0,2061.0,2200.0,2215.0,2185.0,2114.0,2080.0,2034.0,2001.0,1792.0,1840.0,2078.0,2210.0,2276.0,2184.0,2125.0,2084.0,2047.0,2026.0,1802.0,1851.0,2074.0,2208.0,2220.0,2192.0,2120.0,2068.0,2032.0,2007.0,1792.0,1905.0,2015.0,2129.0,2236.0,2232.0,2166.0,2113.0,2052.0,2014.0,1778.0,2051.0,2084.0,2149.0,2164.0,2139.0,2086.0,2048.0,2015.0,2006.0,1784.0,1836.0,2072.0,2212.0,2232.0,2199.0,2127.0,2090.0,2048.0,2033.0,1813.0,1875.0,2077.0,2216.0,2237.0,2204.0,2144.0,2092.0,2054.0,2033.0,1815.0,1861.0,2080.0,2216.0,2224.0,2204.0,2128.0,2082.0,2037.0,2008.0,1794.0,1836.0,2064.0,2188.0,2204.0,2171.0,2101.0,2052.0,2017.0,1976.0,1784.0,2136.0,2132.0,2058.0,2160.0
1792.0,1840.0,2078.0,2210.0,2276.0,2184.0,2125.0,2084.0,2047.0,2026.0,1802.0,1851.0,2074.0,2208.0,2220.0,2192.0,2120.0,2068.0,2032.0,2007.0,1792.0,1905.0,2015.0,2129.0,2236.0,2232.0,2166.0,2113.0,2052.0,2014.0,1778.0,2051.0,2084.0,2149.0,2164.0,2139.0,2086.0,2048.0,2015.0,2006.0,1784.0,1836.0,2072.0,2212.0,2232.0,2199.0,2127.0,2090.0,2048.0,2033.0,1813.0,1875.0,2077.0,2216.0,2237.0,2204.0,2144.0,2092.0,2054.0,2033.0,1815.0,1861.0,2080.0,2216.0,2224.0,2204.0,2128.0,2082.0,2037.0,2008.0,1794.0,1836.0,2064.0,2188.0,2204.0,2171.0,2101.0,2052.0,2017.0,1976.0,1784.0,2136.0,2132.0,2058.0,2160.0,2204.0,2156.0,2126.0,2068.0,2006.0,1818.0,1848.0,2074.0,2191.0,2202.0,2168.0,2097.0,2048.0,2004.0,1950.0
2192.0,2120.0,2068.0,2032.0,2007.0,1792.0,1905.0,2015.0,2129.0,2236.0,2232.0,2166.0,2113.0,2052.0,2014.0,1778.0,2051.0,2084.0,2149.0,2164.0,2139.0,2086.0,2048.0,2015.0,2006.0,1784.0,1836.0,2072.0,2212.0,2232.0,2199.0,2127.0,2090.0,2048.0,2033.0,1813.0,1875.0,2077.0,2216.0,2237.0,2204.0,2144.0,2092.0,2054.0,2033.0,1815.0,1861.0,2080.0,2216.0,2224.0,2204.0,2128.0,2082.0,2037.0,2008.0,1794.0,1836.0,2064.0,2188.0,2204.0,2171.0,2101.0,2052.0,2017.0,1976.0,1784.0,2136.0,2132.0,2058.0,2160.0,2204.0,2156.0,2126.0,2068.0,2006.0,1818.0,1848.0,2074.0,2191.0,2202.0,2168.0,2097.0,2048.0,2004.0,1950.0,1780.0,1826.0,2051.0,2181.0,2183.0,2161.0,2095.0,2049.0,2008.0,1956.0,1785.0,1840.0,2048.0,2174.0,2188.0
1778.0,2051.0,2084.0,2149.0,2164.0,2139.0,2086.0,2048.0,2015.0,2006.0,1784.0,1836.0,2072.0,2212.0,2232.0,2199.0,2127.0,2090.0,2048.0,2033.0,1813.0,1875.0,2077.0,2216.0,2237.0,2204.0,2144.0,2092.0,2054.0,2033.0,1815.0,1861.0,2080.0,2216.0,2224.0,2204.0,2128.0,2082.0,2037.0,2008.0,1794.0,1836.0,2064.0,2188.0,2204.0,2171.0,2101.0,2052.0,2017.0,1976.0,1784.0,2136.0,2132.0,2058.0,2160.0,2204.0,2156.0,2126.0,2068.0,2006.0,1818.0,1848.0,2074.0,2191.0,2202.0,2168.0,2097.0,2048.0,2004.0,1950.0,1780.0,1826.0,2051.0,2181.0,2183.0,2161.0,2095.0,2049.0,2008.0,1956.0,1785.0,1840.0,2048.0,2174.0,2188.0,2158.0,2090.0,2053.0,2009.0,1952.0,1784.0,1827.0,2050.0,2195.0,2200.0,2180.0,2104.0,2053.0,2015.0,1964.0
2199.0,2127.0,2090.0,2048.0,2033.0,1813.0,1875.0,2077.0,2216.0,2237.0,2204.0,2144.0,2092.0,2054.0,2033.0,1815.0,1861.0,2080.0,2216.0,2224.0,2204.0,2128.0,2082.0,2037.0,2008.0,1794.0,1836.0,2064.0,2188.0,2204.0,2171.0,2101.0,2052.0,2017.0,1976.0,1784.0,2136.0,2132.0,2058.0,2160.0,2204.0,2156.0,2126.0,2068.0,2006.0,1818.0,1848.0,2074.0,2191.0,2202.0,2168.0,2097.0,2048.0,2004.0,1950.0,1780.0,1826.0,2051.0,2181.0,2183.0,2161.0,2095.0,2049.0,2008.0,1956.0,1785.0,1840.0,2048.0,2174.0,2188.0,2158.0,2090.0,2053.0,2009.0,1952.0,1784.0,1827.0,2050.0,2195.0,2200.0,2180.0,2104.0,2053.0,2015.0,1964.0,1749.0,2092.0,2144.0,2182.0,2179.0,2158.0,2089.0,2052.0,2014.0,1966.0,1806.0,1922.0,2032.0,2144.0,2242.0
1815.0,1861.0,2080.0,2216.0,2224.0,2204.0,2128.0,2082.0,2037.0,2008.0,1794.0,1836.0,2064.0,2188.0,2204.0,2171.0,2101.0,2052.0,2017.0,1976.0,1784.0,2136.0,2132.0,2058.0,2160.0,2204.0,2156.0,2126.0,2068.0,2006.0,1818.0,1848.0,2074.0,2191.0,2202.0,2168.0,2097.0,2048.0,2004.0,1950.0,1780.0,1826.0,2051.0,2181.0,2183.0,2161.0,2095.0,2049.0,2008.0,1956.0,1785.0,1840.0,2048.0,2174.0,2188.0,2158.0,2090.0,2053.0,2009.0,1952.0,1784.0,1827.0,2050.0,2195.0,2200.0,2180.0,2104.0,2053.0,2015.0,1964.0,1749.0,2092.0,2144.0,2182.0,2179.0,2158.0,2089.0,2052.0,2014.0,1966.0,1806.0,1922.0,2032.0,2144.0,2242.0,2235.0,2177.0,2120.0,2065.0,1999.0,1832.0,1856.0,2069.0,2187.0,2192.0,2173.0,2097.0,2053.0,2006.0,1956.0
2171.0,2101.0,2052.0,2017.0,1976.0,1784.0,2136.0,2132.0,2058.0,2160.0,2204.0,2156.0,2126.0,2068.0,2006.0,1818.0,1848.0,2074.0,2191.0,2202.0,2168.0,2097.0,2048.0,2004.0,1950.0,1780.0,1826.0,2051.0,2181.0,2183.0,2161.0,2095.0,2049.0,2008.0,1956.0,1785.0,1840.0,2048.0,2174.0,2188.0,2158.0,2090.0,2053.0,2009.0,1952.0,1784.0,1827.0,2050.0,2195.0,2200.0,2180.0,2104.0,2053.0,2015.0,1964.0,1749.0,2092.0,2144.0,2182.0,2179.0,2158.0,2089.0,2052.0,2014.0,1966.0,1806.0,1922.0,2032.0,2144.0,2242.0,2235.0,2177.0,2120.0,2065.0,1999.0,1832.0,1856.0,2069.0,2187.0,2192.0,2173.0,2097.0,2053.0,2006.0,1956.0,1803.0,1846.0,2080.0,2196.0,2208.0,2177.0,2112.0,2064.0,2030.0,1973.0,1808.0,1877.0,2076.0,2199.0,2204.0
1818.0,1848.0,2074.0,2191.0,2202.0,2168.0,2097.0,2048.0,2004.0,1950.0,1780.0,1826.0,2051.0,2181.0,2183.0,2161.0,2095.0,2049.0,2008.0,1956.0,1785.0,1840.0,2048.0,2174.0,2188.0,2158.0,2090.0,2053.0,2009.0,1952.0,1784.0,1827.0,2050.0,2195.0,2200.0,2180.0,2104.0,2053.0,2015.0,1964.0,1749.0,2092.0,2144.0,2182.0,2179.0,2158.0,2089.0,2052.0,2014.0,1966.0,1806.0,1922.0,2032.0,2144.0,2242.0,2235.0,2177.0,2120.0,2065.0,1999.0,1832.0,1856.0,2069.0,2187.0,2192.0,2173.0,2097.0,2053.0,2006.0,1956.0,1803.0,1846.0,2080.0,2196.0,2208.0,2177.0,2112.0,2064.0,2030.0,1973.0,1808.0,1877.0,2076.0,2199.0,2204.0,2186.0,2116.0,2080.0,2030.0,1980.0,1820.0,2100.0,2136.0,2176.0,2184.0,2167.0,2113.0,2082.0,2048.0,2000.0
2161.0,2095.0,2049.0,2008.0,1956.0,1785.0,1840.0,2048.0,2174.0,2188.0,2158.0,2090.0,2053.0,2009.0,1952.0,1784.0,1827.0,2050.0,2195.0,2200.0,2180.0,2104.0,2053.0,2015.0,1964.0,1749.0,2092.0,2144.0,2182.0,2179.0,2158.0,2089.0,2052.0,2014.0,1966.0,1806.0,1922.0,2032.0,2144.0,2242.0,2235.0,2177.0,2120.0,2065.0,1999.0,1832.0,1856.0,2069.0,2187.0,2192.0,2173.0,2097.0,2053.0,2006.0,1956.0,1803.0,1846.0,2080.0,2196.0,2208.0,2177.0,2112.0,2064.0,2030.0,1973.0,1808.0,1877.0,2076.0,2199.0,2204.0,2186.0,2116.0,2080.0,2030.0,1980.0,1820.0,2100.0,2136.0,2176.0,2184.0,2167.0,2113.0,2082.0,2048.0,2000.0,1833.0,1889.0,2114.0,2234.0,2244.0,2212.0,2142.0,2101.0,2054.0,2000.0,1813.0,1966.0,2065.0,2177.0,2266.0
1784.0,1827.0,2050.0,2195.0,2200.0,2180.0,2104.0,2053.0,2015.0,1964.0,1749.0,2092.0,2144.0,2182.0,2179.0,2158.0,2089.0,2052.0,2014.0,1966.0,1806.0,1922.0,2032.0,2144.0,2242.0,2235.0,2177.0,2120.0,2065.0,1999.0,1832.0,1856.0,2069.0,2187.0,2192.0,2173.0,2097.0,2053.0,2006.0,1956.0,1803.0,1846.0,2080.0,2196.0,2208.0,2177.0,2112.0,2064.0,2030.0,1973.0,1808.0,1877.0,2076.0,2199.0,2204.0,2186.0,2116.0,2080.0,2030.0,1980.0,1820.0,2100.0,2136.0,2176.0,2184.0,2167.0,2113.0,2082.0,2048.0,2000.0,1833.0,1889.0,2114.0,2234.0,2244.0,2212.0,2142.0,2101.0,2054.0,2000.0,1813.0,1966.0,2065.0,2177.0,2266.0,2268.0,2202.0,2152.0,2090.0,2024.0,1820.0,1895.0,2104.0,2237.0,2231.0,2198.0,2134.0,2081.0,2041.0,1984.0
2158.0,2089.0,2052.0,2014.0,1966.0,1806.0,1922.0,2032.0,2144.0,2242.0,2235.0,2177.0,2120.0,2065.0,1999.0,1832.0,1856.0,2069.0,2187.0,2192.0,2173.0,2097.0,2053.0,2006.0,1956.0,1803.0,1846.0,2080.0,2196.0,2208.0,2177.0,2112.0,2064.0,2030.0,1973.0,1808.0,1877.0,2076.0,2199.0,2204.0,2186.0,2116.0,2080.0,2030.0,1980.0,1820.0,2100.0,2136.0,2176.0,2184.0,2167.0,2113.0,2082.0,2048.0,2000.0,1833.0,1889.0,2114.0,2234.0,2244.0,2212.0,2142.0,2101.0,2054.0,2000.0,1813.0,1966.0,2065.0,2177.0,2266.0,2268.0,2202.0,2152.0,2090.0,2024.0,1820.0,1895.0,2104.0,2237.0,2231.0,2198.0,2134.0,2081.0,2041.0,1984.0,1790.0,1876.0,2096.0,2211.0,2221.0,2192.0,2128.0,2086.0,2040.0,1984.0,1796.0,2137.0,2160.0,2183.0,2181.0
1832.0,1856.0,2069.0,2187.0,2192.0,2173.0,2097.0,2053.0,2006.0,1956.0,1803.0,1846.0,2080.0,2196.0,2208.0,2177.0,2112.0,2064.0,2030.0,1973.0,1808.0,1877.0,2076.0,2199.0,2204.0,2186.0,2116.0,2080.0,2030.0,1980.0,1820.0,2100.0,2136.0,2176.0,2184.0,2167.0,2113.0,2082.0,2048.0,2000.0,1833.0,1889.0,2114.0,2234.0,2244.0,2212.0,2142.0,2101.0,2054.0,2000.0,1813.0,1966.0,2065.0,2177.0,2266.0,2268.0,2202.0,2152.0,2090.0,2024.0,1820.0,1895.0,2104.0,2237.0,2231.0,2198.0,2134.0,2081.0,2041.0,1984.0,1790.0,1876.0,2096.0,2211.0,2221.0,2192.0,2128.0,2086.0,2040.0,1984.0,1796.0,2137.0,2160.0,2183.0,2181.0,2156.0,2114.0,2075.0,2048.0,1993.0,1812.0,1905.0,2122.0,2241.0,2242.0,2216.0,2152.0,2104.0,2055.0,1997.0
2177.0,2112.0,2064.0,2030.0,1973.0,1808.0,1877.0,2076.0,2199.0,2204.0,2186.0,2116.0,2080.0,2030.0,1980.0,1820.0,2100.0,2136.0,2176.0,2184.0,2167.0,2113.0,2082.0,2048.0,2000.0,1833.0,1889.0,2114.0,2234.0,2244.0,2212.0,2142.0,2101.0,2054.0,2000.0,1813.0,1966.0,2065.0,2177.0,2266.0,2268.0,2202.0,2152.0,2090.0,2024.0,1820.0,1895.0,2104.0,2237.0,2231.0,2198.0,2134.0,2081.0,2041.0,1984.0,1790.0,1876.0,2096.0,2211.0,2221.0,2192.0,2128.0,2086.0,2040.0,1984.0,1796.0,2137.0,2160.0,2183.0,2181.0,2156.0,2114.0,2075.0,2048.0,1993.0,1812.0,1905.0,2122.0,2241.0,2242.0,2216.0,2152.0,2104.0,2055.0,1997.0,1806.0,1930.0,2115.0,2226.0,2237.0,2199.0,2144.0,2089.0,2050.0,1980.0,1794.0,1964.0,2055.0,2172.0,2257.0
1820.0,2100.0,2136.0,2176.0,2184.0,2167.0,2113.0,2082.0,2048.0,2000.0,1833.0,1889.0,2114.0,2234.0,2244.0,2212.0,2142.0,2101.0,2054.0,2000.0,1813.0,1966.0,2065.0,2177.0,2266.0,2268.0,2202.0,2152.0,2090.0,2024.0,1820.0,1895.0,2104.0,2237.0,2231.0,2198.0,2134.0,2081.0,2041.0,1984.0,1790.0,1876.0,2096.0,2211.0,2221.0,2192.0,2128.0,2086.0,2040.0,1984.0,1796.0,2137.0,2160.0,2183.0,2181.0,2156.0,2114.0,2075.0,2048.0,1993.0,1812.0,1905.0,2122.0,2241.0,2242.0,2216.0,2152.0,2104.0,2055.0,1997.0,1806.0,1930.0,2115.0,2226.0,2237.0,2199.0,2144.0,2089.0,2050.0,1980.0,1794.0,1964.0,2055.0,2172.0,2257.0,2258.0,2197.0,2136.0,2069.0,1996.0,1792.0,1894.0,2092.0,2194.0,2193.0,2159.0,2100.0,2060.0,2011.0,1964.0
2212.0,2142.0,2101.0,2054.0,2000.0,1813.0,1966.0,2065.0,2177.0,2266.0,2268.0,2202.0,2152.0,2090.0,2024.0,1820.0,1895.0,2104.0,2237.0,2231.0,2198.0,2134.0,2081.0,2041.0,1984.0,1790.0,1876.0,2096.0,2211.0,2221.0,2192.0,2128.0,2086.0,2040.0,1984.0,1796.0,2137.0,2160.0,2183.0,2181.0,2156.0,2114.0,2075.0,2048.0,1993.0,1812.0,1905.0,2122.0,2241.0,2242.0,2216.0,2152.0,2104.0,2055.0,1997.0,1806.0,1930.0,2115.0,2226.0,2237.0,2199.0,2144.0,2089.0,2050.0,1980.0,1794.0,1964.0,2055.0,2172.0,2257.0,2258.0,2197.0,2136.0,2069.0,1996.0,1792.0,1894.0,2092.0,2194.0,2193.0,2159.0,2100.0,2060.0,2011.0,1964.0,1728.0,2177.0,2192.0,2212.0,2192.0,2160.0,2094.0,2064.0,2012.0,1956.0,1769.0,1855.0,2109.0,2213.0,2212.0
1820.0,1895.0,2104.0,2237.0,2231.0,2198.0,2134.0,2081.0,2041.0,1984.0,1790.0,1876.0,2096.0,2211.0,2221.0,2192.0,2128.0,2086.0,2040.0,1984.0,1796.0,2137.0,2160.0,2183.0,2181.0,2156.0,2114.0,2075.0,2048.0,1993.0,1812.0,1905.0,2122.0,2241.0,2242.0,2216.0,2152.0,2104.0,2055.0,1997.0,1806.0,1930.0,2115.0,2226.0,2237.0,2199.0,2144.0,2089.0,2050.0,1980.0,1794.0,1964.0,2055.0,2172.0,2257.0,2258.0,2197.0,2136.0,2069.0,1996.0,1792.0,1894.0,2092.0,2194.0,2193.0,2159.0,2100.0,2060.0,2011.0,1964.0,1728.0,2177.0,2192.0,2212.0,2192.0,2160.0,2094.0,2064.0,2012.0,1956.0,1769.0,1855.0,2109.0,2213.0,2212.0,2166.0,2100.0,2072.0,2022.0,1968.0,1774.0,1843.0,2116.0,2220.0,2205.0,2176.0,2112.0,2067.0,2031.0,1968.0
2192.0,2128.0,2086.0,2040.0,1984.0,1796.0,2137.0,2160.0,2183.0,2181.0,2156.0,2114.0,2075.0,2048.0,1993.0,1812.0,1905.0,2122.0,2241.0,2242.0,2216.0,2152.0,2104.0,2055.0,1997.0,1806.0,1930.0,2115.0,2226.0,2237.0,2199.0,2144.0,2089.0,2050.0,1980.0,1794.0,1964.0,2055.0,2172.0,2257.0,2258.0,2197.0,2136.0,2069.0,1996.0,1792.0,1894.0,2092.0,2194.0,2193.0,2159.0,2100.0,2060.0,2011.0,1964.0,1728.0,2177.0,2192.0,2212.0,2192.0,2160.0,2094.0,2064.0,2012.0,1956.0,1769.0,1855.0,2109.0,2213.0,2212.0,2166.0,2100.0,2072.0,2022.0,1968.0,1774.0,1843.0,2116.0,2220.0,2205.0,2176.0,2112.0,2067.0,2031.0,1968.0,1788.0,1856.0,2143.0,2231.0,2220.0,2188.0,2110.0,2076.0,2032.0,1976.0,1795.0,1936.0,2078.0,2165.0,2258.0
1812.0,1905.0,2122.0,2241.0,2242.0,2216.0,2152.0,2104.0,2055.0,1997.0,1806.0,1930.0,2115.0,2226.0,2237.0,2199.0,2144.0,2089.0,2050.0,1980.0,1794.0,1964.0,2055.0,2172.0,2257.0,2258.0,2197.0,2136.0,2069.0,1996.0,1792.0,1894.0,2092.0,2194.0,2193.0,2159.0,2100.0,2060.0,2011.0,1964.0,1728.0,2177.0,2192.0,2212.0,2192.0,2160.0,2094.0,2064.0,2012.0,1956.0,1769.0,1855.0,2109.0,2213.0,2212.0,2166.0,2100.0,2072.0,2022.0,1968.0,1774.0,1843.0,2116.0,2220.0,2205.0,2176.0,2112.0,2067.0,2031.0,1968.0,1788.0,1856.0,2143.0,2231.0,2220.0,2188.0,2110.0,2076.0,2032.0,1976.0,1795.0,1936.0,2078.0,2165.0,2258.0,2260.0,2197.0,2140.0,2082.0,2000.0,1809.0,2103.0,2160.0,2197.0,2168.0,2142.0,2084.0,2051.0,2019.0,1968.0
2199.0,2144.0,2089.0,2050.0,1980.0,1794.0,1964.0,2055.0,2172.0,2257.0,2258.0,2197.0,2136.0,2069.0,1996.0,1792.0,1894.0,2092.0,2194.0,2193.0,2159.0,2100.0,2060.0,2011.0,1964.0,1728.0,2177.0,2192.0,2212.0,2192.0,2160.0,2094.0,2064.0,2012.0,1956.0,1769.0,1855.0,2109.0,2213.0,2212.0,2166.0,2100.0,2072.0,2022.0,1968.0,1774.0,1843.0,2116.0,2220.0,2205.0,2176.0,2112.0,2067.0,2031.0,1968.0,1788.0,1856.0,2143.0,2231.0,2220.0,2188.0,2110.0,2076.0,2032.0,1976.0,1795.0,1936.0,2078.0,2165.0,2258.0,2260.0,2197.0,2140.0,2082.0,2000.0,1809.0,2103.0,2160.0,2197.0,2168.0,2142.0,2084.0,2051.0,2019.0,1968.0,1792.0,1854.0,2106.0,2247.0,2240.0,2194.0,2128.0,2080.0,2043.0,1986.0,1796.0,1886.0,2110.0,2257.0,2248.0
1792.0,1894.0,2092.0,2194.0,2193.0,2159.0,2100.0,2060.0,2011.0,1964.0,1728.0,2177.0,2192.0,2212.0,2192.0,2160.0,2094.0,2064.0,2012.0,1956.0,1769.0,1855.0,2109.0,2213.0,2212.0,2166.0,2100.0,2072.0,2022.0,1968.0,1774.0,1843.0,2116.0,2220.0,2205.0,2176.0,2112.0,2067.0,2031.0,1968.0,1788.0,1856.0,2143.0,2231.0,2220.0,2188.0,2110.0,2076.0,2032.0,1976.0,1795.0,1936.0,2078.0,2165.0,2258.0,2260.0,2197.0,2140.0,2082.0,2000.0,1809.0,2103.0,2160.0,2197.0,2168.0,2142.0,2084.0,2051.0,2019.0,1968.0,1792.0,1854.0,2106.0,2247.0,2240.0,2194.0,2128.0,2080.0,2043.0,1986.0,1796.0,1886.0,2110.0,2257.0,2248.0,2205.0,2136.0,2097.0,2053.0,1995.0,1812.0,1875.0,2116.0,2265.0,2249.0,2202.0,2136.0,2089.0,2052.0,1988.0
2160.0,2094.0,2064.0,2012.0,1956.0,1769.0,1855.0,2109.0,2213.0,2212.0,2166.0,2100.0,2072.0,2022.0,1968.0,1774.0,1843.0,2116.0,2220.0,2205.0,2176.0,2112.0,2067.0,2031.0,1968.0,1788.0,1856.0,2143.0,2231.0,2220.0,2188.0,2110.0,2076.0,2032.0,1976.0,1795.0,1936.0,2078.0,2165.0,2258.0,2260.0,2197.0,2140.0,2082.0,2000.0,1809.0,2103.0,2160.0,2197.0,2168.0,2142.0,2084.0,2051.0,2019.0,1968.0,1792.0,1854.0,2106.0,2247.0,2240.0,2194.0,2128.0,2080.0,2043.0,1986.0,1796.0,1886.0,2110.0,2257.0,2248.0,2205.0,2136.0,2097.0,2053.0,1995.0,1812.0,1875.0,2116.0,2265.0,2249.0,2202.0,2136.0,2089.0,2052.0,1988.0,1800.0,1869.0,2108.0,2265.0,2240.0,2196.0,2120.0,2081.0,2042.0,1985.0,1803.0,2171.0,2164.0,2128.0,2211.0
1774.0,1843.0,2116.0,2220.0,2205.0,2176.0,2112.0,2067.0,2031.0,1968.0,1788.0,1856.0,2143.0,2231.0,2220.0,2188.0,2110.0,2076.0,2032.0,1976.0,1795.0,1936.0,2078.0,2165.0,2258.0,2260.0,2197.0,2140.0,2082.0,2000.0,1809.0,2103.0,2160.0,2197.0,2168.0,2142.0,2084.0,2051.0,2019.0,1968.0,1792.0,1854.0,2106.0,2247.0,2240.0,2194.0,2128.0,2080.0,2043.0,1986.0,1796.0,1886.0,2110.0,2257.0,2248.0,2205.0,2136.0,2097.0,2053.0,1995.0,1812.0,1875.0,2116.0,2265.0,2249.0,2202.0,2136.0,2089.0,2052.0,1988.0,1800.0,1869.0,2108.0,2265.0,2240.0,2196.0,2120.0,2081.0,2042.0,1985.0,1803.0,2171.0,2164.0,2128.0,2211.0,2218.0,2163.0,2124.0,2076.0,2010.0,1808.0,1870.0,2107.0,2270.0,2236.0,2180.0,2104.0,2053.0,2023.0,1955.0
2188.0,2110.0,2076.0,2032.0,1976.0,1795.0,1936.0,2078.0,2165.0,2258.0,2260.0,2197.0,2140.0,2082.0,2000.0,1809.0,2103.0,2160.0,2197.0,2168.0,2142.0,2084.0,2051.0,2019.0,1968.0,1792.0,1854.0,2106.0,2247.0,2240.0,2194.0,2128.0,2080.0,2043.0,1986.0,1796.0,1886.0,2110.0,2257.0,2248.0,2205.0,2136.0,2097.0,2053.0,1995.0,1812.0,1875.0,2116.0,2265.0,2249.0,2202.0,2136.0,2089.0,2052.0,1988.0,1800.0,1869.0,2108.0,2265.0,2240.0,2196.0,2120.0,2081.0,2042.0,1985.0,1803.0,2171.0,2164.0,2128.0,2211.0,2218.0,2163.0,2124.0,2076.0,2010.0,1808.0,1870.0,2107.0,2270.0,2236.0,2180.0,2104.0,2053.0,2023.0,1955.0,1776.0,1845.0,2096.0,2257.0,2227.0,2187.0,2112.0,2072.0,2028.0,1980.0,1792.0,1887.0,2114.0,2265.0,2245.0
1809.0,2103.0,2160.0,2197.0,2168.0,2142.0,2084.0,2051.0,2019.0,1968.0,1792.0,1854.0,2106.0,2247.0,2240.0,2194.0,2128.0,2080.0,2043.0,1986.0,1796.0,1886.0,2110.0,2257.0,2248.0,2205.0,2136.0,2097.0,2053.0,1995.0,1812.0,1875.0,2116.0,2265.0,2249.0,2202.0,2136.0,2089.0,2052.0,1988.0,1800.0,1869.0,2108.0,2265.0,2240.0,2196.0,2120.0,2081.0,2042.0,1985.0,1803.0,2171.0,2164.0,2128.0,2211.0,2218.0,2163.0,2124.0,2076.0,2010.0,1808.0,1870.0,2107.0,2270.0,2236.0,2180.0,2104.0,2053.0,2023.0,1955.0,1776.0,1845.0,2096.0,2257.0,2227.0,2187.0,2112.0,2072.0,2028.0,1980.0,1792.0,1887.0,2114.0,2265.0,2245.0,2192.0,2124.0,2075.0,2048.0,1980.0,1798.0,1856.0,2102.0,2248.0,2232.0,2186.0,2107.0,2066.0,2026.0,1974.0
2194.0,2128.0,2080.0,2043.0,1986.0,1796.0,1886.0,2110.0,2257.0,2248.0,2205.0,2136.0,2097.0,2053.0,1995.0,1812.0,1875.0,2116.0,2265.0,2249.0,2202.0,2136.0,2089.0,2052.0,1988.0,1800.0,1869.0,2108.0,2265.0,2240.0,2196.0,2120.0,2081.0,2042.0,1985.0,1803.0,2171.0,2164.0,2128.0,2211.0,2218.0,2163.0,2124.0,2076.0,2010.0,1808.0,1870.0,2107.0,2270.0,2236.0,2180.0,2104.0,2053.0,2023.0,1955.0,1776.0,1845.0,2096.0,2257.0,2227.0,2187.0,2112.0,2072.0,2028.0,1980.0,1792.0,1887.0,2114.0,2265.0,2245.0,2192.0,2124.0,2075.0,2048.0,1980.0,1798.0,1856.0,2102.0,2248.0,2232.0,2186.0,2107.0,2066.0,2026.0,1974.0,1735.0,2121.0,2186.0,2241.0,2226.0,2176.0,2104.0,2059.0,2019.0,1967.0,1778.0,1924.0,2038.0,2207.0,2268.0
1812.0,1875.0,2116.0,2265.0,2249.0,2202.0,2136.0,2089.0,2052.0,1988.0,1800.0,1869.0,2108.0,2265.0,2240.0,2196.0,2120.0,2081.0,2042.0,1985.0,1803.0,2171.0,2164.0,2128.0,2211.0,2218.0,2163.0,2124.0,2076.0,2010.0,1808.0,1870.0,2107.0,2270.0,2236.0,2180.0,2104.0,2053.0,2023.0,1955.0,1776.0,1845.0,2096.0,2257.0,2227.0,2187.0,2112.0,2072.0,2028.0,1980.0,1792.0,1887.0,2114.0,2265.0,2245.0,2192.0,2124.0,2075.0,2048.0,1980.0,1798.0,1856.0,2102.0,2248.0,2232.0,2186.0,2107.0,2066.0,2026.0,1974.0,1735.0,2121.0,2186.0,2241.0,2226.0,2176.0,2104.0,2059.0,2019.0,1967.0,1778.0,1924.0,2038.0,2207.0,2268.0,2244.0,2163.0,2105.0,2051.0,1972.0,1787.0,1840.0,2092.0,2207.0,2228.0,2176.0,2096.0,2048.0,2003.0,1954.0
2196.0,2120.0,2081.0,2042.0,1985.0,1803.0,2171.0,2164.0,2128.0,2211.0,2218.0,2163.0,2124.0,2076.0,2010.0,1808.0,1870.0,2107.0,2270.0,2236.0,2180.0,2104.0,2053.0,2023.0,1955.0,1776.0,1845.0,2096.0,2257.0,2227.0,2187.0,2112.0,2072.0,2028.0,1980.0,1792.0,1887.0,2114.0,2265.0,2245.0,2192.0,2124.0,2075.0,2048.0,1980.0,1798.0,1856.0,2102.0,2248.0,2232.0,2186.0,2107.0,2066.0,2026.0,1974.0,1735.0,2121.0,2186.0,2241.0,2226.0,2176.0,2104.0,2059.0,2019.0,1967.0,1778.0,1924.0,2038.0,2207.0,2268.0,2244.0,2163.0,2105.0,2051.0,1972.0,1787.0,1840.0,2092.0,2207.0,2228.0,2176.0,2096.0,2048.0,2003.0,1954.0,1772.0,1847.0,2096.0,2219.0,2244.0,2197.0,2112.0,2068.0,2029.0,1969.0,1793.0,1876.0,2116.0,2230.0,2262.0
1808.0,1870.0,2107.0,2270.0,2236.0,2180.0,2104.0,2053.0,2023.0,1955.0,1776.0,1845.0,2096.0,2257.0,2227.0,2187.0,2112.0,2072.0,2028.0,1980.0,1792.0,1887.0,2114.0,2265.0,2245.0,2192.0,2124.0,2075.0,2048.0,1980.0,1798.0,1856.0,2102.0,2248.0,2232.0,2186.0,2107.0,2066.0,2026.0,1974.0,1735.0,2121.0,2186.0,2241.0,2226.0,2176.0,2104.0,2059.0,2019.0,1967.0,1778.0,1924.0,2038.0,2207.0,2268.0,2244.0,2163.0,2105.0,2051.0,1972.0,1787.0,1840.0,2092.0,2207.0,2228.0,2176.0,2096.0,2048.0,2003.0,1954.0,1772.0,1847.0,2096.0,2219.0,2244.0,2197.0,2112.0,2068.0,2029.0,1969.0,1793.0,1876.0,2116.0,2230.0,2262.0,2205.0,2118.0,2074.0,2028.0,1972.0,1792.0,2104.0,2159.0,2204.0,2223.0,2170.0,2099.0,2062.0,2025.0,1966.0
2187.0,2112.0,2072.0,2028.0,1980.0,1792.0,1887.0,2114.0,2265.0,2245.0,2192.0,2124.0,2075.0,2048.0,1980.0,1798.0,1856.0,2102.0,2248.0,2232.0,2186.0,2107.0,2066.0,2026.0,1974.0,1735.0,2121.0,2186.0,2241.0,2226.0,2176.0,2104.0,2059.0,2019.0,1967.0,1778.0,1924.0,2038.0,2207.0,2268.0,2244.0,2163.0,2105.0,2051.0,1972.0,1787.0,1840.0,2092.0,2207.0,2228.0,2176.0,2096.0,2048.0,2003.0,1954.0,1772.0,1847.0,2096.0,2219.0,2244.0,2197.0,2112.0,2068.0,2029.0,1969.0,1793.0,1876.0,2116.0,2230.0,2262.0,2205.0,2118.0,2074.0,2028.0,1972.0,1792.0,2104.0,2159.0,2204.0,2223.0,2170.0,2099.0,2062.0,2025.0,1966.0,1795.0,1861.0,2108.0,2234.0,2264.0,2200.0,2112.0,2064.0,2017.0,1977.0,1786.0,1920.0,2036.0,2177.0,2293.0
1798.0,1856.0,2102.0,2248.0,2232.0,2186.0,2107.0,2066.0,2026.0,1974.0,1735.0,2121.0,2186.0,2241.0,2226.0,2176.0,2104.0,2059.0,2019.0,1967.0,1778.0,1924.0,2038.0,2207.0,2268.0,2244.0,2163.0,2105.0,2051.0,1972.0,1787.0,1840.0,2092.0,2207.0,2228.0,2176.0,2096.0,2048.0,2003.0,1954.0,1772.0,1847.0,2096.0,2219.0,2244.0,2197.0,2112.0,2068.0,2029.0,1969.0,1793.0,1876.0,2116.0,2230.0,2262.0,2205.0,2118.0,2074.0,2028.0,1972.0,1792.0,2104.0,2159.0,2204.0,2223.0,2170.0,2099.0,2062.0,2025.0,1966.0,1795.0,1861.0,2108.0,2234.0,2264.0,2200.0,2112.0,2064.0,2017.0,1977.0,1786.0,1920.0,2036.0,2177.0,2293.0,2259.0,2176.0,2111.0,2060.0,1984.0,1799.0,1858.0,2096.0,2217.0,2243.0,2186.0,2098.0,2052.0,2009.0,1953.0
2176.0,2104.0,2059.0,2019.0,1967.0,1778.0,1924.0,2038.0,2207.0,2268.0,2244.0,2163.0,2105.0,2051.0,1972.0,1787.0,1840.0,2092.0,2207.0,2228.0,2176.0,2096.0,2048.0,2003.0,1954.0,1772.0,1847.0,2096.0,2219.0,2244.0,2197.0,2112.0,2068.0,2029.0,1969.0,1793.0,1876.0,2116.0,2230.0,2262.0,2205.0,2118.0,2074.0,2028.0,1972.0,1792.0,2104.0,2159.0,2204.0,2223.0,2170.0,2099.0,2062.0,2025.0,1966.0,1795.0,1861.0,2108.0,2234.0,2264.0,2200.0,2112.0,2064.0,2017.0,1977.0,1786.0,1920.0,2036.0,2177.0,2293.0,2259.0,2176.0,2111.0,2060.0,1984.0,1799.0,1858.0,2096.0,2217.0,2243.0,2186.0,2098.0,2052.0,2009.0,1953.0,1766.0,1834.0,2084.0,2204.0,2247.0,2187.0,2102.0,2048.0,2009.0,1954.0,1774.0,2100.0,2128.0,2176.0,2193.0
1787.0,1840.0,2092.0,2207.0,2228.0,2176.0,2096.0,2048.0,2003.0,1954.0,1772.0,1847.0,2096.0,2219.0,2244.0,2197.0,2112.0,2068.0,2029.0,1969.0,1793.0,1876.0,2116.0,2230.0,2262.0,2205.0,2118.0,2074.0,2028.0,1972.0,1792.0,2104.0,2159.0,2204.0,2223.0,2170.0,2099.0,2062.0,2025.0,1966.0,1795.0,1861.0,2108.0,2234.0,2264.0,2200.0,2112.0,2064.0,2017.0,1977.0,1786.0,1920.0,2036.0,2177.0,2293.0,2259.0,2176.0,2111.0,2060.0,1984.0,1799.0,1858.0,2096.0,2217.0,2243.0,2186.0,2098.0,2052.0,2009.0,1953.0,1766.0,1834.0,2084.0,2204.0,2247.0,2187.0,2102.0,2048.0,2009.0,1954.0,1774.0,2100.0,2128.0,2176.0,2193.0,2157.0,2084.0,2049.0,2013.0,1959.0,1784.0,1852.0,2115.0,2229.0,2250.0,2211.0,2128.0,2072.0,2025.0,1968.0
2197.0,2112.0,2068.0,2029.0,1969.0,1793.0,1876.0,2116.0,2230.0,2262.0,2205.0,2118.0,2074.0,2028.0,1972.0,1792.0,2104.0,2159.0,2204.0,2223.0,2170.0,2099.0,2062.0,2025.0,1966.0,1795.0,1861.0,2108.0,2234.0,2264.0,2200.0,2112.0,2064.0,2017.0,1977.0,1786.0,1920.0,2036.0,2177.0,2293.0,2259.0,2176.0,2111.0,2060.0,1984.0,1799.0,1858.0,2096.0,2217.0,2243.0,2186.0,2098.0,2052.0,2009.0,1953.0,1766.0,1834.0,2084.0,2204.0,2247.0,2187.0,2102.0,2048.0,2009.0,1954.0,1774.0,2100.0,2128.0,2176.0,2193.0,2157.0,2084.0,2049.0,2013.0,1959.0,1784.0,1852.0,2115.0,2229.0,2250.0,2211.0,2128.0,2072.0,2025.0,1968.0,1792.0,1860.0,2110.0,2236.0,2233.0,2224.0,2122.0,2064.0,2021.0,1956.0,1787.0,1911.0,2031.0,2162.0,2250.0
1792.0,2104.0,2159.0,2204.0,2223.0,2170.0,2099.0,2062.0,2025.0,1966.0,1795.0,1861.0,2108.0,2234.0,2264.0,2200.0,2112.0,2064.0,2017.0,1977.0,1786.0,1920.0,2036.0,2177.0,2293.0,2259.0,2176.0,2111.0,2060.0,1984.0,1799.0,1858.0,2096.0,2217.0,2243.0,2186.0,2098.0,2052.0,2009.0,1953.0,1766.0,1834.0,2084.0,2204.0,2247.0,2187.0,2102.0,2048.0,2009.0,1954.0,1774.0,2100.0,2128.0,2176.0,2193.0,2157.0,2084.0,2049.0,2013.0,1959.0,1784.0,1852.0,2115.0,2229.0,2250.0,2211.0,2128.0,2072.0,2025.0,1968.0,1792.0,1860.0,2110.0,2236.0,2233.0,2224.0,2122.0,2064.0,2021.0,1956.0,1787.0,1911.0,2031.0,2162.0,2250.0,2264.0,2173.0,2105.0,2048.0,1964.0,1776.0,1778.0,2074.0,2196.0,2197.0,2195.0,2098.0,2044.0,2002.0,1948.0
2200.0,2112.0,2064.0,2017.0,1977.0,1786.0,1920.0,2036.0,2177.0,2293.0,2259.0,2176.0,2111.0,2060.0,1984.0,1799.0,1858.0,2096.0,2217.0,2243.0,2186.0,2098.0,2052.0,2009.0,1953.0,1766.0,1834.0,2084.0,2204.0,2247.0,2187.0,2102.0,2048.0,2009.0,1954.0,1774.0,2100.0,2128.0,2176.0,2193.0,2157.0,2084.0,2049.0,2013.0,1959.0,1784.0,1852.0,2115.0,2229.0,2250.0,2211.0,2128.0,2072.0,2025.0,1968.0,1792.0,1860.0,2110.0,2236.0,2233.0,2224.0,2122.0,2064.0,2021.0,1956.0,1787.0,1911.0,2031.0,2162.0,2250.0,2264.0,2173.0,2105.0,2048.0,1964.0,1776.0,1778.0,2074.0,2196.0,2197.0,2195.0,2098.0,2044.0,2002.0,1948.0,1721.0,2102.0,2172.0,2217.0,2208.0,2208.0,2112.0,2062.0,1957.0,1938.0,1797.0,1900.0,2132.0,2254.0,2260.0
1799.0,1858.0,2096.0,2217.0,2243.0,2186.0,2098.0,2052.0,2009.0,1953.0,1766.0,1834.0,2084.0,2204.0,2247.0,2187.0,2102.0,2048.0,2009.0,1954.0,1774.0,2100.0,2128.0,2176.0,2193.0,2157.0,2084.0,2049.0,2013.0,1959.0,1784.0,1852.0,2115.0,2229.0,2250.0,2211.0,2128.0,2072.0,2025.0,1968.0,1792.0,1860.0,2110.0,2236.0,2233.0,2224.0,2122.0,2064.0,2021.0,1956.0,1787.0,1911.0,2031.0,2162.0,2250.0,2264.0,2173.0,2105.0,2048.0,1964.0,1776.0,1778.0,2074.0,2196.0,2197.0,2195.0,2098.0,2044.0,2002.0,1948.0,1721.0,2102.0,2172.0,2217.0,2208.0,2208.0,2112.0,2062.0,1957.0,1938.0,1797.0,1900.0,2132.0,2254.0,2260.0,2248.0,2144.0,2072.0,2032.0,1970.0,1804.0,1856.0,2108.0,2240.0,2239.0,2243.0,2141.0,2082.0,2028.0,1966.0
2187.0,2102.0,2048.0,2009.0,1954.0,1774.0,2100.0,2128.0,2176.0,2193.0,2157.0,2084.0,2049.0,2013.0,1959.0,1784.0,1852.0,2115.0,2229.0,2250.0,2211.0,2128.0,2072.0,2025.0,1968.0,1792.0,1860.0,2110.0,2236.0,2233.0,2224.0,2122.0,2064.0,2021.0,1956.0,1787.0,1911.0,2031.0,2162.0,2250.0,2264.0,2173.0,2105.0,2048.0,1964.0,1776.0,1778.0,2074.0,2196.0,2197.0,2195.0,2098.0,2044.0,2002.0,1948.0,1721.0,2102.0,2172.0,2217.0,2208.0,2208.0,2112.0,2062.0,1957.0,1938.0,1797.0,1900.0,2132.0,2254.0,2260.0,2248.0,2144.0,2072.0,2032.0,1970.0,1804.0,1856.0,2108.0,2240.0,2239.0,2243.0,2141.0,2082.0,2028.0,1966.0,1792.0,1844.0,2099.0,2222.0,2229.0,2232.0,2137.0,2073.0,2029.0,1964.0,1794.0,1875.0,2031.0,2176.0,2260.0
1784.0,1852.0,2115.0,2229.0,2250.0,2211.0,2128.0,2072.0,2025.0,1968.0,1792.0,1860.0,2110.0,2236.0,2233.0,2224.0,2122.0,2064.0,2021.0,1956.0,1787.0,1911.0,2031.0,2162.0,2250.0,2264.0,2173.0,2105.0,2048.0,1964.0,1776.0,1778.0,2074.0,2196.0,2197.0,2195.0,2098.0,2044.0,2002.0,1948.0,1721.0,2102.0,2172.0,2217.0,2208.0,2208.0,2112.0,2062.0,1957.0,1938.0,1797.0,1900.0,2132.0,2254.0,2260.0,2248.0,2144.0,2072.0,2032.0,1970.0,1804.0,1856.0,2108.0,2240.0,2239.0,2243.0,2141.0,2082.0,2028.0,1966.0,1792.0,1844.0,2099.0,2222.0,2229.0,2232.0,2137.0,2073.0,2029.0,1964.0,1794.0,1875.0,2031.0,2176.0,2260.0,2297.0,2204.0,2132.0,2060.0,1981.0,1801.0,2089.0,2140.0,2175.0,2173.0,2169.0,2104.0,2048.0,2000.0,1944.0
2224.0,2122.0,2064.0,2021.0,1956.0,1787.0,1911.0,2031.0,2162.0,2250.0,2264.0,2173.0,2105.0,2048.0,1964.0,1776.0,1778.0,2074.0,2196.0,2197.0,2195.0,2098.0,2044.0,2002.0,1948.0,1721.0,2102.0,2172.0,2217.0,2208.0,2208.0,2112.0,2062.0,1957.0,1938.0,1797.0,1900.0,2132.0,2254.0,2260.0,2248.0,2144.0,2072.0,2032.0,1970.0,1804.0,1856.0,2108.0,2240.0,2239.0,2243.0,2141.0,2082.0,2028.0,1966.0,1792.0,1844.0,2099.0,2222.0,2229.0,2232.0,2137.0,2073.0,2029.0,1964.0,1794.0,1875.0,2031.0,2176.0,2260.0,2297.0,2204.0,2132.0,2060.0,1981.0,1801.0,2089.0,2140.0,2175.0,2173.0,2169.0,2104.0,2048.0,2000.0,1944.0,1774.0,1841.0,2094.0,2224.0,2226.0,2208.0,2136.0,2068.0,2018.0,1948.0,1785.0,1869.0,2112.0,2216.0,2222.0
1776.0,1778.0,2074.0,2196.0,2197.0,2195.0,2098.0,2044.0,2002.0,1948.0,1721.0,2102.0,2172.0,2217.0,2208.0,2208.0,2112.0,2062.0,1957.0,1938.0,1797.0,1900.0,2132.0,2254.0,2260.0,2248.0,2144.0,2072.0,2032.0,1970.0,1804.0,1856.0,2108.0,2240.0,2239.0,2243.0,2141.0,2082.0,2028.0,1966.0,1792.0,1844.0,2099.0,2222.0,2229.0,2232.0,2137.0,2073.0,2029.0,1964.0,1794.0,1875.0,2031.0,2176.0,2260.0,2297.0,2204.0,2132.0,2060.0,1981.0,1801.0,2089.0,2140.0,2175.0,2173.0,2169.0,2104.0,2048.0,2000.0,1944.0,1774.0,1841.0,2094.0,2224.0,2226.0,2208.0,2136.0,2068.0,2018.0,1948.0,1785.0,1869.0,2112.0,2216.0,2222.0,2200.0,2137.0,2068.0,2015.0,1950.0,1774.0,1841.0,2100.0,2230.0,2234.0,2196.0,2145.0,2071.0,2016.0,1943.0
2208.0,2112.0,2062.0,1957.0,1938.0,1797.0,1900.0,2132.0,2254.0,2260.0,2248.0,2144.0,2072.0,2032.0,1970.0,1804.0,1856.0,2108.0,2240.0,2239.0,2243.0,2141.0,2082.0,2028.0,1966.0,1792.0,1844.0,2099.0,2222.0,2229.0,2232.0,2137.0,2073.0,2029.0,1964.0,1794.0,1875.0,2031.0,2176.0,2260.0,2297.0,2204.0,2132.0,2060.0,1981.0,1801.0,2089.0,2140.0,2175.0,2173.0,2169.0,2104.0,2048.0,2000.0,1944.0,1774.0,1841.0,2094.0,2224.0,2226.0,2208.0,2136.0,2068.0,2018.0,1948.0,1785.0,1869.0,2112.0,2216.0,2222.0,2200.0,2137.0,2068.0,2015.0,1950.0,1774.0,1841.0,2100.0,2230.0,2234.0,2196.0,2145.0,2071.0,2016.0,1943.0,1768.0,1834.0,2090.0,2208.0,2208.0,2182.0,2129.0,2064.0,1999.0,1936.0,1759.0,2133.0,2128.0,2068.0,2172.0
1804.0,1856.0,2108.0,2240.0,2239.0,2243.0,2141.0,2082.0,2028.0,1966.0,1792.0,1844.0,2099.0,2222.0,2229.0,2232.0,2137.0,2073.0,2029.0,1964.0,1794.0,1875.0,2031.0,2176.0,2260.0,2297.0,2204.0,2132.0,2060.0,1981.0,1801.0,2089.0,2140.0,2175.0,2173.0,2169.0,2104.0,2048.0,2000.0,1944.0,1774.0,1841.0,2094.0,2224.0,2226.0,2208.0,2136.0,2068.0,2018.0,1948.0,1785.0,1869.0,2112.0,2216.0,2222.0,2200.0,2137.0,2068.0,2015.0,1950.0,1774.0,1841.0,2100.0,2230.0,2234.0,2196.0,2145.0,2071.0,2016.0,1943.0,1768.0,1834.0,2090.0,2208.0,2208.0,2182.0,2129.0,2064.0,1999.0,1936.0,1759.0,2133.0,2128.0,2068.0,2172.0,2194.0,2178.0,2098.0,2040.0,1959.0,1776.0,1830.0,2080.0,2208.0,2205.0,2177.0,2132.0,2060.0,2000.0,1933.0
2232.0,2137.0,2073.0,2029.0,1964.0,1794.0,1875.0,2031.0,2176.0,2260.0,2297.0,2204.0,2132.0,2060.0,1981.0,1801.0,2089.0,2140.0,2175.0,2173.0,2169.0,2104.0,2048.0,2000.0,1944.0,1774.0,1841.0,2094.0,2224.0,2226.0,2208.0,2136.0,2068.0,2018.0,1948.0,1785.0,1869.0,2112.0,2216.0,2222.0,2200.0,2137.0,2068.0,2015.0,1950.0,1774.0,1841.0,2100.0,2230.0,2234.0,2196.0,2145.0,2071.0,2016.0,1943.0,1768.0,1834.0,2090.0,2208.0,2208.0,2182.0,2129.0,2064.0,1999.0,1936.0,1759.0,2133.0,2128.0,2068.0,2172.0,2194.0,2178.0,2098.0,2040.0,1959.0,1776.0,1830.0,2080.0,2208.0,2205.0,2177.0,2132.0,2060.0,2000.0,1933.0,1756.0,1820.0,2084.0,2211.0,2210.0,2178.0,2149.0,2067.0,2015.0,1945.0,1768.0,1855.0,2096.0,2212.0,2209.0
1801.0,2089.0,2140.0,2175.0,2173.0,2169.0,2104.0,2048.0,2000.0,1944.0,1774.0,1841.0,2094.0,2224.0,2226.0,2208.0,2136.0,2068.0,2018.0,1948.0,1785.0,1869.0,2112.0,2216.0,2222.0,2200.0,2137.0,2068.0,2015.0,1950.0,1774.0,1841.0,2100.0,2230.0,2234.0,2196.0,2145.0,2071.0,2016.0,1943.0,1768.0,1834.0,2090.0,2208.0,2208.0,2182.0,2129.0,2064.0,1999.0,1936.0,1759.0,2133.0,2128.0,2068.0,2172.0,2194.0,2178.0,2098.0,2040.0,1959.0,1776.0,1830.0,2080.0,2208.0,2205.0,2177.0,2132.0,2060.0,2000.0,1933.0,1756.0,1820.0,2084.0,2211.0,2210.0,2178.0,2149.0,2067.0,2015.0,1945.0,1768.0,1855.0,2096.0,2212.0,2209.0,2183.0,2144.0,2080.0,2028.0,1950.0,1782.0,1844.0,2112.0,2227.0,2234.0,2193.0,2162.0,2090.0,2033.0,1952.0
2208.0,2136.0,2068.0,2018.0,1948.0,1785.0,1869.0,2112.0,2216.0,2222.0,2200.0,2137.0,2068.0,2015.0,1950.0,1774.0,1841.0,2100.0,2230.0,2234.0,2196.0,2145.0,2071.0,2016.0,1943.0,1768.0,1834.0,2090.0,2208.0,2208.0,2182.0,2129.0,2064.0,1999.0,1936.0,1759.0,2133.0,2128.0,2068.0,2172.0,2194.0,2178.0,2098.0,2040.0,1959.0,1776.0,1830.0,2080.0,2208.0,2205.0,2177.0,2132.0,2060.0,2000.0,1933.0,1756.0,1820.0,2084.0,2211.0,2210.0,2178.0,2149.0,2067.0,2015.0,1945.0,1768.0,1855.0,2096.0,2212.0,2209.0,2183.0,2144.0,2080.0,2028.0,1950.0,1782.0,1844.0,2112.0,2227.0,2234.0,2193.0,2162.0,2090.0,2033.0,1952.0,1712.0,2110.0,2166.0,2213.0,2201.0,2176.0,2131.0,2068.0,2013.0,1939.0,1769.0,1905.0,2031.0,2176.0,2260.0
1774.0,1841.0,2100.0,2230.0,2234.0,2196.0,2145.0,2071.0,2016.0,1943.0,1768.0,1834.0,2090.0,2208.0,2208.0,2182.0,2129.0,2064.0,1999.0,1936.0,1759.0,2133.0,2128.0,2068.0,2172.0,2194.0,2178.0,2098.0,2040.0,1959.0,1776.0,1830.0,2080.0,2208.0,2205.0,2177.0,2132.0,2060.0,2000.0,1933.0,1756.0,1820.0,2084.0,2211.0,2210.0,2178.0,2149.0,2067.0,2015.0,1945.0,1768.0,1855.0,2096.0,2212.0,2209.0,2183.0,2144.0,2080.0,2028.0,1950.0,1782.0,1844.0,2112.0,2227.0,2234.0,2193.0,2162.0,2090.0,2033.0,1952.0,1712.0,2110.0,2166.0,2213.0,2201.0,2176.0,2131.0,2068.0,2013.0,1939.0,1769.0,1905.0,2031.0,2176.0,2260.0,2252.0,2196.0,2134.0,2060.0,1974.0,1784.0,1839.0,2107.0,2214.0,2212.0,2170.0,2116.0,2077.0,2022.0,1944.0
2182.0,2129.0,2064.0,1999.0,1936.0,1759.0,2133.0,2128.0,2068.0,2172.0,2194.0,2178.0,2098.0,2040.0,1959.0,1776.0,1830.0,2080.0,2208.0,2205.0,2177.0,2132.0,2060.0,2000.0,1933.0,1756.0,1820.0,2084.0,2211.0,2210.0,2178.0,2149.0,2067.0,2015.0,1945.0,1768.0,1855.0,2096.0,2212.0,2209.0,2183.0,2144.0,2080.0,2028.0,1950.0,1782.0,1844.0,2112.0,2227.0,2234.0,2193.0,2162.0,2090.0,2033.0,1952.0,1712.0,2110.0,2166.0,2213.0,2201.0,2176.0,2131.0,2068.0,2013.0,1939.0,1769.0,1905.0,2031.0,2176.0,2260.0,2252.0,2196.0,2134.0,2060.0,1974.0,1784.0,1839.0,2107.0,2214.0,2212.0,2170.0,2116.0,2077.0,2022.0,1944.0,1772.0,1836.0,2109.0,2216.0,2216.0,2184.0,2113.0,2092.0,2027.0,1955.0,1776.0,1863.0,2113.0,2228.0,2232.0
1776.0,1830.0,2080.0,2208.0,2205.0,2177.0,2132.0,2060.0,2000.0,1933.0,1756.0,1820.0,2084.0,2211.0,2210.0,2178.0,2149.0,2067.0,2015.0,1945.0,1768.0,1855.0,2096.0,2212.0,2209.0,2183.0,2144.0,2080.0,2028.0,1950.0,1782.0,1844.0,2112.0,2227.0,2234.0,2193.0,2162.0,2090.0,2033.0,1952.0,1712.0,2110.0,2166.0,2213.0,2201.0,2176.0,2131.0,2068.0,2013.0,1939.0,1769.0,1905.0,2031.0,2176.0,2260.0,2252.0,2196.0,2134.0,2060.0,1974.0,1784.0,1839.0,2107.0,2214.0,2212.0,2170.0,2116.0,2077.0,2022.0,1944.0,1772.0,1836.0,2109.0,2216.0,2216.0,2184.0,2113.0,2092.0,2027.0,1955.0,1776.0,1863.0,2113.0,2228.0,2232.0,2198.0,2144.0,2113.0,2052.0,1972.0,1805.0,2118.0,2161.0,2208.0,2200.0,2184.0,2124.0,2114.0,2060.0,1995.0
2178.0,2149.0,2067.0,2015.0,1945.0,1768.0,1855.0,2096.0,2212.0,2209.0,2183.0,2144.0,2080.0,2028.0,1950.0,1782.0,1844.0,2112.0,2227.0,2234.0,2193.0,2162.0,2090.0,2033.0,1952.0,1712.0,2110.0,2166.0,2213.0,2201.0,2176.0,2131.0,2068.0,2013.0,1939.0,1769.0,1905.0,2031.0,2176.0,2260.0,2252.0,2196.0,2134.0,2060.0,1974.0,1784.0,1839.0,2107.0,2214.0,2212.0,2170.0,2116.0,2077.0,2022.0,1944.0,1772.0,1836.0,2109.0,2216.0,2216.0,2184.0,2113.0,2092.0,2027.0,1955.0,1776.0,1863.0,2113.0,2228.0,2232.0,2198.0,2144.0,2113.0,2052.0,1972.0,1805.0,2118.0,2161.0,2208.0,2200.0,2184.0,2124.0,2114.0,2060.0,1995.0,1812.0,1874.0,2149.0,2262.0,2267.0,2226.0,2162.0,2140.0,2080.0,1997.0,1826.0,1965.0,2084.0,2216.0,2280.0
1782.0,1844.0,2112.0,2227.0,2234.0,2193.0,2162.0,2090.0,2033.0,1952.0,1712.0,2110.0,2166.0,2213.0,2201.0,2176.0,2131.0,2068.0,2013.0,1939.0,1769.0,1905.0,2031.0,2176.0,2260.0,2252.0,2196.0,2134.0,2060.0,1974.0,1784.0,1839.0,2107.0,2214.0,2212.0,2170.0,2116.0,2077.0,2022.0,1944.0,1772.0,1836.0,2109.0,2216.0,2216.0,2184.0,2113.0,2092.0,2027.0,1955.0,1776.0,1863.0,2113.0,2228.0,2232.0,2198.0,2144.0,2113.0,2052.0,1972.0,1805.0,2118.0,2161.0,2208.0,2200.0,2184.0,2124.0,2114.0,2060.0,1995.0,1812.0,1874.0,2149.0,2262.0,2267.0,2226.0,2162.0,2140.0,2080.0,1997.0,1826.0,1965.0,2084.0,2216.0,2280.0,2280.0,2204.0,2180.0,2090.0,1986.0,1803.0,1852.0,2123.0,2216.0,2209.0,2171.0,2108.0,2092.0,2030.0,1938.0
2176.0,2131.0,2068.0,2013.0,1939.0,1769.0,1905.0,2031.0,2176.0,2260.0,2252.0,2196.0,2134.0,2060.0,1974.0,1784.0,1839.0,2107.0,2214.0,2212.0,2170.0,2116.0,2077.0,2022.0,1944.0,1772.0,1836.0,2109.0,2216.0,2216.0,2184.0,2113.0,2092.0,2027.0,1955.0,1776.0,1863.0,2113.0,2228.0,2232.0,2198.0,2144.0,2113.0,2052.0,1972.0,1805.0,2118.0,2161.0,2208.0,2200.0,2184.0,2124.0,2114.0,2060.0,1995.0,1812.0,1874.0,2149.0,2262.0,2267.0,2226.0,2162.0,2140.0,2080.0,1997.0,1826.0,1965.0,2084.0,2216.0,2280.0,2280.0,2204.0,2180.0,2090.0,1986.0,1803.0,1852.0,2123.0,2216.0,2209.0,2171.0,2108.0,2092.0,2030.0,1938.0,1768.0,1828.0,2096.0,2216.0,2208.0,2176.0,2104.0,2080.0,2019.0,1931.0,1757.0,2077.0,2133.0,2160.0,2159.0
1784.0,1839.0,2107.0,2214.0,2212.0,2170.0,2116.0,2077.0,2022.0,1944.0,1772.0,1836.0,2109.0,2216.0,2216.0,2184.0,2113.0,2092.0,2027.0,1955.0,1776.0,1863.0,2113.0,2228.0,2232.0,2198.0,2144.0,2113.0,2052.0,1972.0,1805.0,2118.0,2161.0,2208.0,2200.0,2184.0,2124.0,2114.0,2060.0,1995.0,1812.0,1874.0,2149.0,2262.0,2267.0,2226.0,2162.0,2140.0,2080.0,1997.0,1826.0,1965.0,2084.0,2216.0,2280.0,2280.0,2204.0,2180.0,2090.0,1986.0,1803.0,1852.0,2123.0,2216.0,2209.0,2171.0,2108.0,2092.0,2030.0,1938.0,1768.0,1828.0,2096.0,2216.0,2208.0,2176.0,2104.0,2080.0,2019.0,1931.0,1757.0,2077.0,2133.0,2160.0,2159.0,2132.0,2080.0,2081.0,2022.0,1936.0,1760.0,1824.0,2101.0,2218.0,2211.0,2172.0,2107.0,2091.0,2039.0,1939.0
2184.0,2113.0,2092.0,2027.0,1955.0,1776.0,1863.0,2113.0,2228.0,2232.0,2198.0,2144.0,2113.0,2052.0,1972.0,1805.0,2118.0,2161.0,2208.0,2200.0,2184.0,2124.0,2114.0,2060.0,1995.0,1812.0,1874.0,2149.0,2262.0,2267.0,2226.0,2162.0,2140.0,2080.0,1997.0,1826.0,1965.0,2084.0,2216.0,2280.0,2280.0,2204.0,2180.0,2090.0,1986.0,1803.0,1852.0,2123.0,2216.0,2209.0,2171.0,2108.0,2092.0,2030.0,1938.0,1768.0,1828.0,2096.0,2216.0,2208.0,2176.0,2104.0,2080.0,2019.0,1931.0,1757.0,2077.0,2133.0,2160.0,2159.0,2132.0,2080.0,2081.0,2022.0,1936.0,1760.0,1824.0,2101.0,2218.0,2211.0,2172.0,2107.0,2091.0,2039.0,1939.0,1774.0,1834.0,2104.0,2222.0,2230.0,2194.0,2128.0,2099.0,2053.0,1966.0,1791.0,1923.0,2036.0,2188.0,2261.0
1805.0,2118.0,2161.0,2208.0,2200.0,2184.0,2124.0,2114.0,2060.0,1995.0,1812.0,1874.0,2149.0,2262.0,2267.0,2226.0,2162.0,2140.0,2080.0,1997.0,1826.0,1965.0,2084.0,2216.0,2280.0,2280.0,2204.0,2180.0,2090.0,1986.0,1803.0,1852.0,2123.0,2216.0,2209.0,2171.0,2108.0,2092.0,2030.0,1938.0,1768.0,1828.0,2096.0,2216.0,2208.0,2176.0,2104.0,2080.0,2019.0,1931.0,1757.0,2077.0,2133.0,2160.0,2159.0,2132.0,2080.0,2081.0,2022.0,1936.0,1760.0,1824.0,2101.0,2218.0,2211.0,2172.0,2107.0,2091.0,2039.0,1939.0,1774.0,1834.0,2104.0,2222.0,2230.0,2194.0,2128.0,2099.0,2053.0,1966.0,1791.0,1923.0,2036.0,2188.0,2261.0,2253.0,2192.0,2128.0,2101.0,1988.0,1801.0,1844.0,2096.0,2216.0,2200.0,2167.0,2100.0,2056.0,2040.0,1948.0
2226.0,2162.0,2140.0,2080.0,1997.0,1826.0,1965.0,2084.0,2216.0,2280.0,2280.0,2204.0,2180.0,2090.0,1986.0,1803.0,1852.0,2123.0,2216.0,2209.0,2171.0,2108.0,2092.0,2030.0,1938.0,1768.0,1828.0,2096.0,2216.0,2208.0,2176.0,2104.0,2080.0,2019.0,1931.0,1757.0,2077.0,2133.0,2160.0,2159.0,2132.0,2080.0,2081.0,2022.0,1936.0,1760.0,1824.0,2101.0,2218.0,2211.0,2172.0,2107.0,2091.0,2039.0,1939.0,1774.0,1834.0,2104.0,2222.0,2230.0,2194.0,2128.0,2099.0,2053.0,1966.0,1791.0,1923.0,2036.0,2188.0,2261.0,2253.0,2192.0,2128.0,2101.0,1988.0,1801.0,1844.0,2096.0,2216.0,2200.0,2167.0,2100.0,2056.0,2040.0,1948.0,1706.0,2083.0,2158.0,2210.0,2204.0,2170.0,2110.0,2060.0,2054.0,1954.0,1778.0,1856.0,2105.0,2224.0,2212.0
1803.0,1852.0,2123.0,2216.0,2209.0,2171.0,2108.0,2092.0,2030.0,1938.0,1768.0,1828.0,2096.0,2216.0,2208.0,2176.0,2104.0,2080.0,2019.0,1931.0,1757.0,2077.0,2133.0,2160.0,2159.0,2132.0,2080.0,2081.0,2022.0,1936.0,1760.0,1824.0,2101.0,2218.0,2211.0,2172.0,2107.0,2091.0,2039.0,1939.0,1774.0,1834.0,2104.0,2222.0,2230.0,2194.0,2128.0,2099.0,2053.0,1966.0,1791.0,1923.0,2036.0,2188.0,2261.0,2253.0,2192.0,2128.0,2101.0,1988.0,1801.0,1844.0,2096.0,2216.0,2200.0,2167.0,2100.0,2056.0,2040.0,1948.0,1706.0,2083.0,2158.0,2210.0,2204.0,2170.0,2110.0,2060.0,2054.0,1954.0,1778.0,1856.0,2105.0,2224.0,2212.0,2180.0,2108.0,2072.0,2058.0,1966.0,1783.0,1837.0,2105.0,2225.0,2220.0,2188.0,2123.0,2080.0,2071.0,1972.0
2176.0,2104.0,2080.0,2019.0,1931.0,1757.0,2077.0,2133.0,2160.0,2159.0,2132.0,2080.0,2081.0,2022.0,1936.0,1760.0,1824.0,2101.0,2218.0,2211.0,2172.0,2107.0,2091.0,2039.0,1939.0,1774.0,1834.0,2104.0,2222.0,2230.0,2194.0,2128.0,2099.0,2053.0,1966.0,1791.0,1923.0,2036.0,2188.0,2261.0,2253.0,2192.0,2128.0,2101.0,1988.0,1801.0,1844.0,2096.0,2216.0,2200.0,2167.0,2100.0,2056.0,2040.0,1948.0,1706.0,2083.0,2158.0,2210.0,2204.0,2170.0,2110.0,2060.0,2054.0,1954.0,1778.0,1856.0,2105.0,2224.0,2212.0,2180.0,2108.0,2072.0,2058.0,1966.0,1783.0,1837.0,2105.0,2225.0,2220.0,2188.0,2123.0,2080.0,2071.0,1972.0,1787.0,1850.0,2116.0,2240.0,2228.0,2197.0,2128.0,2078.0,2076.0,1972.0,1795.0,1911.0,2017.0,2180.0,2262.0
1760.0,1824.0,2101.0,2218.0,2211.0,2172.0,2107.0,2091.0,2039.0,1939.0,1774.0,1834.0,2104.0,2222.0,2230.0,2194.0,2128.0,2099.0,2053.0,1966.0,1791.0,1923.0,2036.0,2188.0,2261.0,2253.0,2192.0,2128.0,2101.0,1988.0,1801.0,1844.0,2096.0,2216.0,2200.0,2167.0,2100.0,2056.0,2040.0,1948.0,1706.0,2083.0,2158.0,2210.0,2204.0,2170.0,2110.0,2060.0,2054.0,1954.0,1778.0,1856.0,2105.0,2224.0,2212.0,2180.0,2108.0,2072.0,2058.0,1966.0,1783.0,1837.0,2105.0,2225.0,2220.0,2188.0,2123.0,2080.0,2071.0,1972.0,1787.0,1850.0,2116.0,2240.0,2228.0,2197.0,2128.0,2078.0,2076.0,1972.0,1795.0,1911.0,2017.0,2180.0,2262.0,2246.0,2184.0,2120.0,2096.0,1985.0,1793.0,2071.0,2118.0,2171.0,2158.0,2131.0,2078.0,2039.0,2048.0,1952.0
2194.0,2128.0,2099.0,2053.0,1966.0,1791.0,1923.0,2036.0,2188.0,2261.0,2253.0,2192.0,2128.0,2101.0,1988.0,1801.0,1844.0,2096.0,2216.0,2200.0,2167.0,2100.0,2056.0,2040.0,1948.0,1706.0,2083.0,2158.0,2210.0,2204.0,2170.0,2110.0,2060.0,2054.0,1954.0,1778.0,1856.0,2105.0,2224.0,2212.0,2180.0,2108.0,2072.0,2058.0,1966.0,1783.0,1837.0,2105.0,2225.0,2220.0,2188.0,2123.0,2080.0,2071.0,1972.0,1787.0,1850.0,2116.0,2240.0,2228.0,2197.0,2128.0,2078.0,2076.0,1972.0,1795.0,1911.0,2017.0,2180.0,2262.0,2246.0,2184.0,2120.0,2096.0,1985.0,1793.0,2071.0,2118.0,2171.0,2158.0,2131.0,2078.0,2039.0,2048.0,1952.0,1773.0,1829.0,2096.0,2224.0,2222.0,2180.0,2110.0,2068.0,2060.0,1965.0,1779.0,1857.0,2096.0,2221.0,2216.0
1801.0,1844.0,2096.0,2216.0,2200.0,2167.0,2100.0,2056.0,2040.0,1948.0,1706.0,2083.0,2158.0,2210.0,2204.0,2170.0,2110.0,2060.0,2054.0,1954.0,1778.0,1856.0,2105.0,2224.0,2212.0,2180.0,2108.0,2072.0,2058.0,1966.0,1783.0,1837.0,2105.0,2225.0,2220.0,2188.0,2123.0,2080.0,2071.0,1972.0,1787.0,1850.0,2116.0,2240.0,2228.0,2197.0,2128.0,2078.0,2076.0,1972.0,1795.0,1911.0,2017.0,2180.0,2262.0,2246.0,2184.0,2120.0,2096.0,1985.0,1793.0,2071.0,2118.0,2171.0,2158.0,2131.0,2078.0,2039.0,2048.0,1952.0,1773.0,1829.0,2096.0,2224.0,2222.0,2180.0,2110.0,2068.0,2060.0,1965.0,1779.0,1857.0,2096.0,2221.0,2216.0,2176.0,2120.0,2069.0,2052.0,1976.0,1787.0,1833.0,2092.0,2218.0,2216.0,2184.0,2114.0,2066.0,2056.0,1978.0
2170.0,2110.0,2060.0,2054.0,1954.0,1778.0,1856.0,2105.0,2224.0,2212.0,2180.0,2108.0,2072.0,2058.0,1966.0,1783.0,1837.0,2105.0,2225.0,2220.0,2188.0,2123.0,2080.0,2071.0,1972.0,1787.0,1850.0,2116.0,2240.0,2228.0,2197.0,2128.0,2078.0,2076.0,1972.0,1795.0,1911.0,2017.0,2180.0,2262.0,2246.0,2184.0,2120.0,2096.0,1985.0,1793.0,2071.0,2118.0,2171.0,2158.0,2131.0,2078.0,2039.0,2048.0,1952.0,1773.0,1829.0,2096.0,2224.0,2222.0,2180.0,2110.0,2068.0,2060.0,1965.0,1779.0,1857.0,2096.0,2221.0,2216.0,2176.0,2120.0,2069.0,2052.0,1976.0,1787.0,1833.0,2092.0,2218.0,2216.0,2184.0,2114.0,2066.0,2056.0,1978.0,1789.0,1843.0,2105.0,2224.0,2229.0,2193.0,2132.0,2082.0,2051.0,2002.0,1808.0,2151.0,2112.0,2109.0,2208.0
1783.0,1837.0,2105.0,2225.0,2220.0,2188.0,2123.0,2080.0,2071.0,1972.0,1787.0,1850.0,2116.0,2240.0,2228.0,2197.0,2128.0,2078.0,2076.0,1972.0,1795.0,1911.0,2017.0,2180.0,2262.0,2246.0,2184.0,2120.0,2096.0,1985.0,1793.0,2071.0,2118.0,2171.0,2158.0,2131.0,2078.0,2039.0,2048.0,1952.0,1773.0,1829.0,2096.0,2224.0,2222.0,2180.0,2110.0,2068.0,2060.0,1965.0,1779.0,1857.0,2096.0,2221.0,2216.0,2176.0,2120.0,2069.0,2052.0,1976.0,1787.0,1833.0,2092.0,2218.0,2216.0,2184.0,2114.0,2066.0,2056.0,1978.0,1789.0,1843.0,2105.0,2224.0,2229.0,2193.0,2132.0,2082.0,2051.0,2002.0,1808.0,2151.0,2112.0,2109.0,2208.0,2235.0,2184.0,2140.0,2092.0,2024.0,1828.0,1867.0,2124.0,2240.0,2239.0,2196.0,2140.0,2083.0,2045.0,2004.0
2197.0,2128.0,2078.0,2076.0,1972.0,1795.0,1911.0,2017.0,2180.0,2262.0,2246.0,2184.0,2120.0,2096.0,1985.0,1793.0,2071.0,2118.0,2171.0,2158.0,2131.0,2078.0,2039.0,2048.0,1952.0,1773.0,1829.0,2096.0,2224.0,2222.0,2180.0,2110.0,2068.0,2060.0,1965.0,1779.0,1857.0,2096.0,2221.0,2216.0,2176.0,2120.0,2069.0,2052.0,1976.0,1787.0,1833.0,2092.0,2218.0,2216.0,2184.0,2114.0,2066.0,2056.0,1978.0,1789.0,1843.0,2105.0,2224.0,2229.0,2193.0,2132.0,2082.0,2051.0,2002.0,1808.0,2151.0,2112.0,2109.0,2208.0,2235.0,2184.0,2140.0,2092.0,2024.0,1828.0,1867.0,2124.0,2240.0,2239.0,2196.0,2140.0,2083.0,2045.0,2004.0,1808.0,1853.0,2116.0,2234.0,2233.0,2205.0,2138.0,2092.0,2065.0,2020.0,1830.0,1887.0,2136.0,2241.0,2246.0
1793.0,2071.0,2118.0,2171.0,2158.0,2131.0,2078.0,2039.0,2048.0,1952.0,1773.0,1829.0,2096.0,2224.0,2222.0,2180.0,2110.0,2068.0,2060.0,1965.0,1779.0,1857.0,2096.0,2221.0,2216.0,2176.0,2120.0,2069.0,2052.0,1976.0,1787.0,1833.0,2092.0,2218.0,2216.0,2184.0,2114.0,2066.0,2056.0,1978.0,1789.0,1843.0,2105.0,2224.0,2229.0,2193.0,2132.0,2082.0,2051.0,2002.0,1808.0,2151.0,2112.0,2109.0,2208.0,2235.0,2184.0,2140.0,2092.0,2024.0,1828.0,1867.0,2124.0,2240.0,2239.0,2196.0,2140.0,2083.0,2045.0,2004.0,1808.0,1853.0,2116.0,2234.0,2233.0,2205.0,2138.0,2092.0,2065.0,2020.0,1830.0,1887.0,2136.0,2241.0,2246.0,2208.0,2147.0,2104.0,2072.0,2036.0,1837.0,1878.0,2131.0,2248.0,2242.0,2213.0,2150.0,2104.0,2075.0,2029.0
2180.0,2110.0,2068.0,2060.0,1965.0,1779.0,1857.0,2096.0,2221.0,2216.0,2176.0,2120.0,2069.0,2052.0,1976.0,1787.0,1833.0,2092.0,2218.0,2216.0,2184.0,2114.0,2066.0,2056.0,1978.0,1789.0,1843.0,2105.0,2224.0,2229.0,2193.0,2132.0,2082.0,2051.0,2002.0,1808.0,2151.0,2112.0,2109.0,2208.0,2235.0,2184.0,2140.0,2092.0,2024.0,1828.0,1867.0,2124.0,2240.0,2239.0,2196.0,2140.0,2083.0,2045.0,2004.0,1808.0,1853.0,2116.0,2234.0,2233.0,2205.0,2138.0,2092.0,2065.0,2020.0,1830.0,1887.0,2136.0,2241.0,2246.0,2208.0,2147.0,2104.0,2072.0,2036.0,1837.0,1878.0,2131.0,2248.0,2242.0,2213.0,2150.0,2104.0,2075.0,2029.0,1773.0,2128.0,2196.0,2246.0,2242.0,2208.0,2141.0,2100.0,2057.0,2016.0,1837.0,1943.0,2044.0,2199.0,2272.0
1787.0,1833.0,2092.0,2218.0,2216.0,2184.0,2114.0,2066.0,2056.0,1978.0,1789.0,1843.0,2105.0,2224.0,2229.0,2193.0,2132.0,2082.0,2051.0,2002.0,1808.0,2151.0,2112.0,2109.0,2208.0,2235.0,2184.0,2140.0,2092.0,2024.0,1828.0,1867.0,2124.0,2240.0,2239.0,2196.0,2140.0,2083.0,2045.0,2004.0,1808.0,1853.0,2116.0,2234.0,2233.0,2205.0,2138.0,2092.0,2065.0,2020.0,1830.0,1887.0,2136.0,2241.0,2246.0,2208.0,2147.0,2104.0,2072.0,2036.0,1837.0,1878.0,2131.0,2248.0,2242.0,2213.0,2150.0,2104.0,2075.0,2029.0,1773.0,2128.0,2196.0,2246.0,2242.0,2208.0,2141.0,2100.0,2057.0,2016.0,1837.0,1943.0,2044.0,2199.0,2272.0,2258.0,2197.0,2130.0,2081.0,2007.0,1840.0,1882.0,2108.0,2218.0,2208.0,2182.0,2112.0,2064.0,2034.0,1968.0
2193.0,2132.0,2082.0,2051.0,2002.0,1808.0,2151.0,2112.0,2109.0,2208.0,2235.0,2184.0,2140.0,2092.0,2024.0,1828.0,1867.0,2124.0,2240.0,2239.0,2196.0,2140.0,2083.0,2045.0,2004.0,1808.0,1853.0,2116.0,2234.0,2233.0,2205.0,2138.0,2092.0,2065.0,2020.0,1830.0,1887.0,2136.0,2241.0,2246.0,2208.0,2147.0,2104.0,2072.0,2036.0,1837.0,1878.0,2131.0,2248.0,2242.0,2213.0,2150.0,2104.0,2075.0,2029.0,1773.0,2128.0,2196.0,2246.0,2242.0,2208.0,2141.0,2100.0,2057.0,2016.0,1837.0,1943.0,2044.0,2199.0,2272.0,2258.0,2197.0,2130.0,2081.0,2007.0,1840.0,1882.0,2108.0,2218.0,2208.0,2182.0,2112.0,2064.0,2034.0,1968.0,1826.0,1878.0,2120.0,2230.0,2225.0,2196.0,2135.0,2086.0,2056.0,1981.0,1833.0,1884.0,2116.0,2234.0,2225.0
1828.0,1867.0,2124.0,2240.0,2239.0,2196.0,2140.0,2083.0,2045.0,2004.0,1808.0,1853.0,2116.0,2234.0,2233.0,2205.0,2138.0,2092.0,2065.0,2020.0,1830.0,1887.0,2136.0,2241.0,2246.0,2208.0,2147.0,2104.0,2072.0,2036.0,1837.0,1878.0,2131.0,2248.0,2242.0,2213.0,2150.0,2104.0,2075.0,2029.0,1773.0,2128.0,2196.0,2246.0,2242.0,2208.0,2141.0,2100.0,2057.0,2016.0,1837.0,1943.0,2044.0,2199.0,2272.0,2258.0,2197.0,2130.0,2081.0,2007.0,1840.0,1882.0,2108.0,2218.0,2208.0,2182.0,2112.0,2064.0,2034.0,1968.0,1826.0,1878.0,2120.0,2230.0,2225.0,2196.0,2135.0,2086.0,2056.0,1981.0,1833.0,1884.0,2116.0,2234.0,2225.0,2206.0,2136.0,2093.0,2061.0,1980.0,1845.0,2108.0,2156.0,2195.0,2193.0,2176.0,2120.0,2072.0,2040.0,1963.0
2205.0,2138.0,2092.0,2065.0,2020.0,1830.0,1887.0,2136.0,2241.0,2246.0,2208.0,2147.0,2104.0,2072.0,2036.0,1837.0,1878.0,2131.0,2248.0,2242.0,2213.0,2150.0,2104.0,2075.0,2029.0,1773.0,2128.0,2196.0,2246.0,2242.0,2208.0,2141.0,2100.0,2057.0,2016.0,1837.0,1943.0,2044.0,2199.0,2272.0,2258.0,2197.0,2130.0,2081.0,2007.0,1840.0,1882.0,2108.0,2218.0,2208.0,2182.0,2112.0,2064.0,2034.0,1968.0,1826.0,1878.0,2120.0,2230.0,2225.0,2196.0,2135.0,2086.0,2056.0,1981.0,1833.0,1884.0,2116.0,2234.0,2225.0,2206.0,2136.0,2093.0,2061.0,1980.0,1845.0,2108.0,2156.0,2195.0,2193.0,2176.0,2120.0,2072.0,2040.0,1963.0,1832.0,1882.0,2123.0,2240.0,2224.0,2197.0,2122.0,2064.0,2032.0,1956.0,1830.0,1918.0,2018.0,2170.0,2236.0
1837.0,1878.0,2131.0,2248.0,2242.0,2213.0,2150.0,2104.0,2075.0,2029.0,1773.0,2128.0,2196.0,2246.0,2242.0,2208.0,2141.0,2100.0,2057.0,2016.0,1837.0,1943.0,2044.0,2199.0,2272.0,2258.0,2197.0,2130.0,2081.0,2007.0,1840.0,1882.0,2108.0,2218.0,2208.0,2182.0,2112.0,2064.0,2034.0,1968.0,1826.0,1878.0,2120.0,2230.0,2225.0,2196.0,2135.0,2086.0,2056.0,1981.0,1833.0,1884.0,2116.0,2234.0,2225.0,2206.0,2136.0,2093.0,2061.0,1980.0,1845.0,2108.0,2156.0,2195.0,2193.0,2176.0,2120.0,2072.0,2040.0,1963.0,1832.0,1882.0,2123.0,2240.0,2224.0,2197.0,2122.0,2064.0,2032.0,1956.0,1830.0,1918.0,2018.0,2170.0,2236.0,2240.0,2170.0,2105.0,2057.0,1962.0,1831.0,1873.0,2096.0,2208.0,2191.0,2162.0,2088.0,2033.0,2010.0,1920.0
2208.0,2141.0,2100.0,2057.0,2016.0,1837.0,1943.0,2044.0,2199.0,2272.0,2258.0,2197.0,2130.0,2081.0,2007.0,1840.0,1882.0,2108.0,2218.0,2208.0,2182.0,2112.0,2064.0,2034.0,1968.0,1826.0,1878.0,2120.0,2230.0,2225.0,2196.0,2135.0,2086.0,2056.0,1981.0,1833.0,1884.0,2116.0,2234.0,2225.0,2206.0,2136.0,2093.0,2061.0,1980.0,1845.0,2108.0,2156.0,2195.0,2193.0,2176.0,2120.0,2072.0,2040.0,1963.0,1832.0,1882.0,2123.0,2240.0,2224.0,2197.0,2122.0,2064.0,2032.0,1956.0,1830.0,1918.0,2018.0,2170.0,2236.0,2240.0,2170.0,2105.0,2057.0,1962.0,1831.0,1873.0,2096.0,2208.0,2191.0,2162.0,2088.0,2033.0,2010.0,1920.0,1808.0,1852.0,2100.0,2208.0,2192.0,2164.0,2100.0,2052.0,2020.0,1944.0,1818.0,2101.0,2136.0,2165.0,2160.0
1840.0,1882.0,2108.0,2218.0,2208.0,2182.0,2112.0,2064.0,2034.0,1968.0,1826.0,1878.0,2120.0,2230.0,2225.0,2196.0,2135.0,2086.0,2056.0,1981.0,1833.0,1884.0,2116.0,2234.0,2225.0,2206.0,2136.0,2093.0,2061.0,1980.0,1845.0,2108.0,2156.0,2195.0,2193.0,2176.0,2120.0,2072.0,2040.0,1963.0,1832.0,1882.0,2123.0,2240.0,2224.0,2197.0,2122.0,2064.0,2032.0,1956.0,1830.0,1918.0,2018.0,2170.0,2236.0,2240.0,2170.0,2105.0,2057.0,1962.0,1831.0,1873.0,2096.0,2208.0,2191.0,2162.0,2088.0,2033.0,2010.0,1920.0,1808.0,1852.0,2100.0,2208.0,2192.0,2164.0,2100.0,2052.0,2020.0,1944.0,1818.0,2101.0,2136.0,2165.0,2160.0,2141.0,2090.0,2045.0,2023.0,1948.0,1825.0,1887.0,2118.0,2236.0,2217.0,2186.0,2114.0,2066.0,2030.0,1959.0
2196.0,2135.0,2086.0,2056.0,1981.0,1833.0,1884.0,2116.0,2234.0,2225.0,2206.0,2136.0,2093.0,2061.0,1980.0,1845.0,2108.0,2156.0,2195.0,2193.0,2176.0,2120.0,2072.0,2040.0,1963.0,1832.0,1882.0,2123.0,2240.0,2224.0,2197.0,2122.0,2064.0,2032.0,1956.0,1830.0,1918.0,2018.0,2170.0,2236.0,2240.0,2170.0,2105.0,2057.0,1962.0,1831.0,1873.0,2096.0,2208.0,2191.0,2162.0,2088.0,2033.0,2010.0,1920.0,1808.0,1852.0,2100.0,2208.0,2192.0,2164.0,2100.0,2052.0,2020.0,1944.0,1818.0,2101.0,2136.0,2165.0,2160.0,2141.0,2090.0,2045.0,2023.0,1948.0,1825.0,1887.0,2118.0,2236.0,2217.0,2186.0,2114.0,2066.0,2030.0,1959.0,1825.0,1884.0,2112.0,2212.0,2205.0,2160.0,2112.0,2059.0,2024.0,1945.0,1792.0,1938.0,2024.0,2180.0,2178.0
1845.0,2108.0,2156.0,2195.0,2193.0,2176.0,2120.0,2072.0,2040.0,1963.0,1832.0,1882.0,2123.0,2240.0,2224.0,2197.0,2122.0,2064.0,2032.0,1956.0,1830.0,1918.0,2018.0,2170.0,2236.0,2240.0,2170.0,2105.0,2057.0,1962.0,1831.0,1873.0,2096.0,2208.0,2191.0,2162.0,2088.0,2033.0,2010.0,1920.0,1808.0,1852.0,2100.0,2208.0,2192.0,2164.0,2100.0,2052.0,2020.0,1944.0,1818.0,2101.0,2136.0,2165.0,2160.0,2141.0,2090.0,2045.0,2023.0,1948.0,1825.0,1887.0,2118.0,2236.0,2217.0,2186.0,2114.0,2066.0,2030.0,1959.0,1825.0,1884.0,2112.0,2212.0,2205.0,2160.0,2112.0,2059.0,2024.0,1945.0,1792.0,1938.0,2024.0,2180.0,2178.0,2191.0,2194.0,2156.0,2117.0,2012.0,1836.0,1906.0,2109.0,2191.0,2176.0,2132.0,2073.0,2024.0,1991.0,1913.0
2197.0,2122.0,2064.0,2032.0,1956.0,1830.0,1918.0,2018.0,2170.0,2236.0,2240.0,2170.0,2105.0,2057.0,1962.0,1831.0,1873.0,2096.0,2208.0,2191.0,2162.0,2088.0,2033.0,2010.0,1920.0,1808.0,1852.0,2100.0,2208.0,2192.0,2164.0,2100.0,2052.0,2020.0,1944.0,1818.0,2101.0,2136.0,2165.0,2160.0,2141.0,2090.0,2045.0,2023.0,1948.0,1825.0,1887.0,2118.0,2236.0,2217.0,2186.0,2114.0,2066.0,2030.0,1959.0,1825.0,1884.0,2112.0,2212.0,2205.0,2160.0,2112.0,2059.0,2024.0,1945.0,1792.0,1938.0,2024.0,2180.0,2178.0,2191.0,2194.0,2156.0,2117.0,2012.0,1836.0,1906.0,2109.0,2191.0,2176.0,2132.0,2073.0,2024.0,1991.0,1913.0,1682.0,2080.0,2139.0,2181.0,2160.0,2135.0,2072.0,2016.0,1987.0,1899.0,1750.0,1868.0,2076.0,2176.0,2168.0
1831.0,1873.0,2096.0,2208.0,2191.0,2162.0,2088.0,2033.0,2010.0,1920.0,1808.0,1852.0,2100.0,2208.0,2192.0,2164.0,2100.0,2052.0,2020.0,1944.0,1818.0,2101.0,2136.0,2165.0,2160.0,2141.0,2090.0,2045.0,2023.0,1948.0,1825.0,1887.0,2118.0,2236.0,2217.0,2186.0,2114.0,2066.0,2030.0,1959.0,1825.0,1884.0,2112.0,2212.0,2205.0,2160.0,2112.0,2059.0,2024.0,1945.0,1792.0,1938.0,2024.0,2180.0,2178.0,2191.0,2194.0,2156.0,2117.0,2012.0,1836.0,1906.0,2109.0,2191.0,2176.0,2132.0,2073.0,2024.0,1991.0,1913.0,1682.0,2080.0,2139.0,2181.0,2160.0,2135.0,2072.0,2016.0,1987.0,1899.0,1750.0,1868.0,2076.0,2176.0,2168.0,2135.0,2072.0,2026.0,1996.0,1916.0,1766.0,1880.0,2106.0,2213.0,2189.0,2149.0,2089.0,2040.0,2018.0,1935.0
2164.0,2100.0,2052.0,2020.0,1944.0,1818.0,2101.0,2136.0,2165.0,2160.0,2141.0,2090.0,2045.0,2023.0,1948.0,1825.0,1887.0,2118.0,2236.0,2217.0,2186.0,2114.0,2066.0,2030.0,1959.0,1825.0,1884.0,2112.0,2212.0,2205.0,2160.0,2112.0,2059.0,2024.0,1945.0,1792.0,1938.0,2024.0,2180.0,2178.0,2191.0,2194.0,2156.0,2117.0,2012.0,1836.0,1906.0,2109.0,2191.0,2176.0,2132.0,2073.0,2024.0,1991.0,1913.0,1682.0,2080.0,2139.0,2181.0,2160.0,2135.0,2072.0,2016.0,1987.0,1899.0,1750.0,1868.0,2076.0,2176.0,2168.0,2135.0,2072.0,2026.0,1996.0,1916.0,1766.0,1880.0,2106.0,2213.0,2189.0,2149.0,2089.0,2040.0,2018.0,1935.0,1792.0,1896.0,2120.0,2211.0,2193.0,2157.0,2101.0,2052.0,2018.0,1942.0,1792.0,1980.0,2048.0,2168.0,2237.0
1825.0,1887.0,2118.0,2236.0,2217.0,2186.0,2114.0,2066.0,2030.0,1959.0,1825.0,1884.0,2112.0,2212.0,2205.0,2160.0,2112.0,2059.0,2024.0,1945.0,1792.0,1938.0,2024.0,2180.0,2178.0,2191.0,2194.0,2156.0,2117.0,2012.0,1836.0,1906.0,2109.0,2191.0,2176.0,2132.0,2073.0,2024.0,1991.0,1913.0,1682.0,2080.0,2139.0,2181.0,2160.0,2135.0,2072.0,2016.0,1987.0,1899.0,1750.0,1868.0,2076.0,2176.0,2168.0,2135.0,2072.0,2026.0,1996.0,1916.0,1766.0,1880.0,2106.0,2213.0,2189.0,2149.0,2089.0,2040.0,2018.0,1935.0,1792.0,1896.0,2120.0,2211.0,2193.0,2157.0,2101.0,2052.0,2018.0,1942.0,1792.0,1980.0,2048.0,2168.0,2237.0,2224.0,2171.0,2109.0,2064.0,1963.0,1803.0,2142.0,2160.0,2178.0,2152.0,2128.0,2072.0,2041.0,2020.0,1952.0
2160.0,2112.0,2059.0,2024.0,1945.0,1792.0,1938.0,2024.0,2180.0,2178.0,2191.0,2194.0,2156.0,2117.0,2012.0,1836.0,1906.0,2109.0,2191.0,2176.0,2132.0,2073.0,2024.0,1991.0,1913.0,1682.0,2080.0,2139.0,2181.0,2160.0,2135.0,2072.0,2016.0,1987.0,1899.0,1750.0,1868.0,2076.0,2176.0,2168.0,2135.0,2072.0,2026.0,1996.0,1916.0,1766.0,1880.0,2106.0,2213.0,2189.0,2149.0,2089.0,2040.0,2018.0,1935.0,1792.0,1896.0,2120.0,2211.0,2193.0,2157.0,2101.0,2052.0,2018.0,1942.0,1792.0,1980.0,2048.0,2168.0,2237.0,2224.0,2171.0,2109.0,2064.0,1963.0,1803.0,2142.0,2160.0,2178.0,2152.0,2128.0,2072.0,2041.0,2020.0,1952.0,1798.0,1877.0,2157.0,2245.0,2218.0,2173.0,2117.0,2067.0,2045.0,1953.0,1794.0,1876.0,2144.0,2232.0,2208.0
1836.0,1906.0,2109.0,2191.0,2176.0,2132.0,2073.0,2024.0,1991.0,1913.0,1682.0,2080.0,2139.0,2181.0,2160.0,2135.0,2072.0,2016.0,1987.0,1899.0,1750.0,1868.0,2076.0,2176.0,2168.0,2135.0,2072.0,2026.0,1996.0,1916.0,1766.0,1880.0,2106.0,2213.0,2189.0,2149.0,2089.0,2040.0,2018.0,1935.0,1792.0,1896.0,2120.0,2211.0,2193.0,2157.0,2101.0,2052.0,2018.0,1942.0,1792.0,1980.0,2048.0,2168.0,2237.0,2224.0,2171.0,2109.0,2064.0,1963.0,1803.0,2142.0,2160.0,2178.0,2152.0,2128.0,2072.0,2041.0,2020.0,1952.0,1798.0,1877.0,2157.0,2245.0,2218.0,2173.0,2117.0,2067.0,2045.0,1953.0,1794.0,1876.0,2144.0,2232.0,2208.0,2168.0,2106.0,2067.0,2035.0,1947.0,1806.0,1880.0,2174.0,2249.0,2222.0,2176.0,2113.0,2062.0,2036.0,1953.0
2135.0,2072.0,2016.0,1987.0,1899.0,1750.0,1868.0,2076.0,2176.0,2168.0,2135.0,2072.0,2026.0,1996.0,1916.0,1766.0,1880.0,2106.0,2213.0,2189.0,2149.0,2089.0,2040.0,2018.0,1935.0,1792.0,1896.0,2120.0,2211.0,2193.0,2157.0,2101.0,2052.0,2018.0,1942.0,1792.0,1980.0,2048.0,2168.0,2237.0,2224.0,2171.0,2109.0,2064.0,1963.0,1803.0,2142.0,2160.0,2178.0,2152.0,2128.0,2072.0,2041.0,2020.0,1952.0,1798.0,1877.0,2157.0,2245.0,2218.0,2173.0,2117.0,2067.0,2045.0,1953.0,1794.0,1876.0,2144.0,2232.0,2208.0,2168.0,2106.0,2067.0,2035.0,1947.0,1806.0,1880.0,2174.0,2249.0,2222.0,2176.0,2113.0,2062.0,2036.0,1953.0,1796.0,1876.0,2164.0,2246.0,2212.0,2176.0,2107.0,2061.0,2040.0,1952.0,1809.0,2166.0,2188.0,2116.0,2192.0
1766.0,1880.0,2106.0,2213.0,2189.0,2149.0,2089.0,2040.0,2018.0,1935.0,1792.0,1896.0,2120.0,2211.0,2193.0,2157.0,2101.0,2052.0,2018.0,1942.0,1792.0,1980.0,2048.0,2168.0,2237.0,2224.0,2171.0,2109.0,2064.0,1963.0,1803.0,2142.0,2160.0,2178.0,2152.0,2128.0,2072.0,2041.0,2020.0,1952.0,1798.0,1877.0,2157.0,2245.0,2218.0,2173.0,2117.0,2067.0,2045.0,1953.0,1794.0,1876.0,2144.0,2232.0,2208.0,2168.0,2106.0,2067.0,2035.0,1947.0,1806.0,1880.0,2174.0,2249.0,2222.0,2176.0,2113.0,2062.0,2036.0,1953.0,1796.0,1876.0,2164.0,2246.0,2212.0,2176.0,2107.0,2061.0,2040.0,1952.0,1809.0,2166.0,2188.0,2116.0,2192.0,2204.0,2160.0,2118.0,2080.0,1980.0,1814.0,1886.0,2158.0,2240.0,2201.0,2152.0,2083.0,2032.0,2016.0,1923.0
2157.0,2101.0,2052.0,2018.0,1942.0,1792.0,1980.0,2048.0,2168.0,2237.0,2224.0,2171.0,2109.0,2064.0,1963.0,1803.0,2142.0,2160.0,2178.0,2152.0,2128.0,2072.0,2041.0,2020.0,1952.0,1798.0,1877.0,2157.0,2245.0,2218.0,2173.0,2117.0,2067.0,2045.0,1953.0,1794.0,1876.0,2144.0,2232.0,2208.0,2168.0,2106.0,2067.0,2035.0,1947.0,1806.0,1880.0,2174.0,2249.0,2222.0,2176.0,2113.0,2062.0,2036.0,1953.0,1796.0,1876.0,2164.0,2246.0,2212.0,2176.0,2107.0,2061.0,2040.0,1952.0,1809.0,2166.0,2188.0,2116.0,2192.0,2204.0,2160.0,2118.0,2080.0,1980.0,1814.0,1886.0,2158.0,2240.0,2201.0,2152.0,2083.0,2032.0,2016.0,1923.0,1774.0,1838.0,2124.0,2222.0,2186.0,2142.0,2081.0,2029.0,2012.0,1925.0,1768.0,1867.0,2096.0,2218.0,2186.0
1803.0,2142.0,2160.0,2178.0,2152.0,2128.0,2072.0,2041.0,2020.0,1952.0,1798.0,1877.0,2157.0,2245.0,2218.0,2173.0,2117.0,2067.0,2045.0,1953.0,1794.0,1876.0,2144.0,2232.0,2208.0,2168.0,2106.0,2067.0,2035.0,1947.0,1806.0,1880.0,2174.0,2249.0,2222.0,2176.0,2113.0,2062.0,2036.0,1953.0,1796.0,1876.0,2164.0,2246.0,2212.0,2176.0,2107.0,2061.0,2040.0,1952.0,1809.0,2166.0,2188.0,2116.0,2192.0,2204.0,2160.0,2118.0,2080.0,1980.0,1814.0,1886.0,2158.0,2240.0,2201.0,2152.0,2083.0,2032.0,2016.0,1923.0,1774.0,1838.0,2124.0,2222.0,2186.0,2142.0,2081.0,2029.0,2012.0,1925.0,1768.0,1867.0,2096.0,2218.0,2186.0,2139.0,2082.0,2030.0,2020.0,1935.0,1788.0,1864.0,2111.0,2240.0,2200.0,2160.0,2090.0,2036.0,2020.0,1927.0
2173.0,2117.0,2067.0,2045.0,1953.0,1794.0,1876.0,2144.0,2232.0,2208.0,2168.0,2106.0,2067.0,2035.0,1947.0,1806.0,1880.0,2174.0,2249.0,2222.0,2176.0,2113.0,2062.0,2036.0,1953.0,1796.0,1876.0,2164.0,2246.0,2212.0,2176.0,2107.0,2061.0,2040.0,1952.0,1809.0,2166.0,2188.0,2116.0,2192.0,2204.0,2160.0,2118.0,2080.0,1980.0,1814.0,1886.0,2158.0,2240.0,2201.0,2152.0,2083.0,2032.0,2016.0,1923.0,1774.0,1838.0,2124.0,2222.0,2186.0,2142.0,2081.0,2029.0,2012.0,1925.0,1768.0,1867.0,2096.0,2218.0,2186.0,2139.0,2082.0,2030.0,2020.0,1935.0,1788.0,1864.0,2111.0,2240.0,2200.0,2160.0,2090.0,2036.0,2020.0,1927.0,1716.0,2065.0,2146.0,2228.0,2200.0,2151.0,2089.0,2032.0,2023.0,1922.0,1772.0,1905.0,2004.0,2206.0,2232.0
1806.0,1880.0,2174.0,2249.0,2222.0,2176.0,2113.0,2062.0,2036.0,1953.0,1796.0,1876.0,2164.0,2246.0,2212.0,2176.0,2107.0,2061.0,2040.0,1952.0,1809.0,2166.0,2188.0,2116.0,2192.0,2204.0,2160.0,2118.0,2080.0,1980.0,1814.0,1886.0,2158.0,2240.0,2201.0,2152.0,2083.0,2032.0,2016.0,1923.0,1774.0,1838.0,2124.0,2222.0,2186.0,2142.0,2081.0,2029.0,2012.0,1925.0,1768.0,1867.0,2096.0,2218.0,2186.0,2139.0,2082.0,2030.0,2020.0,1935.0,1788.0,1864.0,2111.0,2240.0,2200.0,2160.0,2090.0,2036.0,2020.0,1927.0,1716.0,2065.0,2146.0,2228.0,2200.0,2151.0,2089.0,2032.0,2023.0,1922.0,1772.0,1905.0,2004.0,2206.0,2232.0,2213.0,2144.0,2080.0,2040.0,1937.0,1779.0,1849.0,2092.0,2226.0,2184.0,2128.0,2067.0,2010.0,1991.0,1905.0
2176.0,2107.0,2061.0,2040.0,1952.0,1809.0,2166.0,2188.0,2116.0,2192.0,2204.0,2160.0,2118.0,2080.0,1980.0,1814.0,1886.0,2158.0,2240.0,2201.0,2152.0,2083.0,2032.0,2016.0,1923.0,1774.0,1838.0,2124.0,2222.0,2186.0,2142.0,2081.0,2029.0,2012.0,1925.0,1768.0,1867.0,2096.0,2218.0,2186.0,2139.0,2082.0,2030.0,2020.0,1935.0,1788.0,1864.0,2111.0,2240.0,2200.0,2160.0,2090.0,2036.0,2020.0,1927.0,1716.0,2065.0,2146.0,2228.0,2200.0,2151.0,2089.0,2032.0,2023.0,1922.0,1772.0,1905.0,2004.0,2206.0,2232.0,2213.0,2144.0,2080.0,2040.0,1937.0,1779.0,1849.0,2092.0,2226.0,2184.0,2128.0,2067.0,2010.0,1991.0,1905.0,1754.0,1844.0,2084.0,2224.0,2184.0,2134.0,2065.0,2010.0,2001.0,1908.0,1760.0,1856.0,2096.0,2232.0,2196.0
1814.0,1886.0,2158.0,2240.0,2201.0,2152.0,2083.0,2032.0,2016.0,1923.0,1774.0,1838.0,2124.0,2222.0,2186.0,2142.0,2081.0,2029.0,2012.0,1925.0,1768.0,1867.0,2096.0,2218.0,2186.0,2139.0,2082.0,2030.0,2020.0,1935.0,1788.0,1864.0,2111.0,2240.0,2200.0,2160.0,2090.0,2036.0,2020.0,1927.0,1716.0,2065.0,2146.0,2228.0,2200.0,2151.0,2089.0,2032.0,2023.0,1922.0,1772.0,1905.0,2004.0,2206.0,2232.0,2213.0,2144.0,2080.0,2040.0,1937.0,1779.0,1849.0,2092.0,2226.0,2184.0,2128.0,2067.0,2010.0,1991.0,1905.0,1754.0,1844.0,2084.0,2224.0,2184.0,2134.0,2065.0,2010.0,2001.0,1908.0,1760.0,1856.0,2096.0,2232.0,2196.0,2144.0,2072.0,2021.0,2008.0,1923.0,1776.0,2078.0,2121.0,2209.0,2172.0,2128.0,2073.0,2022.0,2012.0,1925.0
2142.0,2081.0,2029.0,2012.0,1925.0,1768.0,1867.0,2096.0,2218.0,2186.0,2139.0,2082.0,2030.0,2020.0,1935.0,1788.0,1864.0,2111.0,2240.0,2200.0,2160.0,2090.0,2036.0,2020.0,1927.0,1716.0,2065.0,2146.0,2228.0,2200.0,2151.0,2089.0,2032.0,2023.0,1922.0,1772.0,1905.0,2004.0,2206.0,2232.0,2213.0,2144.0,2080.0,2040.0,1937.0,1779.0,1849.0,2092.0,2226.0,2184.0,2128.0,2067.0,2010.0,1991.0,1905.0,1754.0,1844.0,2084.0,2224.0,2184.0,2134.0,2065.0,2010.0,2001.0,1908.0,1760.0,1856.0,2096.0,2232.0,2196.0,2144.0,2072.0,2021.0,2008.0,1923.0,1776.0,2078.0,2121.0,2209.0,2172.0,2128.0,2073.0,2022.0,2012.0,1925.0,1788.0,1876.0,2128.0,2274.0,2238.0,2178.0,2108.0,2056.0,2038.0,1951.0,1798.0,1933.0,2033.0,2227.0,2284.0
1788.0,1864.0,2111.0,2240.0,2200.0,2160.0,2090.0,2036.0,2020.0,1927.0,1716.0,2065.0,2146.0,2228.0,2200.0,2151.0,2089.0,2032.0,2023.0,1922.0,1772.0,1905.0,2004.0,2206.0,2232.0,2213.0,2144.0,2080.0,2040.0,1937.0,1779.0,1849.0,2092.0,2226.0,2184.0,2128.0,2067.0,2010.0,1991.0,1905.0,1754.0,1844.0,2084.0,2224.0,2184.0,2134.0,2065.0,2010.0,2001.0,1908.0,1760.0,1856.0,2096.0,2232.0,2196.0,2144.0,2072.0,2021.0,2008.0,1923.0,1776.0,2078.0,2121.0,2209.0,2172.0,2128.0,2073.0,2022.0,2012.0,1925.0,1788.0,1876.0,2128.0,2274.0,2238.0,2178.0,2108.0,2056.0,2038.0,1951.0,1798.0,1933.0,2033.0,2227.0,2284.0,2241.0,2176.0,2104.0,2071.0,1969.0,1809.0,1875.0,2120.0,2248.0,2219.0,2164.0,2084.0,2030.0,2010.0,1935.0
2151.0,2089.0,2032.0,2023.0,1922.0,1772.0,1905.0,2004.0,2206.0,2232.0,2213.0,2144.0,2080.0,2040.0,1937.0,1779.0,1849.0,2092.0,2226.0,2184.0,2128.0,2067.0,2010.0,1991.0,1905.0,1754.0,1844.0,2084.0,2224.0,2184.0,2134.0,2065.0,2010.0,2001.0,1908.0,1760.0,1856.0,2096.0,2232.0,2196.0,2144.0,2072.0,2021.0,2008.0,1923.0,1776.0,2078.0,2121.0,2209.0,2172.0,2128.0,2073.0,2022.0,2012.0,1925.0,1788.0,1876.0,2128.0,2274.0,2238.0,2178.0,2108.0,2056.0,2038.0,1951.0,1798.0,1933.0,2033.0,2227.0,2284.0,2241.0,2176.0,2104.0,2071.0,1969.0,1809.0,1875.0,2120.0,2248.0,2219.0,2164.0,2084.0,2030.0,2010.0,1935.0,1780.0,1858.0,2116.0,2221.0,2224.0,2156.0,2096.0,2035.0,2020.0,1934.0,1788.0,2114.0,2157.0,2200.0,2216.0
1779.0,1849.0,2092.0,2226.0,2184.0,2128.0,2067.0,2010.0,1991.0,1905.0,1754.0,1844.0,2084.0,2224.0,2184.0,2134.0,2065.0,2010.0,2001.0,1908.0,1760.0,1856.0,2096.0,2232.0,2196.0,2144.0,2072.0,2021.0,2008.0,1923.0,1776.0,2078.0,2121.0,2209.0,2172.0,2128.0,2073.0,2022.0,2012.0,1925.0,1788.0,1876.0,2128.0,2274.0,2238.0,2178.0,2108.0,2056.0,2038.0,1951.0,1798.0,1933.0,2033.0,2227.0,2284.0,2241.0,2176.0,2104.0,2071.0,1969.0,1809.0,1875.0,2120.0,2248.0,2219.0,2164.0,2084.0,2030.0,2010.0,1935.0,1780.0,1858.0,2116.0,2221.0,2224.0,2156.0,2096.0,2035.0,2020.0,1934.0,1788.0,2114.0,2157.0,2200.0,2216.0,2173.0,2114.0,2068.0,2054.0,1976.0,1841.0,1920.0,2173.0,2285.0,2291.0,2224.0,2149.0,2081.0,2056.0,1984.0
2134.0,2065.0,2010.0,2001.0,1908.0,1760.0,1856.0,2096.0,2232.0,2196.0,2144.0,2072.0,2021.0,2008.0,1923.0,1776.0,2078.0,2121.0,2209.0,2172.0,2128.0,2073.0,2022.0,2012.0,1925.0,1788.0,1876.0,2128.0,2274.0,2238.0,2178.0,2108.0,2056.0,2038.0,1951.0,1798.0,1933.0,2033.0,2227.0,2284.0,2241.0,2176.0,2104.0,2071.0,1969.0,1809.0,1875.0,2120.0,2248.0,2219.0,2164.0,2084.0,2030.0,2010.0,1935.0,1780.0,1858.0,2116.0,2221.0,2224.0,2156.0,2096.0,2035.0,2020.0,1934.0,1788.0,2114.0,2157.0,2200.0,2216.0,2173.0,2114.0,2068.0,2054.0,1976.0,1841.0,1920.0,2173.0,2285.0,2291.0,2224.0,2149.0,2081.0,2056.0,1984.0,1824.0,1902.0,2147.0,2266.0,2273.0,2211.0,2132.0,2070.0,2051.0,1958.0,1824.0,1955.0,2057.0,2236.0,2326.0
1776.0,2078.0,2121.0,2209.0,2172.0,2128.0,2073.0,2022.0,2012.0,1925.0,1788.0,1876.0,2128.0,2274.0,2238.0,2178.0,2108.0,2056.0,2038.0,1951.0,1798.0,1933.0,2033.0,2227.0,2284.0,2241.0,2176.0,2104.0,2071.0,1969.0,1809.0,1875.0,2120.0,2248.0,2219.0,2164.0,2084.0,2030.0,2010.0,1935.0,1780.0,1858.0,2116.0,2221.0,2224.0,2156.0,2096.0,2035.0,2020.0,1934.0,1788.0,2114.0,2157.0,2200.0,2216.0,2173.0,2114.0,2068.0,2054.0,1976.0,1841.0,1920.0,2173.0,2285.0,2291.0,2224.0,2149.0,2081.0,2056.0,1984.0,1824.0,1902.0,2147.0,2266.0,2273.0,2211.0,2132.0,2070.0,2051.0,1958.0,1824.0,1955.0,2057.0,2236.0,2326.0,2280.0,2199.0,2126.0,2089.0,1994.0,1832.0,1907.0,2138.0,2256.0,2273.0,2198.0,2126.0,2059.0,2043.0,1957.0
2178.0,2108.0,2056.0,2038.0,1951.0,1798.0,1933.0,2033.0,2227.0,2284.0,2241.0,2176.0,2104.0,2071.0,1969.0,1809.0,1875.0,2120.0,2248.0,2219.0,2164.0,2084.0,2030.0,2010.0,1935.0,1780.0,1858.0,2116.0,2221.0,2224.0,2156.0,2096.0,2035.0,2020.0,1934.0,1788.0,2114.0,2157.0,2200.0,2216.0,2173.0,2114.0,2068.0,2054.0,1976.0,1841.0,1920.0,2173.0,2285.0,2291.0,2224.0,2149.0,2081.0,2056.0,1984.0,1824.0,1902.0,2147.0,2266.0,2273.0,2211.0,2132.0,2070.0,2051.0,1958.0,1824.0,1955.0,2057.0,2236.0,2326.0,2280.0,2199.0,2126.0,2089.0,1994.0,1832.0,1907.0,2138.0,2256.0,2273.0,2198.0,2126.0,2059.0,2043.0,1957.0,1795.0,2107.0,2192.0,2256.0,2278.0,2225.0,2145.0,2089.0,2062.0,1977.0,1836.0,1920.0,2147.0,2263.0,2278.0
1809.0,1875.0,2120.0,2248.0,2219.0,2164.0,2084.0,2030.0,2010.0,1935.0,1780.0,1858.0,2116.0,2221.0,2224.0,2156.0,2096.0,2035.0,2020.0,1934.0,1788.0,2114.0,2157.0,2200.0,2216.0,2173.0,2114.0,2068.0,2054.0,1976.0,1841.0,1920.0,2173.0,2285.0,2291.0,2224.0,2149.0,2081.0,2056.0,1984.0,1824.0,1902.0,2147.0,2266.0,2273.0,2211.0,2132.0,2070.0,2051.0,1958.0,1824.0,1955.0,2057.0,2236.0,2326.0,2280.0,2199.0,2126.0,2089.0,1994.0,1832.0,1907.0,2138.0,2256.0,2273.0,2198.0,2126.0,2059.0,2043.0,1957.0,1795.0,2107.0,2192.0,2256.0,2278.0,2225.0,2145.0,2089.0,2062.0,1977.0,1836.0,1920.0,2147.0,2263.0,2278.0,2212.0,2137.0,2072.0,2054.0,1970.0,1828.0,1904.0,2150.0,2262.0,2263.0,2213.0,2137.0,2074.0,2048.0,1966.0
2156.0,2096.0,2035.0,2020.0,1934.0,1788.0,2114.0,2157.0,2200.0,2216.0,2173.0,2114.0,2068.0,2054.0,1976.0,1841.0,1920.0,2173.0,2285.0,2291.0,2224.0,2149.0,2081.0,2056.0,1984.0,1824.0,1902.0,2147.0,2266.0,2273.0,2211.0,2132.0,2070.0,2051.0,1958.0,1824.0,1955.0,2057.0,2236.0,2326.0,2280.0,2199.0,2126.0,2089.0,1994.0,1832.0,1907.0,2138.0,2256.0,2273.0,2198.0,2126.0,2059.0,2043.0,1957.0,1795.0,2107.0,2192.0,2256.0,2278.0,2225.0,2145.0,2089.0,2062.0,1977.0,1836.0,1920.0,2147.0,2263.0,2278.0,2212.0,2137.0,2072.0,2054.0,1970.0,1828.0,1904.0,2150.0,2262.0,2263.0,2213.0,2137.0,2074.0,2048.0,1966.0,1819.0,1897.0,2144.0,2255.0,2261.0,2208.0,2136.0,2064.0,2048.0,1954.0,1816.0,1953.0,2033.0,2225.0,2280.0
1841.0,1920.0,2173.0,2285.0,2291.0,2224.0,2149.0,2081.0,2056.0,1984.0,1824.0,1902.0,2147.0,2266.0,2273.0,2211.0,2132.0,2070.0,2051.0,1958.0,1824.0,1955.0,2057.0,2236.0,2326.0,2280.0,2199.0,2126.0,2089.0,1994.0,1832.0,1907.0,2138.0,2256.0,2273.0,2198.0,2126.0,2059.0,2043.0,1957.0,1795.0,2107.0,2192.0,2256.0,2278.0,2225.0,2145.0,2089.0,2062.0,1977.0,1836.0,1920.0,2147.0,2263.0,2278.0,2212.0,2137.0,2072.0,2054.0,1970.0,1828.0,1904.0,2150.0,2262.0,2263.0,2213.0,2137.0,2074.0,2048.0,1966.0,1819.0,1897.0,2144.0,2255.0,2261.0,2208.0,2136.0,2064.0,2048.0,1954.0,1816.0,1953.0,2033.0,2225.0,2280.0,2278.0,2193.0,2120.0,2080.0,1976.0,1828.0,2111.0,2156.0,2199.0,2192.0,2179.0,2107.0,2040.0,2020.0,1939.0
2211.0,2132.0,2070.0,2051.0,1958.0,1824.0,1955.0,2057.0,2236.0,2326.0,2280.0,2199.0,2126.0,2089.0,1994.0,1832.0,1907.0,2138.0,2256.0,2273.0,2198.0,2126.0,2059.0,2043.0,1957.0,1795.0,2107.0,2192.0,2256.0,2278.0,2225.0,2145.0,2089.0,2062.0,1977.0,1836.0,1920.0,2147.0,2263.0,2278.0,2212.0,2137.0,2072.0,2054.0,1970.0,1828.0,1904.0,2150.0,2262.0,2263.0,2213.0,2137.0,2074.0,2048.0,1966.0,1819.0,1897.0,2144.0,2255.0,2261.0,2208.0,2136.0,2064.0,2048.0,1954.0,1816.0,1953.0,2033.0,2225.0,2280.0,2278.0,2193.0,2120.0,2080.0,1976.0,1828.0,2111.0,2156.0,2199.0,2192.0,2179.0,2107.0,2040.0,2020.0,1939.0,1808.0,1888.0,2144.0,2256.0,2236.0,2220.0,2124.0,2049.0,2027.0,1932.0,1811.0,1892.0,2132.0,2228.0,2218.0
1832.0,1907.0,2138.0,2256.0,2273.0,2198.0,2126.0,2059.0,2043.0,1957.0,1795.0,2107.0,2192.0,2256.0,2278.0,2225.0,2145.0,2089.0,2062.0,1977.0,1836.0,1920.0,2147.0,2263.0,2278.0,2212.0,2137.0,2072.0,2054.0,1970.0,1828.0,1904.0,2150.0,2262.0,2263.0,2213.0,2137.0,2074.0,2048.0,1966.0,1819.0,1897.0,2144.0,2255.0,2261.0,2208.0,2136.0,2064.0,2048.0,1954.0,1816.0,1953.0,2033.0,2225.0,2280.0,2278.0,2193.0,2120.0,2080.0,1976.0,1828.0,2111.0,2156.0,2199.0,2192.0,2179.0,2107.0,2040.0,2020.0,1939.0,1808.0,1888.0,2144.0,2256.0,2236.0,2220.0,2124.0,2049.0,2027.0,1932.0,1811.0,1892.0,2132.0,2228.0,2218.0,2201.0,2113.0,2040.0,2012.0,1933.0,1807.0,1902.0,2120.0,2237.0,2222.0,2208.0,2130.0,2054.0,2039.0,1946.0
2225.0,2145.0,2089.0,2062.0,1977.0,1836.0,1920.0,2147.0,2263.0,2278.0,2212.0,2137.0,2072.0,2054.0,1970.0,1828.0,1904.0,2150.0,2262.0,2263.0,2213.0,2137.0,2074.0,2048.0,1966.0,1819.0,1897.0,2144.0,2255.0,2261.0,2208.0,2136.0,2064.0,2048.0,1954.0,1816.0,1953.0,2033.0,2225.0,2280.0,2278.0,2193.0,2120.0,2080.0,1976.0,1828.0,2111.0,2156.0,2199.0,2192.0,2179.0,2107.0,2040.0,2020.0,1939.0,1808.0,1888.0,2144.0,2256.0,2236.0,2220.0,2124.0,2049.0,2027.0,1932.0,1811.0,1892.0,2132.0,2228.0,2218.0,2201.0,2113.0,2040.0,2012.0,1933.0,1807.0,1902.0,2120.0,2237.0,2222.0,2208.0,2130.0,2054.0,2039.0,1946.0,1809.0,1920.0,2143.0,2251.0,2235.0,2234.0,2140.0,2068.0,2036.0,1946.0,1836.0,2173.0,2138.0,2136.0,2224.0
1828.0,1904.0,2150.0,2262.0,2263.0,2213.0,2137.0,2074.0,2048.0,1966.0,1819.0,1897.0,2144.0,2255.0,2261.0,2208.0,2136.0,2064.0,2048.0,1954.0,1816.0,1953.0,2033.0,2225.0,2280.0,2278.0,2193.0,2120.0,2080.0,1976.0,1828.0,2111.0,2156.0,2199.0,2192.0,2179.0,2107.0,2040.0,2020.0,1939.0,1808.0,1888.0,2144.0,2256.0,2236.0,2220.0,2124.0,2049.0,2027.0,1932.0,1811.0,1892.0,2132.0,2228.0,2218.0,2201.0,2113.0,2040.0,2012.0,1933.0,1807.0,1902.0,2120.0,2237.0,2222.0,2208.0,2130.0,2054.0,2039.0,1946.0,1809.0,1920.0,2143.0,2251.0,2235.0,2234.0,2140.0,2068.0,2036.0,1946.0,1836.0,2173.0,2138.0,2136.0,2224.0,2259.0,2197.0,2112.0,2075.0,1970.0,1846.0,1937.0,2147.0,2253.0,2228.0,2217.0,2128.0,2053.0,2022.0,1938.0
2208.0,2136.0,2064.0,2048.0,1954.0,1816.0,1953.0,2033.0,2225.0,2280.0,2278.0,2193.0,2120.0,2080.0,1976.0,1828.0,2111.0,2156.0,2199.0,2192.0,2179.0,2107.0,2040.0,2020.0,1939.0,1808.0,1888.0,2144.0,2256.0,2236.0,2220.0,2124.0,2049.0,2027.0,1932.0,1811.0,1892.0,2132.0,2228.0,2218.0,2201.0,2113.0,2040.0,2012.0,1933.0,1807.0,1902.0,2120.0,2237.0,2222.0,2208.0,2130.0,2054.0,2039.0,1946.0,1809.0,1920.0,2143.0,2251.0,2235.0,2234.0,2140.0,2068.0,2036.0,1946.0,1836.0,2173.0,2138.0,2136.0,2224.0,2259.0,2197.0,2112.0,2075.0,1970.0,1846.0,1937.0,2147.0,2253.0,2228.0,2217.0,2128.0,2053.0,2022.0,1938.0,1824.0,1930.0,2148.0,2243.0,2230.0,2214.0,2144.0,2061.0,2033.0,1949.0,1813.0,1913.0,2140.0,2251.0,2240.0
1828.0,2111.0,2156.0,2199.0,2192.0,2179.0,2107.0,2040.0,2020.0,1939.0,1808.0,1888.0,2144.0,2256.0,2236.0,2220.0,2124.0,2049.0,2027.0,1932.0,1811.0,1892.0,2132.0,2228.0,2218.0,2201.0,2113.0,2040.0,2012.0,1933.0,1807.0,1902.0,2120.0,2237.0,2222.0,2208.0,2130.0,2054.0,2039.0,1946.0,1809.0,1920.0,2143.0,2251.0,2235.0,2234.0,2140.0,2068.0,2036.0,1946.0,1836.0,2173.0,2138.0,2136.0,2224.0,2259.0,2197.0,2112.0,2075.0,1970.0,1846.0,1937.0,2147.0,2253.0,2228.0,2217.0,2128.0,2053.0,2022.0,1938.0,1824.0,1930.0,2148.0,2243.0,2230.0,2214.0,2144.0,2061.0,2033.0,1949.0,1813.0,1913.0,2140.0,2251.0,2240.0,2217.0,2158.0,2077.0,2049.0,1963.0,1842.0,1944.0,2152.0,2254.0,2244.0,2200.0,2158.0,2078.0,2050.0,1959.0
2220.0,2124.0,2049.0,2027.0,1932.0,1811.0,1892.0,2132.0,2228.0,2218.0,2201.0,2113.0,2040.0,2012.0,1933.0,1807.0,1902.0,2120.0,2237.0,2222.0,2208.0,2130.0,2054.0,2039.0,1946.0,1809.0,1920.0,2143.0,2251.0,2235.0,2234.0,2140.0,2068.0,2036.0,1946.0,1836.0,2173.0,2138.0,2136.0,2224.0,2259.0,2197.0,2112.0,2075.0,1970.0,1846.0,1937.0,2147.0,2253.0,2228.0,2217.0,2128.0,2053.0,2022.0,1938.0,1824.0,1930.0,2148.0,2243.0,2230.0,2214.0,2144.0,2061.0,2033.0,1949.0,1813.0,1913.0,2140.0,2251.0,2240.0,2217.0,2158.0,2077.0,2049.0,1963.0,1842.0,1944.0,2152.0,2254.0,2244.0,2200.0,2158.0,2078.0,2050.0,1959.0,1819.0,2096.0,2174.0,2247.0,2235.0,2197.0,2160.0,2072.0,2033.0,1936.0,1813.0,1931.0,2007.0,2202.0,2272.0
1807.0,1902.0,2120.0,2237.0,2222.0,2208.0,2130.0,2054.0,2039.0,1946.0,1809.0,1920.0,2143.0,2251.0,2235.0,2234.0,2140.0,2068.0,2036.0,1946.0,1836.0,2173.0,2138.0,2136.0,2224.0,2259.0,2197.0,2112.0,2075.0,1970.0,1846.0,1937.0,2147.0,2253.0,2228.0,2217.0,2128.0,2053.0,2022.0,1938.0,1824.0,1930.0,2148.0,2243.0,2230.0,2214.0,2144.0,2061.0,2033.0,1949.0,1813.0,1913.0,2140.0,2251.0,2240.0,2217.0,2158.0,2077.0,2049.0,1963.0,1842.0,1944.0,2152.0,2254.0,2244.0,2200.0,2158.0,2078.0,2050.0,1959.0,1819.0,2096.0,2174.0,2247.0,2235.0,2197.0,2160.0,2072.0,2033.0,1936.0,1813.0,1931.0,2007.0,2202.0,2272.0,2245.0,2208.0,2102.0,2048.0,1944.0,1806.0,1893.0,2106.0,2218.0,2195.0,2148.0,2116.0,2022.0,1992.0,1896.0
2234.0,2140.0,2068.0,2036.0,1946.0,1836.0,2173.0,2138.0,2136.0,2224.0,2259.0,2197.0,2112.0,2075.0,1970.0,1846.0,1937.0,2147.0,2253.0,2228.0,2217.0,2128.0,2053.0,2022.0,1938.0,1824.0,1930.0,2148.0,2243.0,2230.0,2214.0,2144.0,2061.0,2033.0,1949.0,1813.0,1913.0,2140.0,2251.0,2240.0,2217.0,2158.0,2077.0,2049.0,1963.0,1842.0,1944.0,2152.0,2254.0,2244.0,2200.0,2158.0,2078.0,2050.0,1959.0,1819.0,2096.0,2174.0,2247.0,2235.0,2197.0,2160.0,2072.0,2033.0,1936.0,1813.0,1931.0,2007.0,2202.0,2272.0,2245.0,2208.0,2102.0,2048.0,1944.0,1806.0,1893.0,2106.0,2218.0,2195.0,2148.0,2116.0,2022.0,1992.0,1896.0,1759.0,1867.0,2096.0,2203.0,2193.0,2155.0,2122.0,2036.0,2000.0,1908.0,1780.0,1868.0,2098.0,2210.0,2205.0
1846.0,1937.0,2147.0,2253.0,2228.0,2217.0,2128.0,2053.0,2022.0,1938.0,1824.0,1930.0,2148.0,2243.0,2230.0,2214.0,2144.0,2061.0,2033.0,1949.0,1813.0,1913.0,2140.0,2251.0,2240.0,2217.0,2158.0,2077.0,2049.0,1963.0,1842.0,1944.0,2152.0,2254.0,2244.0,2200.0,2158.0,2078.0,2050.0,1959.0,1819.0,2096.0,2174.0,2247.0,2235.0,2197.0,2160.0,2072.0,2033.0,1936.0,1813.0,1931.0,2007.0,2202.0,2272.0,2245.0,2208.0,2102.0,2048.0,1944.0,1806.0,1893.0,2106.0,2218.0,2195.0,2148.0,2116.0,2022.0,1992.0,1896.0,1759.0,1867.0,2096.0,2203.0,2193.0,2155.0,2122.0,2036.0,2000.0,1908.0,1780.0,1868.0,2098.0,2210.0,2205.0,2157.0,2134.0,2048.0,2012.0,1913.0,1798.0,2072.0,2116.0,2168.0,2156.0,2128.0,2119.0,2044.0,2008.0,1916.0
2214.0,2144.0,2061.0,2033.0,1949.0,1813.0,1913.0,2140.0,2251.0,2240.0,2217.0,2158.0,2077.0,2049.0,1963.0,1842.0,1944.0,2152.0,2254.0,2244.0,2200.0,2158.0,2078.0,2050.0,1959.0,1819.0,2096.0,2174.0,2247.0,2235.0,2197.0,2160.0,2072.0,2033.0,1936.0,1813.0,1931.0,2007.0,2202.0,2272.0,2245.0,2208.0,2102.0,2048.0,1944.0,1806.0,1893.0,2106.0,2218.0,2195.0,2148.0,2116.0,2022.0,1992.0,1896.0,1759.0,1867.0,2096.0,2203.0,2193.0,2155.0,2122.0,2036.0,2000.0,1908.0,1780.0,1868.0,2098.0,2210.0,2205.0,2157.0,2134.0,2048.0,2012.0,1913.0,1798.0,2072.0,2116.0,2168.0,2156.0,2128.0,2119.0,2044.0,2008.0,1916.0,1800.0,1906.0,2121.0,2232.0,2217.0,2166.0,2149.0,2058.0,2016.0,1920.0,1803.0,1932.0,2017.0,2192.0,2243.0
1842.0,1944.0,2152.0,2254.0,2244.0,2200.0,2158.0,2078.0,2050.0,1959.0,1819.0,2096.0,2174.0,2247.0,2235.0,2197.0,2160.0,2072.0,2033.0,1936.0,1813.0,1931.0,2007.0,2202.0,2272.0,2245.0,2208.0,2102.0,2048.0,1944.0,1806.0,1893.0,2106.0,2218.0,2195.0,2148.0,2116.0,2022.0,1992.0,1896.0,1759.0,1867.0,2096.0,2203.0,2193.0,2155.0,2122.0,2036.0,2000.0,1908.0,1780.0,1868.0,2098.0,2210.0,2205.0,2157.0,2134.0,2048.0,2012.0,1913.0,1798.0,2072.0,2116.0,2168.0,2156.0,2128.0,2119.0,2044.0,2008.0,1916.0,1800.0,1906.0,2121.0,2232.0,2217.0,2166.0,2149.0,2058.0,2016.0,1920.0,1803.0,1932.0,2017.0,2192.0,2243.0,2230.0,2196.0,2104.0,2048.0,1941.0,1803.0,1876.0,2112.0,2204.0,2189.0,2140.0,2112.0,2032.0,1998.0,1905.0
2197.0,2160.0,2072.0,2033.0,1936.0,1813.0,1931.0,2007.0,2202.0,2272.0,2245.0,2208.0,2102.0,2048.0,1944.0,1806.0,1893.0,2106.0,2218.0,2195.0,2148.0,2116.0,2022.0,1992.0,1896.0,1759.0,1867.0,2096.0,2203.0,2193.0,2155.0,2122.0,2036.0,2000.0,1908.0,1780.0,1868.0,2098.0,2210.0,2205.0,2157.0,2134.0,2048.0,2012.0,1913.0,1798.0,2072.0,2116.0,2168.0,2156.0,2128.0,2119.0,2044.0,2008.0,1916.0,1800.0,1906.0,2121.0,2232.0,2217.0,2166.0,2149.0,2058.0,2016.0,1920.0,1803.0,1932.0,2017.0,2192.0,2243.0,2230.0,2196.0,2104.0,2048.0,1941.0,1803.0,1876.0,2112.0,2204.0,2189.0,2140.0,2112.0,2032.0,1998.0,1905.0,1772.0,1880.0,2098.0,2208.0,2188.0,2148.0,2111.0,2045.0,2000.0,1910.0,1788.0,2093.0,2131.0,2163.0,2160.0
1806.0,1893.0,2106.0,2218.0,2195.0,2148.0,2116.0,2022.0,1992.0,1896.0,1759.0,1867.0,2096.0,2203.0,2193.0,2155.0,2122.0,2036.0,2000.0,1908.0,1780.0,1868.0,2098.0,2210.0,2205.0,2157.0,2134.0,2048.0,2012.0,1913.0,1798.0,2072.0,2116.0,2168.0,2156.0,2128.0,2119.0,2044.0,2008.0,1916.0,1800.0,1906.0,2121.0,2232.0,2217.0,2166.0,2149.0,2058.0,2016.0,1920.0,1803.0,1932.0,2017.0,2192.0,2243.0,2230.0,2196.0,2104.0,2048.0,1941.0,1803.0,1876.0,2112.0,2204.0,2189.0,2140.0,2112.0,2032.0,1998.0,1905.0,1772.0,1880.0,2098.0,2208.0,2188.0,2148.0,2111.0,2045.0,2000.0,1910.0,1788.0,2093.0,2131.0,2163.0,2160.0,2120.0,2084.0,2052.0,2010.0,1922.0,1804.0,1900.0,2126.0,2241.0,2214.0,2166.0,2118.0,2072.0,2030.0,1925.0
2155.0,2122.0,2036.0,2000.0,1908.0,1780.0,1868.0,2098.0,2210.0,2205.0,2157.0,2134.0,2048.0,2012.0,1913.0,1798.0,2072.0,2116.0,2168.0,2156.0,2128.0,2119.0,2044.0,2008.0,1916.0,1800.0,1906.0,2121.0,2232.0,2217.0,2166.0,2149.0,2058.0,2016.0,1920.0,1803.0,1932.0,2017.0,2192.0,2243.0,2230.0,2196.0,2104.0,2048.0,1941.0,1803.0,1876.0,2112.0,2204.0,2189.0,2140.0,2112.0,2032.0,1998.0,1905.0,1772.0,1880.0,2098.0,2208.0,2188.0,2148.0,2111.0,2045.0,2000.0,1910.0,1788.0,2093.0,2131.0,2163.0,2160.0,2120.0,2084.0,2052.0,2010.0,1922.0,1804.0,1900.0,2126.0,2241.0,2214.0,2166.0,2118.0,2072.0,2030.0,1925.0,1804.0,1911.0,2069.0,2220.0,2243.0,2208.0,2157.0,2125.0,2069.0,1964.0,1830.0,1960.0,2023.0,2212.0,2264.0
1798.0,2072.0,2116.0,2168.0,2156.0,2128.0,2119.0,2044.0,2008.0,1916.0,1800.0,1906.0,2121.0,2232.0,2217.0,2166.0,2149.0,2058.0,2016.0,1920.0,1803.0,1932.0,2017.0,2192.0,2243.0,2230.0,2196.0,2104.0,2048.0,1941.0,1803.0,1876.0,2112.0,2204.0,2189.0,2140.0,2112.0,2032.0,1998.0,1905.0,1772.0,1880.0,2098.0,2208.0,2188.0,2148.0,2111.0,2045.0,2000.0,1910.0,1788.0,2093.0,2131.0,2163.0,2160.0,2120.0,2084.0,2052.0,2010.0,1922.0,1804.0,1900.0,2126.0,2241.0,2214.0,2166.0,2118.0,2072.0,2030.0,1925.0,1804.0,1911.0,2069.0,2220.0,2243.0,2208.0,2157.0,2125.0,2069.0,1964.0,1830.0,1960.0,2023.0,2212.0,2264.0,2231.0,2176.0,2128.0,2056.0,1928.0,1788.0,1875.0,2092.0,2188.0,2171.0,2128.0,2082.0,2058.0,2003.0,1913.0
2166.0,2149.0,2058.0,2016.0,1920.0,1803.0,1932.0,2017.0,2192.0,2243.0,2230.0,2196.0,2104.0,2048.0,1941.0,1803.0,1876.0,2112.0,2204.0,2189.0,2140.0,2112.0,2032.0,1998.0,1905.0,1772.0,1880.0,2098.0,2208.0,2188.0,2148.0,2111.0,2045.0,2000.0,1910.0,1788.0,2093.0,2131.0,2163.0,2160.0,2120.0,2084.0,2052.0,2010.0,1922.0,1804.0,1900.0,2126.0,2241.0,2214.0,2166.0,2118.0,2072.0,2030.0,1925.0,1804.0,1911.0,2069.0,2220.0,2243.0,2208.0,2157.0,2125.0,2069.0,1964.0,1830.0,1960.0,2023.0,2212.0,2264.0,2231.0,2176.0,2128.0,2056.0,1928.0,1788.0,1875.0,2092.0,2188.0,2171.0,2128.0,2082.0,2058.0,2003.0,1913.0,1800.0,2041.0,2147.0,2208.0,2212.0,2167.0,2125.0,2098.0,2049.0,1943.0,1812.0,1932.0,2138.0,2238.0,2211.0
1803.0,1876.0,2112.0,2204.0,2189.0,2140.0,2112.0,2032.0,1998.0,1905.0,1772.0,1880.0,2098.0,2208.0,2188.0,2148.0,2111.0,2045.0,2000.0,1910.0,1788.0,2093.0,2131.0,2163.0,2160.0,2120.0,2084.0,2052.0,2010.0,1922.0,1804.0,1900.0,2126.0,2241.0,2214.0,2166.0,2118.0,2072.0,2030.0,1925.0,1804.0,1911.0,2069.0,2220.0,2243.0,2208.0,2157.0,2125.0,2069.0,1964.0,1830.0,1960.0,2023.0,2212.0,2264.0,2231.0,2176.0,2128.0,2056.0,1928.0,1788.0,1875.0,2092.0,2188.0,2171.0,2128.0,2082.0,2058.0,2003.0,1913.0,1800.0,2041.0,2147.0,2208.0,2212.0,2167.0,2125.0,2098.0,2049.0,1943.0,1812.0,1932.0,2138.0,2238.0,2211.0,2165.0,2114.0,2095.0,2048.0,1935.0,1817.0,1920.0,2156.0,2248.0,2237.0,2182.0,2136.0,2112.0,2060.0,1956.0
2148.0,2111.0,2045.0,2000.0,1910.0,1788.0,2093.0,2131.0,2163.0,2160.0,2120.0,2084.0,2052.0,2010.0,1922.0,1804.0,1900.0,2126.0,2241.0,2214.0,2166.0,2118.0,2072.0,2030.0,1925.0,1804.0,1911.0,2069.0,2220.0,2243.0,2208.0,2157.0,2125.0,2069.0,1964.0,1830.0,1960.0,2023.0,2212.0,2264.0,2231.0,2176.0,2128.0,2056.0,1928.0,1788.0,1875.0,2092.0,2188.0,2171.0,2128.0,2082.0,2058.0,2003.0,1913.0,1800.0,2041.0,2147.0,2208.0,2212.0,2167.0,2125.0,2098.0,2049.0,1943.0,1812.0,1932.0,2138.0,2238.0,2211.0,2165.0,2114.0,2095.0,2048.0,1935.0,1817.0,1920.0,2156.0,2248.0,2237.0,2182.0,2136.0,2112.0,2060.0,1956.0,1816.0,1926.0,2140.0,2242.0,2224.0,2182.0,2130.0,2089.0,2063.0,1954.0,1832.0,1960.0,2038.0,2230.0,2288.0
1804.0,1900.0,2126.0,2241.0,2214.0,2166.0,2118.0,2072.0,2030.0,1925.0,1804.0,1911.0,2069.0,2220.0,2243.0,2208.0,2157.0,2125.0,2069.0,1964.0,1830.0,1960.0,2023.0,2212.0,2264.0,2231.0,2176.0,2128.0,2056.0,1928.0,1788.0,1875.0,2092.0,2188.0,2171.0,2128.0,2082.0,2058.0,2003.0,1913.0,1800.0,2041.0,2147.0,2208.0,2212.0,2167.0,2125.0,2098.0,2049.0,1943.0,1812.0,1932.0,2138.0,2238.0,2211.0,2165.0,2114.0,2095.0,2048.0,1935.0,1817.0,1920.0,2156.0,2248.0,2237.0,2182.0,2136.0,2112.0,2060.0,1956.0,1816.0,1926.0,2140.0,2242.0,2224.0,2182.0,2130.0,2089.0,2063.0,1954.0,1832.0,1960.0,2038.0,2230.0,2288.0,2260.0,2203.0,2152.0,2097.0,1988.0,1826.0,2100.0,2144.0,2189.0,2185.0,2142.0,2108.0,2057.0,2064.0,1948.0
2208.0,2157.0,2125.0,2069.0,1964.0,1830.0,1960.0,2023.0,2212.0,2264.0,2231.0,2176.0,2128.0,2056.0,1928.0,1788.0,1875.0,2092.0,2188.0,2171.0,2128.0,2082.0,2058.0,2003.0,1913.0,1800.0,2041.0,2147.0,2208.0,2212.0,2167.0,2125.0,2098.0,2049.0,1943.0,1812.0,1932.0,2138.0,2238.0,2211.0,2165.0,2114.0,2095.0,2048.0,1935.0,1817.0,1920.0,2156.0,2248.0,2237.0,2182.0,2136.0,2112.0,2060.0,1956.0,1816.0,1926.0,2140.0,2242.0,2224.0,2182.0,2130.0,2089.0,2063.0,1954.0,1832.0,1960.0,2038.0,2230.0,2288.0,2260.0,2203.0,2152.0,2097.0,1988.0,1826.0,2100.0,2144.0,2189.0,2185.0,2142.0,2108.0,2057.0,2064.0,1948.0,1814.0,1911.0,2144.0,2244.0,2221.0,2169.0,2114.0,2061.0,2056.0,1952.0,1815.0,1936.0,2144.0,2237.0,2222.0
1788.0,1875.0,2092.0,2188.0,2171.0,2128.0,2082.0,2058.0,2003.0,1913.0,1800.0,2041.0,2147.0,2208.0,2212.0,2167.0,2125.0,2098.0,2049.0,1943.0,1812.0,1932.0,2138.0,2238.0,2211.0,2165.0,2114.0,2095.0,2048.0,1935.0,1817.0,1920.0,2156.0,2248.0,2237.0,2182.0,2136.0,2112.0,2060.0,1956.0,1816.0,1926.0,2140.0,2242.0,2224.0,2182.0,2130.0,2089.0,2063.0,1954.0,1832.0,1960.0,2038.0,2230.0,2288.0,2260.0,2203.0,2152.0,2097.0,1988.0,1826.0,2100.0,2144.0,2189.0,2185.0,2142.0,2108.0,2057.0,2064.0,1948.0,1814.0,1911.0,2144.0,2244.0,2221.0,2169.0,2114.0,2061.0,2056.0,1952.0,1815.0,1936.0,2144.0,2237.0,2222.0,2163.0,2117.0,2057.0,2058.0,1948.0,1812.0,1900.0,2122.0,2231.0,2206.0,2160.0,2108.0,2051.0,2053.0,1952.0
2167.0,2125.0,2098.0,2049.0,1943.0,1812.0,1932.0,2138.0,2238.0,2211.0,2165.0,2114.0,2095.0,2048.0,1935.0,1817.0,1920.0,2156.0,2248.0,2237.0,2182.0,2136.0,2112.0,2060.0,1956.0,1816.0,1926.0,2140.0,2242.0,2224.0,2182.0,2130.0,2089.0,2063.0,1954.0,1832.0,1960.0,2038.0,2230.0,2288.0,2260.0,2203.0,2152.0,2097.0,1988.0,1826.0,2100.0,2144.0,2189.0,2185.0,2142.0,2108.0,2057.0,2064.0,1948.0,1814.0,1911.0,2144.0,2244.0,2221.0,2169.0,2114.0,2061.0,2056.0,1952.0,1815.0,1936.0,2144.0,2237.0,2222.0,2163.0,2117.0,2057.0,2058.0,1948.0,1812.0,1900.0,2122.0,2231.0,2206.0,2160.0,2108.0,2051.0,2053.0,1952.0,1809.0,1900.0,2136.0,2234.0,2224.0,2176.0,2124.0,2060.0,2067.0,1956.0,1816.0,2154.0,2112.0,2136.0,2208.0
1817.0,1920.0,2156.0,2248.0,2237.0,2182.0,2136.0,2112.0,2060.0,1956.0,1816.0,1926.0,2140.0,2242.0,2224.0,2182.0,2130.0,2089.0,2063.0,1954.0,1832.0,1960.0,2038.0,2230.0,2288.0,2260.0,2203.0,2152.0,2097.0,1988.0,1826.0,2100.0,2144.0,2189.0,2185.0,2142.0,2108.0,2057.0,2064.0,1948.0,1814.0,1911.0,2144.0,2244.0,2221.0,2169.0,2114.0,2061.0,2056.0,1952.0,1815.0,1936.0,2144.0,2237.0,2222.0,2163.0,2117.0,2057.0,2058.0,1948.0,1812.0,1900.0,2122.0,2231.0,2206.0,2160.0,2108.0,2051.0,2053.0,1952.0,1809.0,1900.0,2136.0,2234.0,2224.0,2176.0,2124.0,2060.0,2067.0,1956.0,1816.0,2154.0,2112.0,2136.0,2208.0,2209.0,2169.0,2112.0,2105.0,1976.0,1821.0,1912.0,2130.0,2226.0,2208.0,2148.0,2106.0,2039.0,2052.0,1942.0
2182.0,2130.0,2089.0,2063.0,1954.0,1832.0,1960.0,2038.0,2230.0,2288.0,2260.0,2203.0,2152.0,2097.0,1988.0,1826.0,2100.0,2144.0,2189.0,2185.0,2142.0,2108.0,2057.0,2064.0,1948.0,1814.0,1911.0,2144.0,2244.0,2221.0,2169.0,2114.0,2061.0,2056.0,1952.0,1815.0,1936.0,2144.0,2237.0,2222.0,2163.0,2117.0,2057.0,2058.0,1948.0,1812.0,1900.0,2122.0,2231.0,2206.0,2160.0,2108.0,2051.0,2053.0,1952.0,1809.0,1900.0,2136.0,2234.0,2224.0,2176.0,2124.0,2060.0,2067.0,1956.0,1816.0,2154.0,2112.0,2136.0,2208.0,2209.0,2169.0,2112.0,2105.0,1976.0,1821.0,1912.0,2130.0,2226.0,2208.0,2148.0,2106.0,2039.0,2052.0,1942.0,1800.0,1889.0,2119.0,2226.0,2208.0,2166.0,2119.0,2060.0,2061.0,1950.0,1812.0,1916.0,2122.0,2225.0,2208.0
1826.0,2100.0,2144.0,2189.0,2185.0,2142.0,2108.0,2057.0,2064.0,1948.0,1814.0,1911.0,2144.0,2244.0,2221.0,2169.0,2114.0,2061.0,2056.0,1952.0,1815.0,1936.0,2144.0,2237.0,2222.0,2163.0,2117.0,2057.0,2058.0,1948.0,1812.0,1900.0,2122.0,2231.0,2206.0,2160.0,2108.0,2051.0,2053.0,1952.0,1809.0,1900.0,2136.0,2234.0,2224.0,2176.0,2124.0,2060.0,2067.0,1956.0,1816.0,2154.0,2112.0,2136.0,2208.0,2209.0,2169.0,2112.0,2105.0,1976.0,1821.0,1912.0,2130.0,2226.0,2208.0,2148.0,2106.0,2039.0,2052.0,1942.0,1800.0,1889.0,2119.0,2226.0,2208.0,2166.0,2119.0,2060.0,2061.0,1950.0,1812.0,1916.0,2122.0,2225.0,2208.0,2155.0,2045.0,1917.0,1988.0,1928.0,1872.0,2037.0,2298.0,2462.0,2432.0,2316.0,2216.0,2089.0,2020.0,1901.0
2169.0,2114.0,2061.0,2056.0,1952.0,1815.0,1936.0,2144.0,2237.0,2222.0,2163.0,2117.0,2057.0,2058.0,1948.0,1812.0,1900.0,2122.0,2231.0,2206.0,2160.0,2108.0,2051.0,2053.0,1952.0,1809.0,1900.0,2136.0,2234.0,2224.0,2176.0,2124.0,2060.0,2067.0,1956.0,1816.0,2154.0,2112.0,2136.0,2208.0,2209.0,2169.0,2112.0,2105.0,1976.0,1821.0,1912.0,2130.0,2226.0,2208.0,2148.0,2106.0,2039.0,2052.0,1942.0,1800.0,1889.0,2119.0,2226.0,2208.0,2166.0,2119.0,2060.0,2061.0,1950.0,1812.0,1916.0,2122.0,2225.0,2208.0,2155.0,2045.0,1917.0,1988.0,1928.0,1872.0,2037.0,2298.0,2462.0,2432.0,2316.0,2216.0,2089.0,2020.0,1901.0,1714.0,1941.0,2020.0,2080.0,2083.0,2040.0,2002.0,1950.0,1887.0,1632.0,1715.0,2032.0,2150.0,2319.0,2334.0
1812.0,1900.0,2122.0,2231.0,2206.0,2160.0,2108.0,2051.0,2053.0,1952.0,1809.0,1900.0,2136.0,2234.0,2224.0,2176.0,2124.0,2060.0,2067.0,1956.0,1816.0,2154.0,2112.0,2136.0,2208.0,2209.0,2169.0,2112.0,2105.0,1976.0,1821.0,1912.0,2130.0,2226.0,2208.0,2148.0,2106.0,2039.0,2052.0,1942.0,1800.0,1889.0,2119.0,2226.0,2208.0,2166.0,2119.0,2060.0,2061.0,1950.0,1812.0,1916.0,2122.0,2225.0,2208.0,2155.0,2045.0,1917.0,1988.0,1928.0,1872.0,2037.0,2298.0,2462.0,2432.0,2316.0,2216.0,2089.0,2020.0,1901.0,1714.0,1941.0,2020.0,2080.0,2083.0,2040.0,2002.0,1950.0,1887.0,1632.0,1715.0,2032.0,2150.0,2319.0,2334.0,2247.0,2151.0,2039.0,1980.0,1892.0,1725.0,1806.0,2025.0,2121.0,2120.0,2074.0,2029.0,1979.0,1956.0,1913.0
2176.0,2124.0,2060.0,2067.0,1956.0,1816.0,2154.0,2112.0,2136.0,2208.0,2209.0,2169.0,2112.0,2105.0,1976.0,1821.0,1912.0,2130.0,2226.0,2208.0,2148.0,2106.0,2039.0,2052.0,1942.0,1800.0,1889.0,2119.0,2226.0,2208.0,2166.0,2119.0,2060.0,2061.0,1950.0,1812.0,1916.0,2122.0,2225.0,2208.0,2155.0,2045.0,1917.0,1988.0,1928.0,1872.0,2037.0,2298.0,2462.0,2432.0,2316.0,2216.0,2089.0,2020.0,1901.0,1714.0,1941.0,2020.0,2080.0,2083.0,2040.0,2002.0,1950.0,1887.0,1632.0,1715.0,2032.0,2150.0,2319.0,2334.0,2247.0,2151.0,2039.0,1980.0,1892.0,1725.0,1806.0,2025.0,2121.0,2120.0,2074.0,2029.0,1979.0,1956.0,1913.0,1764.0,1860.0,2092.0,2192.0,2195.0,2140.0,2098.0,2038.0,2016.0,1970.0,1811.0,1920.0,2116.0,2217.0,2216.0
1821.0,1912.0,2130.0,2226.0,2208.0,2148.0,2106.0,2039.0,2052.0,1942.0,1800.0,1889.0,2119.0,2226.0,2208.0,2166.0,2119.0,2060.0,2061.0,1950.0,1812.0,1916.0,2122.0,2225.0,2208.0,2155.0,2045.0,1917.0,1988.0,1928.0,1872.0,2037.0,2298.0,2462.0,2432.0,2316.0,2216.0,2089.0,2020.0,1901.0,1714.0,1941.0,2020.0,2080.0,2083.0,2040.0,2002.0,1950.0,1887.0,1632.0,1715.0,2032.0,2150.0,2319.0,2334.0,2247.0,2151.0,2039.0,1980.0,1892.0,1725.0,1806.0,2025.0,2121.0,2120.0,2074.0,2029.0,1979.0,1956.0,1913.0,1764.0,1860.0,2092.0,2192.0,2195.0,2140.0,2098.0,2038.0,2016.0,1970.0,1811.0,1920.0,2116.0,2217.0,2216.0,2166.0,2119.0,2068.0,2034.0,1995.0,1841.0,2102.0,2152.0,2196.0,2196.0,2152.0,2118.0,2064.0,2036.0,1992.0
2166.0,2119.0,2060.0,2061.0,1950.0,1812.0,1916.0,2122.0,2225.0,2208.0,2155.0,2045.0,1917.0,1988.0,1928.0,1872.0,2037.0,2298.0,2462.0,2432.0,2316.0,2216.0,2089.0,2020.0,1901.0,1714.0,1941.0,2020.0,2080.0,2083.0,2040.0,2002.0,1950.0,1887.0,1632.0,1715.0,2032.0,2150.0,2319.0,2334.0,2247.0,2151.0,2039.0,1980.0,1892.0,1725.0,1806.0,2025.0,2121.0,2120.0,2074.0,2029.0,1979.0,1956.0,1913.0,1764.0,1860.0,2092.0,2192.0,2195.0,2140.0,2098.0,2038.0,2016.0,1970.0,1811.0,1920.0,2116.0,2217.0,2216.0,2166.0,2119.0,2068.0,2034.0,1995.0,1841.0,2102.0,2152.0,2196.0,2196.0,2152.0,2118.0,2064.0,2036.0,1992.0,1834.0,1931.0,2151.0,2254.0,2248.0,2191.0,2133.0,2072.0,2038.0,1982.0,1844.0,1970.0,2031.0,2215.0,2273.0
1872.0,2037.0,2298.0,2462.0,2432.0,2316.0,2216.0,2089.0,2020.0,1901.0,1714.0,1941.0,2020.0,2080.0,2083.0,2040.0,2002.0,1950.0,1887.0,1632.0,1715.0,2032.0,2150.0,2319.0,2334.0,2247.0,2151.0,2039.0,1980.0,1892.0,1725.0,1806.0,2025.0,2121.0,2120.0,2074.0,2029.0,1979.0,1956.0,1913.0,1764.0,1860.0,2092.0,2192.0,2195.0,2140.0,2098.0,2038.0,2016.0,1970.0,1811.0,1920.0,2116.0,2217.0,2216.0,2166.0,2119.0,2068.0,2034.0,1995.0,1841.0,2102.0,2152.0,2196.0,2196.0,2152.0,2118.0,2064.0,2036.0,1992.0,1834.0,1931.0,2151.0,2254.0,2248.0,2191.0,2133.0,2072.0,2038.0,1982.0,1844.0,1970.0,2031.0,2215.0,2273.0,2238.0,2183.0,2108.0,2057.0,1999.0,1837.0,1920.0,2132.0,2233.0,2216.0,2162.0,2112.0,2048.0,2018.0,1975.0
2040.0,2002.0,1950.0,1887.0,1632.0,1715.0,2032.0,2150.0,2319.0,2334.0,2247.0,2151.0,2039.0,1980.0,1892.0,1725.0,1806.0,2025.0,2121.0,2120.0,2074.0,2029.0,1979.0,1956.0,1913.0,1764.0,1860.0,2092.0,2192.0,2195.0,2140.0,2098.0,2038.0,2016.0,1970.0,1811.0,1920.0,2116.0,2217.0,2216.0,2166.0,2119.0,2068.0,2034.0,1995.0,1841.0,2102.0,2152.0,2196.0,2196.0,2152.0,2118.0,2064.0,2036.0,1992.0,1834.0,1931.0,2151.0,2254.0,2248.0,2191.0,2133.0,2072.0,2038.0,1982.0,1844.0,1970.0,2031.0,2215.0,2273.0,2238.0,2183.0,2108.0,2057.0,1999.0,1837.0,1920.0,2132.0,2233.0,2216.0,2162.0,2112.0,2048.0,2018.0,1975.0,1823.0,1899.0,2119.0,2205.0,2202.0,2154.0,2108.0,2062.0,2024.0,1950.0,1834.0,2114.0,2151.0,2188.0,2185.0
1725.0,1806.0,2025.0,2121.0,2120.0,2074.0,2029.0,1979.0,1956.0,1913.0,1764.0,1860.0,2092.0,2192.0,2195.0,2140.0,2098.0,2038.0,2016.0,1970.0,1811.0,1920.0,2116.0,2217.0,2216.0,2166.0,2119.0,2068.0,2034.0,1995.0,1841.0,2102.0,2152.0,2196.0,2196.0,2152.0,2118.0,2064.0,2036.0,1992.0,1834.0,1931.0,2151.0,2254.0,2248.0,2191.0,2133.0,2072.0,2038.0,1982.0,1844.0,1970.0,2031.0,2215.0,2273.0,2238.0,2183.0,2108.0,2057.0,1999.0,1837.0,1920.0,2132.0,2233.0,2216.0,2162.0,2112.0,2048.0,2018.0,1975.0,1823.0,1899.0,2119.0,2205.0,2202.0,2154.0,2108.0,2062.0,2024.0,1950.0,1834.0,2114.0,2151.0,2188.0,2185.0,2150.0,2115.0,2057.0,2038.0,1964.0,1864.0,1943.0,2163.0,2264.0,2246.0,2201.0,2146.0,2088.0,2052.0,1983.0
2140.0,2098.0,2038.0,2016.0,1970.0,1811.0,1920.0,2116.0,2217.0,2216.0,2166.0,2119.0,2068.0,2034.0,1995.0,1841.0,2102.0,2152.0,2196.0,2196.0,2152.0,2118.0,2064.0,2036.0,1992.0,1834.0,1931.0,2151.0,2254.0,2248.0,2191.0,2133.0,2072.0,2038.0,1982.0,1844.0,1970.0,2031.0,2215.0,2273.0,2238.0,2183.0,2108.0,2057.0,1999.0,1837.0,1920.0,2132.0,2233.0,2216.0,2162.0,2112.0,2048.0,2018.0,1975.0,1823.0,1899.0,2119.0,2205.0,2202.0,2154.0,2108.0,2062.0,2024.0,1950.0,1834.0,2114.0,2151.0,2188.0,2185.0,2150.0,2115.0,2057.0,2038.0,1964.0,1864.0,1943.0,2163.0,2264.0,2246.0,2201.0,2146.0,2088.0,2052.0,1983.0,1865.0,1950.0,2168.0,2244.0,2234.0,2176.0,2134.0,2069.0,2042.0,1959.0,1856.0,1971.0,2028.0,2209.0,2265.0
1841.0,2102.0,2152.0,2196.0,2196.0,2152.0,2118.0,2064.0,2036.0,1992.0,1834.0,1931.0,2151.0,2254.0,2248.0,2191.0,2133.0,2072.0,2038.0,1982.0,1844.0,1970.0,2031.0,2215.0,2273.0,2238.0,2183.0,2108.0,2057.0,1999.0,1837.0,1920.0,2132.0,2233.0,2216.0,2162.0,2112.0,2048.0,2018.0,1975.0,1823.0,1899.0,2119.0,2205.0,2202.0,2154.0,2108.0,2062.0,2024.0,1950.0,1834.0,2114.0,2151.0,2188.0,2185.0,2150.0,2115.0,2057.0,2038.0,1964.0,1864.0,1943.0,2163.0,2264.0,2246.0,2201.0,2146.0,2088.0,2052.0,1983.0,1865.0,1950.0,2168.0,2244.0,2234.0,2176.0,2134.0,2069.0,2042.0,1959.0,1856.0,1971.0,2028.0,2209.0,2265.0,2238.0,2182.0,2113.0,2066.0,1969.0,1856.0,1916.0,2140.0,2220.0,2210.0,2160.0,2116.0,2056.0,2016.0,1944.0
2191.0,2133.0,2072.0,2038.0,1982.0,1844.0,1970.0,2031.0,2215.0,2273.0,2238.0,2183.0,2108.0,2057.0,1999.0,1837.0,1920.0,2132.0,2233.0,2216.0,2162.0,2112.0,2048.0,2018.0,1975.0,1823.0,1899.0,2119.0,2205.0,2202.0,2154.0,2108.0,2062.0,2024.0,1950.0,1834.0,2114.0,2151.0,2188.0,2185.0,2150.0,2115.0,2057.0,2038.0,1964.0,1864.0,1943.0,2163.0,2264.0,2246.0,2201.0,2146.0,2088.0,2052.0,1983.0,1865.0,1950.0,2168.0,2244.0,2234.0,2176.0,2134.0,2069.0,2042.0,1959.0,1856.0,1971.0,2028.0,2209.0,2265.0,2238.0,2182.0,2113.0,2066.0,1969.0,1856.0,1916.0,2140.0,2220.0,2210.0,2160.0,2116.0,2056.0,2016.0,1944.0,1851.0,2059.0,2145.0,2208.0,2212.0,2168.0,2118.0,2056.0,2025.0,1948.0,1855.0,1944.0,2148.0,2235.0,2224.0
1837.0,1920.0,2132.0,2233.0,2216.0,2162.0,2112.0,2048.0,2018.0,1975.0,1823.0,1899.0,2119.0,2205.0,2202.0,2154.0,2108.0,2062.0,2024.0,1950.0,1834.0,2114.0,2151.0,2188.0,2185.0,2150.0,2115.0,2057.0,2038.0,1964.0,1864.0,1943.0,2163.0,2264.0,2246.0,2201.0,2146.0,2088.0,2052.0,1983.0,1865.0,1950.0,2168.0,2244.0,2234.0,2176.0,2134.0,2069.0,2042.0,1959.0,1856.0,1971.0,2028.0,2209.0,2265.0,2238.0,2182.0,2113.0,2066.0,1969.0,1856.0,1916.0,2140.0,2220.0,2210.0,2160.0,2116.0,2056.0,2016.0,1944.0,1851.0,2059.0,2145.0,2208.0,2212.0,2168.0,2118.0,2056.0,2025.0,1948.0,1855.0,1944.0,2148.0,2235.0,2224.0,2165.0,2116.0,2068.0,2032.0,1965.0,1862.0,1950.0,2168.0,2249.0,2235.0,2182.0,2141.0,2077.0,2051.0,1976.0
2154.0,2108.0,2062.0,2024.0,1950.0,1834.0,2114.0,2151.0,2188.0,2185.0,2150.0,2115.0,2057.0,2038.0,1964.0,1864.0,1943.0,2163.0,2264.0,2246.0,2201.0,2146.0,2088.0,2052.0,1983.0,1865.0,1950.0,2168.0,2244.0,2234.0,2176.0,2134.0,2069.0,2042.0,1959.0,1856.0,1971.0,2028.0,2209.0,2265.0,2238.0,2182.0,2113.0,2066.0,1969.0,1856.0,1916.0,2140.0,2220.0,2210.0,2160.0,2116.0,2056.0,2016.0,1944.0,1851.0,2059.0,2145.0,2208.0,2212.0,2168.0,2118.0,2056.0,2025.0,1948.0,1855.0,1944.0,2148.0,2235.0,2224.0,2165.0,2116.0,2068.0,2032.0,1965.0,1862.0,1950.0,2168.0,2249.0,2235.0,2182.0,2141.0,2077.0,2051.0,1976.0,1878.0,1961.0,2176.0,2256.0,2243.0,2196.0,2144.0,2090.0,2056.0,1984.0,1855.0,2029.0,2056.0,2234.0,2292.0
1864.0,1943.0,2163.0,2264.0,2246.0,2201.0,2146.0,2088.0,2052.0,1983.0,1865.0,1950.0,2168.0,2244.0,2234.0,2176.0,2134.0,2069.0,2042.0,1959.0,1856.0,1971.0,2028.0,2209.0,2265.0,2238.0,2182.0,2113.0,2066.0,1969.0,1856.0,1916.0,2140.0,2220.0,2210.0,2160.0,2116.0,2056.0,2016.0,1944.0,1851.0,2059.0,2145.0,2208.0,2212.0,2168.0,2118.0,2056.0,2025.0,1948.0,1855.0,1944.0,2148.0,2235.0,2224.0,2165.0,2116.0,2068.0,2032.0,1965.0,1862.0,1950.0,2168.0,2249.0,2235.0,2182.0,2141.0,2077.0,2051.0,1976.0,1878.0,1961.0,2176.0,2256.0,2243.0,2196.0,2144.0,2090.0,2056.0,1984.0,1855.0,2029.0,2056.0,2234.0,2292.0,2251.0,2202.0,2129.0,2076.0,1987.0,1850.0,2130.0,2164.0,2192.0,2182.0,2140.0,2103.0,2056.0,2023.0,1953.0
2176.0,2134.0,2069.0,2042.0,1959.0,1856.0,1971.0,2028.0,2209.0,2265.0,2238.0,2182.0,2113.0,2066.0,1969.0,1856.0,1916.0,2140.0,2220.0,2210.0,2160.0,2116.0,2056.0,2016.0,1944.0,1851.0,2059.0,2145.0,2208.0,2212.0,2168.0,2118.0,2056.0,2025.0,1948.0,1855.0,1944.0,2148.0,2235.0,2224.0,2165.0,2116.0,2068.0,2032.0,1965.0,1862.0,1950.0,2168.0,2249.0,2235.0,2182.0,2141.0,2077.0,2051.0,1976.0,1878.0,1961.0,2176.0,2256.0,2243.0,2196.0,2144.0,2090.0,2056.0,1984.0,1855.0,2029.0,2056.0,2234.0,2292.0,2251.0,2202.0,2129.0,2076.0,1987.0,1850.0,2130.0,2164.0,2192.0,2182.0,2140.0,2103.0,2056.0,2023.0,1953.0,1827.0,1951.0,2168.0,2248.0,2236.0,2170.0,2135.0,2068.0,2034.0,1953.0,1822.0,1983.0,2176.0,2248.0,2227.0
1856.0,1916.0,2140.0,2220.0,2210.0,2160.0,2116.0,2056.0,2016.0,1944.0,1851.0,2059.0,2145.0,2208.0,2212.0,2168.0,2118.0,2056.0,2025.0,1948.0,1855.0,1944.0,2148.0,2235.0,2224.0,2165.0,2116.0,2068.0,2032.0,1965.0,1862.0,1950.0,2168.0,2249.0,2235.0,2182.0,2141.0,2077.0,2051.0,1976.0,1878.0,1961.0,2176.0,2256.0,2243.0,2196.0,2144.0,2090.0,2056.0,1984.0,1855.0,2029.0,2056.0,2234.0,2292.0,2251.0,2202.0,2129.0,2076.0,1987.0,1850.0,2130.0,2164.0,2192.0,2182.0,2140.0,2103.0,2056.0,2023.0,1953.0,1827.0,1951.0,2168.0,2248.0,2236.0,2170.0,2135.0,2068.0,2034.0,1953.0,1822.0,1983.0,2176.0,2248.0,2227.0,2171.0,2135.0,2076.0,2036.0,1960.0,1828.0,1984.0,2178.0,2242.0,2227.0,2165.0,2127.0,2071.0,2039.0,1968.0
2168.0,2118.0,2056.0,2025.0,1948.0,1855.0,1944.0,2148.0,2235.0,2224.0,2165.0,2116.0,2068.0,2032.0,1965.0,1862.0,1950.0,2168.0,2249.0,2235.0,2182.0,2141.0,2077.0,2051.0,1976.0,1878.0,1961.0,2176.0,2256.0,2243.0,2196.0,2144.0,2090.0,2056.0,1984.0,1855.0,2029.0,2056.0,2234.0,2292.0,2251.0,2202.0,2129.0,2076.0,1987.0,1850.0,2130.0,2164.0,2192.0,2182.0,2140.0,2103.0,2056.0,2023.0,1953.0,1827.0,1951.0,2168.0,2248.0,2236.0,2170.0,2135.0,2068.0,2034.0,1953.0,1822.0,1983.0,2176.0,2248.0,2227.0,2171.0,2135.0,2076.0,2036.0,1960.0,1828.0,1984.0,2178.0,2242.0,2227.0,2165.0,2127.0,2071.0,2039.0,1968.0,1822.0,2005.0,2179.0,2252.0,2226.0,2173.0,2124.0,2064.0,2022.0,1956.0,1820.0,2208.0,2153.0,2120.0,2204.0
1862.0,1950.0,2168.0,2249.0,2235.0,2182.0,2141.0,2077.0,2051.0,1976.0,1878.0,1961.0,2176.0,2256.0,2243.0,2196.0,2144.0,2090.0,2056.0,1984.0,1855.0,2029.0,2056.0,2234.0,2292.0,2251.0,2202.0,2129.0,2076.0,1987.0,1850.0,2130.0,2164.0,2192.0,2182.0,2140.0,2103.0,2056.0,2023.0,1953.0,1827.0,1951.0,2168.0,2248.0,2236.0,2170.0,2135.0,2068.0,2034.0,1953.0,1822.0,1983.0,2176.0,2248.0,2227.0,2171.0,2135.0,2076.0,2036.0,1960.0,1828.0,1984.0,2178.0,2242.0,2227.0,2165.0,2127.0,2071.0,2039.0,1968.0,1822.0,2005.0,2179.0,2252.0,2226.0,2173.0,2124.0,2064.0,2022.0,1956.0,1820.0,2208.0,2153.0,2120.0,2204.0,2188.0,2155.0,2104.0,2048.0,1967.0,1816.0,1944.0,2178.0,2241.0,2210.0,2140.0,2106.0,2052.0,2020.0,1951.0
2196.0,2144.0,2090.0,2056.0,1984.0,1855.0,2029.0,2056.0,2234.0,2292.0,2251.0,2202.0,2129.0,2076.0,1987.0,1850.0,2130.0,2164.0,2192.0,2182.0,2140.0,2103.0,2056.0,2023.0,1953.0,1827.0,1951.0,2168.0,2248.0,2236.0,2170.0,2135.0,2068.0,2034.0,1953.0,1822.0,1983.0,2176.0,2248.0,2227.0,2171.0,2135.0,2076.0,2036.0,1960.0,1828.0,1984.0,2178.0,2242.0,2227.0,2165.0,2127.0,2071.0,2039.0,1968.0,1822.0,2005.0,2179.0,2252.0,2226.0,2173.0,2124.0,2064.0,2022.0,1956.0,1820.0,2208.0,2153.0,2120.0,2204.0,2188.0,2155.0,2104.0,2048.0,1967.0,1816.0,1944.0,2178.0,2241.0,2210.0,2140.0,2106.0,2052.0,2020.0,1951.0,1816.0,1942.0,2188.0,2243.0,2218.0,2160.0,2113.0,2064.0,2029.0,1961.0,1817.0,1951.0,2190.0,2242.0,2217.0
1850.0,2130.0,2164.0,2192.0,2182.0,2140.0,2103.0,2056.0,2023.0,1953.0,1827.0,1951.0,2168.0,2248.0,2236.0,2170.0,2135.0,2068.0,2034.0,1953.0,1822.0,1983.0,2176.0,2248.0,2227.0,2171.0,2135.0,2076.0,2036.0,1960.0,1828.0,1984.0,2178.0,2242.0,2227.0,2165.0,2127.0,2071.0,2039.0,1968.0,1822.0,2005.0,2179.0,2252.0,2226.0,2173.0,2124.0,2064.0,2022.0,1956.0,1820.0,2208.0,2153.0,2120.0,2204.0,2188.0,2155.0,2104.0,2048.0,1967.0,1816.0,1944.0,2178.0,2241.0,2210.0,2140.0,2106.0,2052.0,2020.0,1951.0,1816.0,1942.0,2188.0,2243.0,2218.0,2160.0,2113.0,2064.0,2029.0,1961.0,1817.0,1951.0,2190.0,2242.0,2217.0,2147.0,2108.0,2052.0,2016.0,1948.0,1812.0,1932.0,2192.0,2244.0,2216.0,2148.0,2102.0,2048.0,2008.0,1942.0
2170.0,2135.0,2068.0,2034.0,1953.0,1822.0,1983.0,2176.0,2248.0,2227.0,2171.0,2135.0,2076.0,2036.0,1960.0,1828.0,1984.0,2178.0,2242.0,2227.0,2165.0,2127.0,2071.0,2039.0,1968.0,1822.0,2005.0,2179.0,2252.0,2226.0,2173.0,2124.0,2064.0,2022.0,1956.0,1820.0,2208.0,2153.0,2120.0,2204.0,2188.0,2155.0,2104.0,2048.0,1967.0,1816.0,1944.0,2178.0,2241.0,2210.0,2140.0,2106.0,2052.0,2020.0,1951.0,1816.0,1942.0,2188.0,2243.0,2218.0,2160.0,2113.0,2064.0,2029.0,1961.0,1817.0,1951.0,2190.0,2242.0,2217.0,2147.0,2108.0,2052.0,2016.0,1948.0,1812.0,1932.0,2192.0,2244.0,2216.0,2148.0,2102.0,2048.0,2008.0,1942.0,1795.0,2047.0,2185.0,2220.0,2211.0,2146.0,2105.0,2049.0,2007.0,1926.0,1784.0,1965.0,2052.0,2210.0,2236.0
1828.0,1984.0,2178.0,2242.0,2227.0,2165.0,2127.0,2071.0,2039.0,1968.0,1822.0,2005.0,2179.0,2252.0,2226.0,2173.0,2124.0,2064.0,2022.0,1956.0,1820.0,2208.0,2153.0,2120.0,2204.0,2188.0,2155.0,2104.0,2048.0,1967.0,1816.0,1944.0,2178.0,2241.0,2210.0,2140.0,2106.0,2052.0,2020.0,1951.0,1816.0,1942.0,2188.0,2243.0,2218.0,2160.0,2113.0,2064.0,2029.0,1961.0,1817.0,1951.0,2190.0,2242.0,2217.0,2147.0,2108.0,2052.0,2016.0,1948.0,1812.0,1932.0,2192.0,2244.0,2216.0,2148.0,2102.0,2048.0,2008.0,1942.0,1795.0,2047.0,2185.0,2220.0,2211.0,2146.0,2105.0,2049.0,2007.0,1926.0,1784.0,1965.0,2052.0,2210.0,2236.0,2183.0,2125.0,2066.0,2009.0,1926.0,1783.0,1906.0,2160.0,2212.0,2182.0,2112.0,2072.0,2026.0,1990.0,1935.0
2173.0,2124.0,2064.0,2022.0,1956.0,1820.0,2208.0,2153.0,2120.0,2204.0,2188.0,2155.0,2104.0,2048.0,1967.0,1816.0,1944.0,2178.0,2241.0,2210.0,2140.0,2106.0,2052.0,2020.0,1951.0,1816.0,1942.0,2188.0,2243.0,2218.0,2160.0,2113.0,2064.0,2029.0,1961.0,1817.0,1951.0,2190.0,2242.0,2217.0,2147.0,2108.0,2052.0,2016.0,1948.0,1812.0,1932.0,2192.0,2244.0,2216.0,2148.0,2102.0,2048.0,2008.0,1942.0,1795.0,2047.0,2185.0,2220.0,2211.0,2146.0,2105.0,2049.0,2007.0,1926.0,1784.0,1965.0,2052.0,2210.0,2236.0,2183.0,2125.0,2066.0,2009.0,1926.0,1783.0,1906.0,2160.0,2212.0,2182.0,2112.0,2072.0,2026.0,1990.0,1935.0,1791.0,1933.0,2180.0,2250.0,2213.0,2145.0,2093.0,2036.0,2004.0,1939.0,1786.0,1912.0,2147.0,2239.0,2217.0
1816.0,1944.0,2178.0,2241.0,2210.0,2140.0,2106.0,2052.0,2020.0,1951.0,1816.0,1942.0,2188.0,2243.0,2218.0,2160.0,2113.0,2064.0,2029.0,1961.0,1817.0,1951.0,2190.0,2242.0,2217.0,2147.0,2108.0,2052.0,2016.0,1948.0,1812.0,1932.0,2192.0,2244.0,2216.0,2148.0,2102.0,2048.0,2008.0,1942.0,1795.0,2047.0,2185.0,2220.0,2211.0,2146.0,2105.0,2049.0,2007.0,1926.0,1784.0,1965.0,2052.0,2210.0,2236.0,2183.0,2125.0,2066.0,2009.0,1926.0,1783.0,1906.0,2160.0,2212.0,2182.0,2112.0,2072.0,2026.0,1990.0,1935.0,1791.0,1933.0,2180.0,2250.0,2213.0,2145.0,2093.0,2036.0,2004.0,1939.0,1786.0,1912.0,2147.0,2239.0,2217.0,2149.0,2098.0,2048.0,2010.0,1945.0,1808.0,2105.0,2162.0,2219.0,2185.0,2114.0,2080.0,2026.0,2001.0,1944.0
2160.0,2113.0,2064.0,2029.0,1961.0,1817.0,1951.0,2190.0,2242.0,2217.0,2147.0,2108.0,2052.0,2016.0,1948.0,1812.0,1932.0,2192.0,2244.0,2216.0,2148.0,2102.0,2048.0,2008.0,1942.0,1795.0,2047.0,2185.0,2220.0,2211.0,2146.0,2105.0,2049.0,2007.0,1926.0,1784.0,1965.0,2052.0,2210.0,2236.0,2183.0,2125.0,2066.0,2009.0,1926.0,1783.0,1906.0,2160.0,2212.0,2182.0,2112.0,2072.0,2026.0,1990.0,1935.0,1791.0,1933.0,2180.0,2250.0,2213.0,2145.0,2093.0,2036.0,2004.0,1939.0,1786.0,1912.0,2147.0,2239.0,2217.0,2149.0,2098.0,2048.0,2010.0,1945.0,1808.0,2105.0,2162.0,2219.0,2185.0,2114.0,2080.0,2026.0,2001.0,1944.0,1804.0,1936.0,2164.0,2256.0,2213.0,2136.0,2082.0,2031.0,1989.0,1944.0,1789.0,1967.0,2030.0,2242.0,2403.0
1812.0,1932.0,2192.0,2244.0,2216.0,2148.0,2102.0,2048.0,2008.0,1942.0,1795.0,2047.0,2185.0,2220.0,2211.0,2146.0,2105.0,2049.0,2007.0,1926.0,1784.0,1965.0,2052.0,2210.0,2236.0,2183.0,2125.0,2066.0,2009.0,1926.0,1783.0,1906.0,2160.0,2212.0,2182.0,2112.0,2072.0,2026.0,1990.0,1935.0,1791.0,1933.0,2180.0,2250.0,2213.0,2145.0,2093.0,2036.0,2004.0,1939.0,1786.0,1912.0,2147.0,2239.0,2217.0,2149.0,2098.0,2048.0,2010.0,1945.0,1808.0,2105.0,2162.0,2219.0,2185.0,2114.0,2080.0,2026.0,2001.0,1944.0,1804.0,1936.0,2164.0,2256.0,2213.0,2136.0,2082.0,2031.0,1989.0,1944.0,1789.0,1967.0,2030.0,2242.0,2403.0,2256.0,2102.0,2002.0,1956.0,1908.0,1791.0,1941.0,2168.0,2288.0,2240.0,2163.0,2108.0,2056.0,2026.0,1974.0
2146.0,2105.0,2049.0,2007.0,1926.0,1784.0,1965.0,2052.0,2210.0,2236.0,2183.0,2125.0,2066.0,2009.0,1926.0,1783.0,1906.0,2160.0,2212.0,2182.0,2112.0,2072.0,2026.0,1990.0,1935.0,1791.0,1933.0,2180.0,2250.0,2213.0,2145.0,2093.0,2036.0,2004.0,1939.0,1786.0,1912.0,2147.0,2239.0,2217.0,2149.0,2098.0,2048.0,2010.0,1945.0,1808.0,2105.0,2162.0,2219.0,2185.0,2114.0,2080.0,2026.0,2001.0,1944.0,1804.0,1936.0,2164.0,2256.0,2213.0,2136.0,2082.0,2031.0,1989.0,1944.0,1789.0,1967.0,2030.0,2242.0,2403.0,2256.0,2102.0,2002.0,1956.0,1908.0,1791.0,1941.0,2168.0,2288.0,2240.0,2163.0,2108.0,2056.0,2026.0,1974.0,1822.0,1946.0,2166.0,2289.0,2247.0,2160.0,2100.0,2034.0,1999.0,1937.0,1787.0,2090.0,2137.0,2204.0,2176.0
1783.0,1906.0,2160.0,2212.0,2182.0,2112.0,2072.0,2026.0,1990.0,1935.0,1791.0,1933.0,2180.0,2250.0,2213.0,2145.0,2093.0,2036.0,2004.0,1939.0,1786.0,1912.0,2147.0,2239.0,2217.0,2149.0,2098.0,2048.0,2010.0,1945.0,1808.0,2105.0,2162.0,2219.0,2185.0,2114.0,2080.0,2026.0,2001.0,1944.0,1804.0,1936.0,2164.0,2256.0,2213.0,2136.0,2082.0,2031.0,1989.0,1944.0,1789.0,1967.0,2030.0,2242.0,2403.0,2256.0,2102.0,2002.0,1956.0,1908.0,1791.0,1941.0,2168.0,2288.0,2240.0,2163.0,2108.0,2056.0,2026.0,1974.0,1822.0,1946.0,2166.0,2289.0,2247.0,2160.0,2100.0,2034.0,1999.0,1937.0,1787.0,2090.0,2137.0,2204.0,2176.0,2116.0,2074.0,2028.0,2006.0,1950.0,1794.0,1927.0,2156.0,2264.0,2232.0,2148.0,2097.0,2034.0,2000.0,1951.0
2145.0,2093.0,2036.0,2004.0,1939.0,1786.0,1912.0,2147.0,2239.0,2217.0,2149.0,2098.0,2048.0,2010.0,1945.0,1808.0,2105.0,2162.0,2219.0,2185.0,2114.0,2080.0,2026.0,2001.0,1944.0,1804.0,1936.0,2164.0,2256.0,2213.0,2136.0,2082.0,2031.0,1989.0,1944.0,1789.0,1967.0,2030.0,2242.0,2403.0,2256.0,2102.0,2002.0,1956.0,1908.0,1791.0,1941.0,2168.0,2288.0,2240.0,2163.0,2108.0,2056.0,2026.0,1974.0,1822.0,1946.0,2166.0,2289.0,2247.0,2160.0,2100.0,2034.0,1999.0,1937.0,1787.0,2090.0,2137.0,2204.0,2176.0,2116.0,2074.0,2028.0,2006.0,1950.0,1794.0,1927.0,2156.0,2264.0,2232.0,2148.0,2097.0,2034.0,2000.0,1951.0,1799.0,1939.0,2156.0,2269.0,2241.0,2160.0,2102.0,2048.0,2006.0,1946.0,1802.0,1984.0,2054.0,2251.0,2286.0
1808.0,2105.0,2162.0,2219.0,2185.0,2114.0,2080.0,2026.0,2001.0,1944.0,1804.0,1936.0,2164.0,2256.0,2213.0,2136.0,2082.0,2031.0,1989.0,1944.0,1789.0,1967.0,2030.0,2242.0,2403.0,2256.0,2102.0,2002.0,1956.0,1908.0,1791.0,1941.0,2168.0,2288.0,2240.0,2163.0,2108.0,2056.0,2026.0,1974.0,1822.0,1946.0,2166.0,2289.0,2247.0,2160.0,2100.0,2034.0,1999.0,1937.0,1787.0,2090.0,2137.0,2204.0,2176.0,2116.0,2074.0,2028.0,2006.0,1950.0,1794.0,1927.0,2156.0,2264.0,2232.0,2148.0,2097.0,2034.0,2000.0,1951.0,1799.0,1939.0,2156.0,2269.0,2241.0,2160.0,2102.0,2048.0,2006.0,1946.0,1802.0,1984.0,2054.0,2251.0,2286.0,2215.0,2156.0,2083.0,2022.0,1953.0,1789.0,1922.0,2144.0,2214.0,2221.0,2131.0,2074.0,2016.0,1983.0,1926.0
2136.0,2082.0,2031.0,1989.0,1944.0,1789.0,1967.0,2030.0,2242.0,2403.0,2256.0,2102.0,2002.0,1956.0,1908.0,1791.0,1941.0,2168.0,2288.0,2240.0,2163.0,2108.0,2056.0,2026.0,1974.0,1822.0,1946.0,2166.0,2289.0,2247.0,2160.0,2100.0,2034.0,1999.0,1937.0,1787.0,2090.0,2137.0,2204.0,2176.0,2116.0,2074.0,2028.0,2006.0,1950.0,1794.0,1927.0,2156.0,2264.0,2232.0,2148.0,2097.0,2034.0,2000.0,1951.0,1799.0,1939.0,2156.0,2269.0,2241.0,2160.0,2102.0,2048.0,2006.0,1946.0,1802.0,1984.0,2054.0,2251.0,2286.0,2215.0,2156.0,2083.0,2022.0,1953.0,1789.0,1922.0,2144.0,2214.0,2221.0,2131.0,2074.0,2016.0,1983.0,1926.0,1784.0,2022.0,2152.0,2213.0,2240.0,2160.0,2099.0,2044.0,1992.0,1955.0,1795.0,1950.0,2147.0,2218.0,2240.0
1791.0,1941.0,2168.0,2288.0,2240.0,2163.0,2108.0,2056.0,2026.0,1974.0,1822.0,1946.0,2166.0,2289.0,2247.0,2160.0,2100.0,2034.0,1999.0,1937.0,1787.0,2090.0,2137.0,2204.0,2176.0,2116.0,2074.0,2028.0,2006.0,1950.0,1794.0,1927.0,2156.0,2264.0,2232.0,2148.0,2097.0,2034.0,2000.0,1951.0,1799.0,1939.0,2156.0,2269.0,2241.0,2160.0,2102.0,2048.0,2006.0,1946.0,1802.0,1984.0,2054.0,2251.0,2286.0,2215.0,2156.0,2083.0,2022.0,1953.0,1789.0,1922.0,2144.0,2214.0,2221.0,2131.0,2074.0,2016.0,1983.0,1926.0,1784.0,2022.0,2152.0,2213.0,2240.0,2160.0,2099.0,2044.0,1992.0,1955.0,1795.0,1950.0,2147.0,2218.0,2240.0,2144.0,2091.0,2030.0,1988.0,1953.0,1799.0,1922.0,2156.0,2236.0,2251.0,2164.0,2104.0,2048.0,1993.0,1950.0
2160.0,2100.0,2034.0,1999.0,1937.0,1787.0,2090.0,2137.0,2204.0,2176.0,2116.0,2074.0,2028.0,2006.0,1950.0,1794.0,1927.0,2156.0,2264.0,2232.0,2148.0,2097.0,2034.0,2000.0,1951.0,1799.0,1939.0,2156.0,2269.0,2241.0,2160.0,2102.0,2048.0,2006.0,1946.0,1802.0,1984.0,2054.0,2251.0,2286.0,2215.0,2156.0,2083.0,2022.0,1953.0,1789.0,1922.0,2144.0,2214.0,2221.0,2131.0,2074.0,2016.0,1983.0,1926.0,1784.0,2022.0,2152.0,2213.0,2240.0,2160.0,2099.0,2044.0,1992.0,1955.0,1795.0,1950.0,2147.0,2218.0,2240.0,2144.0,2091.0,2030.0,1988.0,1953.0,1799.0,1922.0,2156.0,2236.0,2251.0,2164.0,2104.0,2048.0,1993.0,1950.0,1792.0,1924.0,2155.0,2219.0,2248.0,2151.0,2096.0,2032.0,1989.0,1952.0,1788.0,1976.0,2032.0,2218.0,2304.0
1794.0,1927.0,2156.0,2264.0,2232.0,2148.0,2097.0,2034.0,2000.0,1951.0,1799.0,1939.0,2156.0,2269.0,2241.0,2160.0,2102.0,2048.0,2006.0,1946.0,1802.0,1984.0,2054.0,2251.0,2286.0,2215.0,2156.0,2083.0,2022.0,1953.0,1789.0,1922.0,2144.0,2214.0,2221.0,2131.0,2074.0,2016.0,1983.0,1926.0,1784.0,2022.0,2152.0,2213.0,2240.0,2160.0,2099.0,2044.0,1992.0,1955.0,1795.0,1950.0,2147.0,2218.0,2240.0,2144.0,2091.0,2030.0,1988.0,1953.0,1799.0,1922.0,2156.0,2236.0,2251.0,2164.0,2104.0,2048.0,1993.0,1950.0,1792.0,1924.0,2155.0,2219.0,2248.0,2151.0,2096.0,2032.0,1989.0,1952.0,1788.0,1976.0,2032.0,2218.0,2304.0,2225.0,2157.0,2087.0,2020.0,1964.0,1798.0,2048.0,2144.0,2177.0,2216.0,2128.0,2080.0,2021.0,1984.0,1944.0
2160.0,2102.0,2048.0,2006.0,1946.0,1802.0,1984.0,2054.0,2251.0,2286.0,2215.0,2156.0,2083.0,2022.0,1953.0,1789.0,1922.0,2144.0,2214.0,2221.0,2131.0,2074.0,2016.0,1983.0,1926.0,1784.0,2022.0,2152.0,2213.0,2240.0,2160.0,2099.0,2044.0,1992.0,1955.0,1795.0,1950.0,2147.0,2218.0,2240.0,2144.0,2091.0,2030.0,1988.0,1953.0,1799.0,1922.0,2156.0,2236.0,2251.0,2164.0,2104.0,2048.0,1993.0,1950.0,1792.0,1924.0,2155.0,2219.0,2248.0,2151.0,2096.0,2032.0,1989.0,1952.0,1788.0,1976.0,2032.0,2218.0,2304.0,2225.0,2157.0,2087.0,2020.0,1964.0,1798.0,2048.0,2144.0,2177.0,2216.0,2128.0,2080.0,2021.0,1984.0,1944.0,1784.0,1926.0,2152.0,2229.0,2251.0,2163.0,2096.0,2030.0,1991.0,1944.0,1796.0,1947.0,2169.0,2235.0,2263.0
1789.0,1922.0,2144.0,2214.0,2221.0,2131.0,2074.0,2016.0,1983.0,1926.0,1784.0,2022.0,2152.0,2213.0,2240.0,2160.0,2099.0,2044.0,1992.0,1955.0,1795.0,1950.0,2147.0,2218.0,2240.0,2144.0,2091.0,2030.0,1988.0,1953.0,1799.0,1922.0,2156.0,2236.0,2251.0,2164.0,2104.0,2048.0,1993.0,1950.0,1792.0,1924.0,2155.0,2219.0,2248.0,2151.0,2096.0,2032.0,1989.0,1952.0,1788.0,1976.0,2032.0,2218.0,2304.0,2225.0,2157.0,2087.0,2020.0,1964.0,1798.0,2048.0,2144.0,2177.0,2216.0,2128.0,2080.0,2021.0,1984.0,1944.0,1784.0,1926.0,2152.0,2229.0,2251.0,2163.0,2096.0,2030.0,1991.0,1944.0,1796.0,1947.0,2169.0,2235.0,2263.0,2176.0,2102.0,2045.0,1997.0,1952.0,1786.0,1941.0,2158.0,2234.0,2243.0,2170.0,2108.0,2038.0,1996.0,1938.0
2160.0,2099.0,2044.0,1992.0,1955.0,1795.0,1950.0,2147.0,2218.0,2240.0,2144.0,2091.0,2030.0,1988.0,1953.0,1799.0,1922.0,2156.0,2236.0,2251.0,2164.0,2104.0,2048.0,1993.0,1950.0,1792.0,1924.0,2155.0,2219.0,2248.0,2151.0,2096.0,2032.0,1989.0,1952.0,1788.0,1976.0,2032.0,2218.0,2304.0,2225.0,2157.0,2087.0,2020.0,1964.0,1798.0,2048.0,2144.0,2177.0,2216.0,2128.0,2080.0,2021.0,1984.0,1944.0,1784.0,1926.0,2152.0,2229.0,2251.0,2163.0,2096.0,2030.0,1991.0,1944.0,1796.0,1947.0,2169.0,2235.0,2263.0,2176.0,2102.0,2045.0,1997.0,1952.0,1786.0,1941.0,2158.0,2234.0,2243.0,2170.0,2108.0,2038.0,1996.0,1938.0,1792.0,1940.0,2161.0,2234.0,2230.0,2185.0,2104.0,2052.0,1993.0,1958.0,1796.0,2150.0,2093.0,2127.0,2212.0
1799.0,1922.0,2156.0,2236.0,2251.0,2164.0,2104.0,2048.0,1993.0,1950.0,1792.0,1924.0,2155.0,2219.0,2248.0,2151.0,2096.0,2032.0,1989.0,1952.0,1788.0,1976.0,2032.0,2218.0,2304.0,2225.0,2157.0,2087.0,2020.0,1964.0,1798.0,2048.0,2144.0,2177.0,2216.0,2128.0,2080.0,2021.0,1984.0,1944.0,1784.0,1926.0,2152.0,2229.0,2251.0,2163.0,2096.0,2030.0,1991.0,1944.0,1796.0,1947.0,2169.0,2235.0,2263.0,2176.0,2102.0,2045.0,1997.0,1952.0,1786.0,1941.0,2158.0,2234.0,2243.0,2170.0,2108.0,2038.0,1996.0,1938.0,1792.0,1940.0,2161.0,2234.0,2230.0,2185.0,2104.0,2052.0,1993.0,1958.0,1796.0,2150.0,2093.0,2127.0,2212.0,2208.0,2156.0,2081.0,2020.0,1956.0,1810.0,1944.0,2152.0,2222.0,2208.0,2162.0,2088.0,2021.0,1968.0,1924.0
2151.0,2096.0,2032.0,1989.0,1952.0,1788.0,1976.0,2032.0,2218.0,2304.0,2225.0,2157.0,2087.0,2020.0,1964.0,1798.0,2048.0,2144.0,2177.0,2216.0,2128.0,2080.0,2021.0,1984.0,1944.0,1784.0,1926.0,2152.0,2229.0,2251.0,2163.0,2096.0,2030.0,1991.0,1944.0,1796.0,1947.0,2169.0,2235.0,2263.0,2176.0,2102.0,2045.0,1997.0,1952.0,1786.0,1941.0,2158.0,2234.0,2243.0,2170.0,2108.0,2038.0,1996.0,1938.0,1792.0,1940.0,2161.0,2234.0,2230.0,2185.0,2104.0,2052.0,1993.0,1958.0,1796.0,2150.0,2093.0,2127.0,2212.0,2208.0,2156.0,2081.0,2020.0,1956.0,1810.0,1944.0,2152.0,2222.0,2208.0,2162.0,2088.0,2021.0,1968.0,1924.0,1766.0,1916.0,2138.0,2205.0,2203.0,2152.0,2084.0,2006.0,1952.0,1900.0,1755.0,1908.0,2108.0,2177.0,2168.0
1798.0,2048.0,2144.0,2177.0,2216.0,2128.0,2080.0,2021.0,1984.0,1944.0,1784.0,1926.0,2152.0,2229.0,2251.0,2163.0,2096.0,2030.0,1991.0,1944.0,1796.0,1947.0,2169.0,2235.0,2263.0,2176.0,2102.0,2045.0,1997.0,1952.0,1786.0,1941.0,2158.0,2234.0,2243.0,2170.0,2108.0,2038.0,1996.0,1938.0,1792.0,1940.0,2161.0,2234.0,2230.0,2185.0,2104.0,2052.0,1993.0,1958.0,1796.0,2150.0,2093.0,2127.0,2212.0,2208.0,2156.0,2081.0,2020.0,1956.0,1810.0,1944.0,2152.0,2222.0,2208.0,2162.0,2088.0,2021.0,1968.0,1924.0,1766.0,1916.0,2138.0,2205.0,2203.0,2152.0,2084.0,2006.0,1952.0,1900.0,1755.0,1908.0,2108.0,2177.0,2168.0,2138.0,2066.0,2007.0,1953.0,1903.0,1752.0,1900.0,2128.0,2198.0,2197.0,2150.0,2082.0,2014.0,1957.0,1914.0
2163.0,2096.0,2030.0,1991.0,1944.0,1796.0,1947.0,2169.0,2235.0,2263.0,2176.0,2102.0,2045.0,1997.0,1952.0,1786.0,1941.0,2158.0,2234.0,2243.0,2170.0,2108.0,2038.0,1996.0,1938.0,1792.0,1940.0,2161.0,2234.0,2230.0,2185.0,2104.0,2052.0,1993.0,1958.0,1796.0,2150.0,2093.0,2127.0,2212.0,2208.0,2156.0,2081.0,2020.0,1956.0,1810.0,1944.0,2152.0,2222.0,2208.0,2162.0,2088.0,2021.0,1968.0,1924.0,1766.0,1916.0,2138.0,2205.0,2203.0,2152.0,2084.0,2006.0,1952.0,1900.0,1755.0,1908.0,2108.0,2177.0,2168.0,2138.0,2066.0,2007.0,1953.0,1903.0,1752.0,1900.0,2128.0,2198.0,2197.0,2150.0,2082.0,2014.0,1957.0,1914.0,1759.0,2001.0,2116.0,2188.0,2198.0,2186.0,2111.0,2028.0,1970.0,1924.0,1775.0,1957.0,2035.0,2204.0,2258.0
1786.0,1941.0,2158.0,2234.0,2243.0,2170.0,2108.0,2038.0,1996.0,1938.0,1792.0,1940.0,2161.0,2234.0,2230.0,2185.0,2104.0,2052.0,1993.0,1958.0,1796.0,2150.0,2093.0,2127.0,2212.0,2208.0,2156.0,2081.0,2020.0,1956.0,1810.0,1944.0,2152.0,2222.0,2208.0,2162.0,2088.0,2021.0,1968.0,1924.0,1766.0,1916.0,2138.0,2205.0,2203.0,2152.0,2084.0,2006.0,1952.0,1900.0,1755.0,1908.0,2108.0,2177.0,2168.0,2138.0,2066.0,2007.0,1953.0,1903.0,1752.0,1900.0,2128.0,2198.0,2197.0,2150.0,2082.0,2014.0,1957.0,1914.0,1759.0,2001.0,2116.0,2188.0,2198.0,2186.0,2111.0,2028.0,1970.0,1924.0,1775.0,1957.0,2035.0,2204.0,2258.0,2240.0,2155.0,2078.0,2000.0,1939.0,1774.0,1916.0,2135.0,2202.0,2200.0,2163.0,2091.0,2018.0,1970.0,1922.0
2185.0,2104.0,2052.0,1993.0,1958.0,1796.0,2150.0,2093.0,2127.0,2212.0,2208.0,2156.0,2081.0,2020.0,1956.0,1810.0,1944.0,2152.0,2222.0,2208.0,2162.0,2088.0,2021.0,1968.0,1924.0,1766.0,1916.0,2138.0,2205.0,2203.0,2152.0,2084.0,2006.0,1952.0,1900.0,1755.0,1908.0,2108.0,2177.0,2168.0,2138.0,2066.0,2007.0,1953.0,1903.0,1752.0,1900.0,2128.0,2198.0,2197.0,2150.0,2082.0,2014.0,1957.0,1914.0,1759.0,2001.0,2116.0,2188.0,2198.0,2186.0,2111.0,2028.0,1970.0,1924.0,1775.0,1957.0,2035.0,2204.0,2258.0,2240.0,2155.0,2078.0,2000.0,1939.0,1774.0,1916.0,2135.0,2202.0,2200.0,2163.0,2091.0,2018.0,1970.0,1922.0,1780.0,1929.0,2165.0,2240.0,2238.0,2200.0,2136.0,2068.0,2007.0,1955.0,1796.0,1961.0,2172.0,2236.0,2237.0
1810.0,1944.0,2152.0,2222.0,2208.0,2162.0,2088.0,2021.0,1968.0,1924.0,1766.0,1916.0,2138.0,2205.0,2203.0,2152.0,2084.0,2006.0,1952.0,1900.0,1755.0,1908.0,2108.0,2177.0,2168.0,2138.0,2066.0,2007.0,1953.0,1903.0,1752.0,1900.0,2128.0,2198.0,2197.0,2150.0,2082.0,2014.0,1957.0,1914.0,1759.0,2001.0,2116.0,2188.0,2198.0,2186.0,2111.0,2028.0,1970.0,1924.0,1775.0,1957.0,2035.0,2204.0,2258.0,2240.0,2155.0,2078.0,2000.0,1939.0,1774.0,1916.0,2135.0,2202.0,2200.0,2163.0,2091.0,2018.0,1970.0,1922.0,1780.0,1929.0,2165.0,2240.0,2238.0,2200.0,2136.0,2068.0,2007.0,1955.0,1796.0,1961.0,2172.0,2236.0,2237.0,2188.0,2146.0,2070.0,2015.0,1964.0,1818.0,2121.0,2186.0,2220.0,2225.0,2175.0,2149.0,2083.0,2021.0,1976.0
2152.0,2084.0,2006.0,1952.0,1900.0,1755.0,1908.0,2108.0,2177.0,2168.0,2138.0,2066.0,2007.0,1953.0,1903.0,1752.0,1900.0,2128.0,2198.0,2197.0,2150.0,2082.0,2014.0,1957.0,1914.0,1759.0,2001.0,2116.0,2188.0,2198.0,2186.0,2111.0,2028.0,1970.0,1924.0,1775.0,1957.0,2035.0,2204.0,2258.0,2240.0,2155.0,2078.0,2000.0,1939.0,1774.0,1916.0,2135.0,2202.0,2200.0,2163.0,2091.0,2018.0,1970.0,1922.0,1780.0,1929.0,2165.0,2240.0,2238.0,2200.0,2136.0,2068.0,2007.0,1955.0,1796.0,1961.0,2172.0,2236.0,2237.0,2188.0,2146.0,2070.0,2015.0,1964.0,1818.0,2121.0,2186.0,2220.0,2225.0,2175.0,2149.0,2083.0,2021.0,1976.0,1820.0,1968.0,2201.0,2265.0,2264.0,2194.0,2164.0,2087.0,2028.0,1972.0,1816.0,2004.0,2075.0,2248.0,2297.0
1752.0,1900.0,2128.0,2198.0,2197.0,2150.0,2082.0,2014.0,1957.0,1914.0,1759.0,2001.0,2116.0,2188.0,2198.0,2186.0,2111.0,2028.0,1970.0,1924.0,1775.0,1957.0,2035.0,2204.0,2258.0,2240.0,2155.0,2078.0,2000.0,1939.0,1774.0,1916.0,2135.0,2202.0,2200.0,2163.0,2091.0,2018.0,1970.0,1922.0,1780.0,1929.0,2165.0,2240.0,2238.0,2200.0,2136.0,2068.0,2007.0,1955.0,1796.0,1961.0,2172.0,2236.0,2237.0,2188.0,2146.0,2070.0,2015.0,1964.0,1818.0,2121.0,2186.0,2220.0,2225.0,2175.0,2149.0,2083.0,2021.0,1976.0,1820.0,1968.0,2201.0,2265.0,2264.0,2194.0,2164.0,2087.0,2028.0,1972.0,1816.0,2004.0,2075.0,2248.0,2297.0,2256.0,2221.0,2130.0,2042.0,1973.0,1809.0,1961.0,2172.0,2236.0,2232.0,2164.0,2156.0,2072.0,1997.0,1956.0
2186.0,2111.0,2028.0,1970.0,1924.0,1775.0,1957.0,2035.0,2204.0,2258.0,2240.0,2155.0,2078.0,2000.0,1939.0,1774.0,1916.0,2135.0,2202.0,2200.0,2163.0,2091.0,2018.0,1970.0,1922.0,1780.0,1929.0,2165.0,2240.0,2238.0,2200.0,2136.0,2068.0,2007.0,1955.0,1796.0,1961.0,2172.0,2236.0,2237.0,2188.0,2146.0,2070.0,2015.0,1964.0,1818.0,2121.0,2186.0,2220.0,2225.0,2175.0,2149.0,2083.0,2021.0,1976.0,1820.0,1968.0,2201.0,2265.0,2264.0,2194.0,2164.0,2087.0,2028.0,1972.0,1816.0,2004.0,2075.0,2248.0,2297.0,2256.0,2221.0,2130.0,2042.0,1973.0,1809.0,1961.0,2172.0,2236.0,2232.0,2164.0,2156.0,2072.0,1997.0,1956.0,1785.0,1968.0,2170.0,2240.0,2228.0,2173.0,2151.0,2070.0,2003.0,1948.0,1803.0,2125.0,2192.0,2199.0,2202.0
1774.0,1916.0,2135.0,2202.0,2200.0,2163.0,2091.0,2018.0,1970.0,1922.0,1780.0,1929.0,2165.0,2240.0,2238.0,2200.0,2136.0,2068.0,2007.0,1955.0,1796.0,1961.0,2172.0,2236.0,2237.0,2188.0,2146.0,2070.0,2015.0,1964.0,1818.0,2121.0,2186.0,2220.0,2225.0,2175.0,2149.0,2083.0,2021.0,1976.0,1820.0,1968.0,2201.0,2265.0,2264.0,2194.0,2164.0,2087.0,2028.0,1972.0,1816.0,2004.0,2075.0,2248.0,2297.0,2256.0,2221.0,2130.0,2042.0,1973.0,1809.0,1961.0,2172.0,2236.0,2232.0,2164.0,2156.0,2072.0,1997.0,1956.0,1785.0,1968.0,2170.0,2240.0,2228.0,2173.0,2151.0,2070.0,2003.0,1948.0,1803.0,2125.0,2192.0,2199.0,2202.0,2147.0,2136.0,2076.0,2006.0,1966.0,1799.0,1973.0,2196.0,2270.0,2250.0,2184.0,2159.0,2086.0,2021.0,1961.0
2200.0,2136.0,2068.0,2007.0,1955.0,1796.0,1961.0,2172.0,2236.0,2237.0,2188.0,2146.0,2070.0,2015.0,1964.0,1818.0,2121.0,2186.0,2220.0,2225.0,2175.0,2149.0,2083.0,2021.0,1976.0,1820.0,1968.0,2201.0,2265.0,2264.0,2194.0,2164.0,2087.0,2028.0,1972.0,1816.0,2004.0,2075.0,2248.0,2297.0,2256.0,2221.0,2130.0,2042.0,1973.0,1809.0,1961.0,2172.0,2236.0,2232.0,2164.0,2156.0,2072.0,1997.0,1956.0,1785.0,1968.0,2170.0,2240.0,2228.0,2173.0,2151.0,2070.0,2003.0,1948.0,1803.0,2125.0,2192.0,2199.0,2202.0,2147.0,2136.0,2076.0,2006.0,1966.0,1799.0,1973.0,2196.0,2270.0,2250.0,2184.0,2159.0,2086.0,2021.0,1961.0,1817.0,1980.0,2217.0,2266.0,2249.0,2184.0,2163.0,2093.0,2010.0,1976.0,1808.0,1992.0,2076.0,2240.0,2291.0
1818.0,2121.0,2186.0,2220.0,2225.0,2175.0,2149.0,2083.0,2021.0,1976.0,1820.0,1968.0,2201.0,2265.0,2264.0,2194.0,2164.0,2087.0,2028.0,1972.0,1816.0,2004.0,2075.0,2248.0,2297.0,2256.0,2221.0,2130.0,2042.0,1973.0,1809.0,1961.0,2172.0,2236.0,2232.0,2164.0,2156.0,2072.0,1997.0,1956.0,1785.0,1968.0,2170.0,2240.0,2228.0,2173.0,2151.0,2070.0,2003.0,1948.0,1803.0,2125.0,2192.0,2199.0,2202.0,2147.0,2136.0,2076.0,2006.0,1966.0,1799.0,1973.0,2196.0,2270.0,2250.0,2184.0,2159.0,2086.0,2021.0,1961.0,1817.0,1980.0,2217.0,2266.0,2249.0,2184.0,2163.0,2093.0,2010.0,1976.0,1808.0,1992.0,2076.0,2240.0,2291.0,2239.0,2205.0,2119.0,2036.0,1957.0,1792.0,1948.0,2160.0,2216.0,2204.0,2144.0,2106.0,2056.0,1984.0,1936.0
2194.0,2164.0,2087.0,2028.0,1972.0,1816.0,2004.0,2075.0,2248.0,2297.0,2256.0,2221.0,2130.0,2042.0,1973.0,1809.0,1961.0,2172.0,2236.0,2232.0,2164.0,2156.0,2072.0,1997.0,1956.0,1785.0,1968.0,2170.0,2240.0,2228.0,2173.0,2151.0,2070.0,2003.0,1948.0,1803.0,2125.0,2192.0,2199.0,2202.0,2147.0,2136.0,2076.0,2006.0,1966.0,1799.0,1973.0,2196.0,2270.0,2250.0,2184.0,2159.0,2086.0,2021.0,1961.0,1817.0,1980.0,2217.0,2266.0,2249.0,2184.0,2163.0,2093.0,2010.0,1976.0,1808.0,1992.0,2076.0,2240.0,2291.0,2239.0,2205.0,2119.0,2036.0,1957.0,1792.0,1948.0,2160.0,2216.0,2204.0,2144.0,2106.0,2056.0,1984.0,1936.0,1770.0,2012.0,2144.0,2211.0,2230.0,2170.0,2135.0,2089.0,2012.0,1936.0,1776.0,1956.0,2164.0,2220.0,2208.0
1809.0,1961.0,2172.0,2236.0,2232.0,2164.0,2156.0,2072.0,1997.0,1956.0,1785.0,1968.0,2170.0,2240.0,2228.0,2173.0,2151.0,2070.0,2003.0,1948.0,1803.0,2125.0,2192.0,2199.0,2202.0,2147.0,2136.0,2076.0,2006.0,1966.0,1799.0,1973.0,2196.0,2270.0,2250.0,2184.0,2159.0,2086.0,2021.0,1961.0,1817.0,1980.0,2217.0,2266.0,2249.0,2184.0,2163.0,2093.0,2010.0,1976.0,1808.0,1992.0,2076.0,2240.0,2291.0,2239.0,2205.0,2119.0,2036.0,1957.0,1792.0,1948.0,2160.0,2216.0,2204.0,2144.0,2106.0,2056.0,1984.0,1936.0,1770.0,2012.0,2144.0,2211.0,2230.0,2170.0,2135.0,2089.0,2012.0,1936.0,1776.0,1956.0,2164.0,2220.0,2208.0,2148.0,2096.0,2074.0,1985.0,1926.0,1762.0,1936.0,2167.0,2223.0,2216.0,2153.0,2112.0,2077.0,2000.0,1940.0
2173.0,2151.0,2070.0,2003.0,1948.0,1803.0,2125.0,2192.0,2199.0,2202.0,2147.0,2136.0,2076.0,2006.0,1966.0,1799.0,1973.0,2196.0,2270.0,2250.0,2184.0,2159.0,2086.0,2021.0,1961.0,1817.0,1980.0,2217.0,2266.0,2249.0,2184.0,2163.0,2093.0,2010.0,1976.0,1808.0,1992.0,2076.0,2240.0,2291.0,2239.0,2205.0,2119.0,2036.0,1957.0,1792.0,1948.0,2160.0,2216.0,2204.0,2144.0,2106.0,2056.0,1984.0,1936.0,1770.0,2012.0,2144.0,2211.0,2230.0,2170.0,2135.0,2089.0,2012.0,1936.0,1776.0,1956.0,2164.0,2220.0,2208.0,2148.0,2096.0,2074.0,1985.0,1926.0,1762.0,1936.0,2167.0,2223.0,2216.0,2153.0,2112.0,2077.0,2000.0,1940.0,1777.0,1940.0,2167.0,2234.0,2220.0,2156.0,2108.0,2082.0,1999.0,1924.0,1763.0,1965.0,2033.0,2201.0,2264.0
1799.0,1973.0,2196.0,2270.0,2250.0,2184.0,2159.0,2086.0,2021.0,1961.0,1817.0,1980.0,2217.0,2266.0,2249.0,2184.0,2163.0,2093.0,2010.0,1976.0,1808.0,1992.0,2076.0,2240.0,2291.0,2239.0,2205.0,2119.0,2036.0,1957.0,1792.0,1948.0,2160.0,2216.0,2204.0,2144.0,2106.0,2056.0,1984.0,1936.0,1770.0,2012.0,2144.0,2211.0,2230.0,2170.0,2135.0,2089.0,2012.0,1936.0,1776.0,1956.0,2164.0,2220.0,2208.0,2148.0,2096.0,2074.0,1985.0,1926.0,1762.0,1936.0,2167.0,2223.0,2216.0,2153.0,2112.0,2077.0,2000.0,1940.0,1777.0,1940.0,2167.0,2234.0,2220.0,2156.0,2108.0,2082.0,1999.0,1924.0,1763.0,1965.0,2033.0,2201.0,2264.0,2216.0,2164.0,2124.0,2021.0,1942.0,1769.0,2074.0,2153.0,2169.0,2166.0,2109.0,2076.0,2064.0,1991.0,1923.0
2184.0,2163.0,2093.0,2010.0,1976.0,1808.0,1992.0,2076.0,2240.0,2291.0,2239.0,2205.0,2119.0,2036.0,1957.0,1792.0,1948.0,2160.0,2216.0,2204.0,2144.0,2106.0,2056.0,1984.0,1936.0,1770.0,2012.0,2144.0,2211.0,2230.0,2170.0,2135.0,2089.0,2012.0,1936.0,1776.0,1956.0,2164.0,2220.0,2208.0,2148.0,2096.0,2074.0,1985.0,1926.0,1762.0,1936.0,2167.0,2223.0,2216.0,2153.0,2112.0,2077.0,2000.0,1940.0,1777.0,1940.0,2167.0,2234.0,2220.0,2156.0,2108.0,2082.0,1999.0,1924.0,1763.0,1965.0,2033.0,2201.0,2264.0,2216.0,2164.0,2124.0,2021.0,1942.0,1769.0,2074.0,2153.0,2169.0,2166.0,2109.0,2076.0,2064.0,1991.0,1923.0,1776.0,1958.0,2180.0,2232.0,2220.0,2150.0,2097.0,2085.0,1994.0,1928.0,1774.0,1956.0,2172.0,2224.0,2214.0
1792.0,1948.0,2160.0,2216.0,2204.0,2144.0,2106.0,2056.0,1984.0,1936.0,1770.0,2012.0,2144.0,2211.0,2230.0,2170.0,2135.0,2089.0,2012.0,1936.0,1776.0,1956.0,2164.0,2220.0,2208.0,2148.0,2096.0,2074.0,1985.0,1926.0,1762.0,1936.0,2167.0,2223.0,2216.0,2153.0,2112.0,2077.0,2000.0,1940.0,1777.0,1940.0,2167.0,2234.0,2220.0,2156.0,2108.0,2082.0,1999.0,1924.0,1763.0,1965.0,2033.0,2201.0,2264.0,2216.0,2164.0,2124.0,2021.0,1942.0,1769.0,2074.0,2153.0,2169.0,2166.0,2109.0,2076.0,2064.0,1991.0,1923.0,1776.0,1958.0,2180.0,2232.0,2220.0,2150.0,2097.0,2085.0,1994.0,1928.0,1774.0,1956.0,2172.0,2224.0,2214.0,2152.0,2108.0,2082.0,2009.0,1938.0,1780.0,1952.0,2164.0,2227.0,2215.0,2154.0,2100.0,2085.0,2004.0,1935.0
2170.0,2135.0,2089.0,2012.0,1936.0,1776.0,1956.0,2164.0,2220.0,2208.0,2148.0,2096.0,2074.0,1985.0,1926.0,1762.0,1936.0,2167.0,2223.0,2216.0,2153.0,2112.0,2077.0,2000.0,1940.0,1777.0,1940.0,2167.0,2234.0,2220.0,2156.0,2108.0,2082.0,1999.0,1924.0,1763.0,1965.0,2033.0,2201.0,2264.0,2216.0,2164.0,2124.0,2021.0,1942.0,1769.0,2074.0,2153.0,2169.0,2166.0,2109.0,2076.0,2064.0,1991.0,1923.0,1776.0,1958.0,2180.0,2232.0,2220.0,2150.0,2097.0,2085.0,1994.0,1928.0,1774.0,1956.0,2172.0,2224.0,2214.0,2152.0,2108.0,2082.0,2009.0,1938.0,1780.0,1952.0,2164.0,2227.0,2215.0,2154.0,2100.0,2085.0,2004.0,1935.0,1769.0,1935.0,2157.0,2208.0,2204.0,2135.0,2095.0,2060.0,2000.0,1916.0,1753.0,2120.0,2060.0,2116.0,2198.0
1762.0,1936.0,2167.0,2223.0,2216.0,2153.0,2112.0,2077.0,2000.0,1940.0,1777.0,1940.0,2167.0,2234.0,2220.0,2156.0,2108.0,2082.0,1999.0,1924.0,1763.0,1965.0,2033.0,2201.0,2264.0,2216.0,2164.0,2124.0,2021.0,1942.0,1769.0,2074.0,2153.0,2169.0,2166.0,2109.0,2076.0,2064.0,1991.0,1923.0,1776.0,1958.0,2180.0,2232.0,2220.0,2150.0,2097.0,2085.0,1994.0,1928.0,1774.0,1956.0,2172.0,2224.0,2214.0,2152.0,2108.0,2082.0,2009.0,1938.0,1780.0,1952.0,2164.0,2227.0,2215.0,2154.0,2100.0,2085.0,2004.0,1935.0,1769.0,1935.0,2157.0,2208.0,2204.0,2135.0,2095.0,2060.0,2000.0,1916.0,1753.0,2120.0,2060.0,2116.0,2198.0,2179.0,2136.0,2103.0,2029.0,1939.0,1766.0,1923.0,2140.0,2200.0,2190.0,2124.0,2073.0,2024.0,1978.0,1901.0
2156.0,2108.0,2082.0,1999.0,1924.0,1763.0,1965.0,2033.0,2201.0,2264.0,2216.0,2164.0,2124.0,2021.0,1942.0,1769.0,2074.0,2153.0,2169.0,2166.0,2109.0,2076.0,2064.0,1991.0,1923.0,1776.0,1958.0,2180.0,2232.0,2220.0,2150.0,2097.0,2085.0,1994.0,1928.0,1774.0,1956.0,2172.0,2224.0,2214.0,2152.0,2108.0,2082.0,2009.0,1938.0,1780.0,1952.0,2164.0,2227.0,2215.0,2154.0,2100.0,2085.0,2004.0,1935.0,1769.0,1935.0,2157.0,2208.0,2204.0,2135.0,2095.0,2060.0,2000.0,1916.0,1753.0,2120.0,2060.0,2116.0,2198.0,2179.0,2136.0,2103.0,2029.0,1939.0,1766.0,1923.0,2140.0,2200.0,2190.0,2124.0,2073.0,2024.0,1978.0,1901.0,1744.0,1922.0,2131.0,2204.0,2320.0,2153.0,2024.0,1965.0,1934.0,1861.0,1736.0,1927.0,2160.0,2225.0,2224.0
1769.0,2074.0,2153.0,2169.0,2166.0,2109.0,2076.0,2064.0,1991.0,1923.0,1776.0,1958.0,2180.0,2232.0,2220.0,2150.0,2097.0,2085.0,1994.0,1928.0,1774.0,1956.0,2172.0,2224.0,2214.0,2152.0,2108.0,2082.0,2009.0,1938.0,1780.0,1952.0,2164.0,2227.0,2215.0,2154.0,2100.0,2085.0,2004.0,1935.0,1769.0,1935.0,2157.0,2208.0,2204.0,2135.0,2095.0,2060.0,2000.0,1916.0,1753.0,2120.0,2060.0,2116.0,2198.0,2179.0,2136.0,2103.0,2029.0,1939.0,1766.0,1923.0,2140.0,2200.0,2190.0,2124.0,2073.0,2024.0,1978.0,1901.0,1744.0,1922.0,2131.0,2204.0,2320.0,2153.0,2024.0,1965.0,1934.0,1861.0,1736.0,1927.0,2160.0,2225.0,2224.0,2156.0,2107.0,2056.0,2024.0,1932.0,1762.0,1935.0,2144.0,2208.0,2201.0,2129.0,2084.0,2034.0,2010.0,1920.0
2150.0,2097.0,2085.0,1994.0,1928.0,1774.0,1956.0,2172.0,2224.0,2214.0,2152.0,2108.0,2082.0,2009.0,1938.0,1780.0,1952.0,2164.0,2227.0,2215.0,2154.0,2100.0,2085.0,2004.0,1935.0,1769.0,1935.0,2157.0,2208.0,2204.0,2135.0,2095.0,2060.0,2000.0,1916.0,1753.0,2120.0,2060.0,2116.0,2198.0,2179.0,2136.0,2103.0,2029.0,1939.0,1766.0,1923.0,2140.0,2200.0,2190.0,2124.0,2073.0,2024.0,1978.0,1901.0,1744.0,1922.0,2131.0,2204.0,2320.0,2153.0,2024.0,1965.0,1934.0,1861.0,1736.0,1927.0,2160.0,2225.0,2224.0,2156.0,2107.0,2056.0,2024.0,1932.0,1762.0,1935.0,2144.0,2208.0,2201.0,2129.0,2084.0,2034.0,2010.0,1920.0,1761.0,1992.0,2129.0,2200.0,2216.0,2168.0,2115.0,2072.0,2038.0,1952.0,1772.0,1970.0,2048.0,2212.0,2264.0
1780.0,1952.0,2164.0,2227.0,2215.0,2154.0,2100.0,2085.0,2004.0,1935.0,1769.0,1935.0,2157.0,2208.0,2204.0,2135.0,2095.0,2060.0,2000.0,1916.0,1753.0,2120.0,2060.0,2116.0,2198.0,2179.0,2136.0,2103.0,2029.0,1939.0,1766.0,1923.0,2140.0,2200.0,2190.0,2124.0,2073.0,2024.0,1978.0,1901.0,1744.0,1922.0,2131.0,2204.0,2320.0,2153.0,2024.0,1965.0,1934.0,1861.0,1736.0,1927.0,2160.0,2225.0,2224.0,2156.0,2107.0,2056.0,2024.0,1932.0,1762.0,1935.0,2144.0,2208.0,2201.0,2129.0,2084.0,2034.0,2010.0,1920.0,1761.0,1992.0,2129.0,2200.0,2216.0,2168.0,2115.0,2072.0,2038.0,1952.0,1772.0,1970.0,2048.0,2212.0,2264.0,2210.0,2160.0,2091.0,2049.0,1946.0,1776.0,1936.0,2149.0,2212.0,2192.0,2131.0,2079.0,2035.0,2003.0,1932.0
2135.0,2095.0,2060.0,2000.0,1916.0,1753.0,2120.0,2060.0,2116.0,2198.0,2179.0,2136.0,2103.0,2029.0,1939.0,1766.0,1923.0,2140.0,2200.0,2190.0,2124.0,2073.0,2024.0,1978.0,1901.0,1744.0,1922.0,2131.0,2204.0,2320.0,2153.0,2024.0,1965.0,1934.0,1861.0,1736.0,1927.0,2160.0,2225.0,2224.0,2156.0,2107.0,2056.0,2024.0,1932.0,1762.0,1935.0,2144.0,2208.0,2201.0,2129.0,2084.0,2034.0,2010.0,1920.0,1761.0,1992.0,2129.0,2200.0,2216.0,2168.0,2115.0,2072.0,2038.0,1952.0,1772.0,1970.0,2048.0,2212.0,2264.0,2210.0,2160.0,2091.0,2049.0,1946.0,1776.0,1936.0,2149.0,2212.0,2192.0,2131.0,2079.0,2035.0,2003.0,1932.0,1772.0,1936.0,2160.0,2222.0,2226.0,2161.0,2119.0,2072.0,2052.0,1957.0,1792.0,1976.0,2170.0,2232.0,2222.0
1766.0,1923.0,2140.0,2200.0,2190.0,2124.0,2073.0,2024.0,1978.0,1901.0,1744.0,1922.0,2131.0,2204.0,2320.0,2153.0,2024.0,1965.0,1934.0,1861.0,1736.0,1927.0,2160.0,2225.0,2224.0,2156.0,2107.0,2056.0,2024.0,1932.0,1762.0,1935.0,2144.0,2208.0,2201.0,2129.0,2084.0,2034.0,2010.0,1920.0,1761.0,1992.0,2129.0,2200.0,2216.0,2168.0,2115.0,2072.0,2038.0,1952.0,1772.0,1970.0,2048.0,2212.0,2264.0,2210.0,2160.0,2091.0,2049.0,1946.0,1776.0,1936.0,2149.0,2212.0,2192.0,2131.0,2079.0,2035.0,2003.0,1932.0,1772.0,1936.0,2160.0,2222.0,2226.0,2161.0,2119.0,2072.0,2052.0,1957.0,1792.0,1976.0,2170.0,2232.0,2222.0,2164.0,2112.0,2080.0,2048.0,1966.0,1788.0,2092.0,2166.0,2188.0,2203.0,2144.0,2110.0,2070.0,2041.0,1984.0
2153.0,2024.0,1965.0,1934.0,1861.0,1736.0,1927.0,2160.0,2225.0,2224.0,2156.0,2107.0,2056.0,2024.0,1932.0,1762.0,1935.0,2144.0,2208.0,2201.0,2129.0,2084.0,2034.0,2010.0,1920.0,1761.0,1992.0,2129.0,2200.0,2216.0,2168.0,2115.0,2072.0,2038.0,1952.0,1772.0,1970.0,2048.0,2212.0,2264.0,2210.0,2160.0,2091.0,2049.0,1946.0,1776.0,1936.0,2149.0,2212.0,2192.0,2131.0,2079.0,2035.0,2003.0,1932.0,1772.0,1936.0,2160.0,2222.0,2226.0,2161.0,2119.0,2072.0,2052.0,1957.0,1792.0,1976.0,2170.0,2232.0,2222.0,2164.0,2112.0,2080.0,2048.0,1966.0,1788.0,2092.0,2166.0,2188.0,2203.0,2144.0,2110.0,2070.0,2041.0,1984.0,1809.0,1972.0,2197.0,2260.0,2260.0,2192.0,2133.0,2084.0,2052.0,1989.0,1811.0,2009.0,2091.0,2256.0,2304.0
1762.0,1935.0,2144.0,2208.0,2201.0,2129.0,2084.0,2034.0,2010.0,1920.0,1761.0,1992.0,2129.0,2200.0,2216.0,2168.0,2115.0,2072.0,2038.0,1952.0,1772.0,1970.0,2048.0,2212.0,2264.0,2210.0,2160.0,2091.0,2049.0,1946.0,1776.0,1936.0,2149.0,2212.0,2192.0,2131.0,2079.0,2035.0,2003.0,1932.0,1772.0,1936.0,2160.0,2222.0,2226.0,2161.0,2119.0,2072.0,2052.0,1957.0,1792.0,1976.0,2170.0,2232.0,2222.0,2164.0,2112.0,2080.0,2048.0,1966.0,1788.0,2092.0,2166.0,2188.0,2203.0,2144.0,2110.0,2070.0,2041.0,1984.0,1809.0,1972.0,2197.0,2260.0,2260.0,2192.0,2133.0,2084.0,2052.0,1989.0,1811.0,2009.0,2091.0,2256.0,2304.0,2260.0,2204.0,2144.0,2064.0,2013.0,1820.0,1981.0,2183.0,2238.0,2229.0,2156.0,2111.0,2057.0,2004.0,1961.0
2168.0,2115.0,2072.0,2038.0,1952.0,1772.0,1970.0,2048.0,2212.0,2264.0,2210.0,2160.0,2091.0,2049.0,1946.0,1776.0,1936.0,2149.0,2212.0,2192.0,2131.0,2079.0,2035.0,2003.0,1932.0,1772.0,1936.0,2160.0,2222.0,2226.0,2161.0,2119.0,2072.0,2052.0,1957.0,1792.0,1976.0,2170.0,2232.0,2222.0,2164.0,2112.0,2080.0,2048.0,1966.0,1788.0,2092.0,2166.0,2188.0,2203.0,2144.0,2110.0,2070.0,2041.0,1984.0,1809.0,1972.0,2197.0,2260.0,2260.0,2192.0,2133.0,2084.0,2052.0,1989.0,1811.0,2009.0,2091.0,2256.0,2304.0,2260.0,2204.0,2144.0,2064.0,2013.0,1820.0,1981.0,2183.0,2238.0,2229.0,2156.0,2111.0,2057.0,2004.0,1961.0,1788.0,1955.0,2170.0,2217.0,2217.0,2159.0,2108.0,2069.0,2008.0,1997.0,1804.0,2123.0,2184.0,2188.0,2192.0
1776.0,1936.0,2149.0,2212.0,2192.0,2131.0,2079.0,2035.0,2003.0,1932.0,1772.0,1936.0,2160.0,2222.0,2226.0,2161.0,2119.0,2072.0,2052.0,1957.0,1792.0,1976.0,2170.0,2232.0,2222.0,2164.0,2112.0,2080.0,2048.0,1966.0,1788.0,2092.0,2166.0,2188.0,2203.0,2144.0,2110.0,2070.0,2041.0,1984.0,1809.0,1972.0,2197.0,2260.0,2260.0,2192.0,2133.0,2084.0,2052.0,1989.0,1811.0,2009.0,2091.0,2256.0,2304.0,2260.0,2204.0,2144.0,2064.0,2013.0,1820.0,1981.0,2183.0,2238.0,2229.0,2156.0,2111.0,2057.0,2004.0,1961.0,1788.0,1955.0,2170.0,2217.0,2217.0,2159.0,2108.0,2069.0,2008.0,1997.0,1804.0,2123.0,2184.0,2188.0,2192.0,2137.0,2100.0,2068.0,2016.0,1999.0,1816.0,1979.0,2194.0,2252.0,2245.0,2182.0,2128.0,2084.0,2019.0,1999.0
2161.0,2119.0,2072.0,2052.0,1957.0,1792.0,1976.0,2170.0,2232.0,2222.0,2164.0,2112.0,2080.0,2048.0,1966.0,1788.0,2092.0,2166.0,2188.0,2203.0,2144.0,2110.0,2070.0,2041.0,1984.0,1809.0,1972.0,2197.0,2260.0,2260.0,2192.0,2133.0,2084.0,2052.0,1989.0,1811.0,2009.0,2091.0,2256.0,2304.0,2260.0,2204.0,2144.0,2064.0,2013.0,1820.0,1981.0,2183.0,2238.0,2229.0,2156.0,2111.0,2057.0,2004.0,1961.0,1788.0,1955.0,2170.0,2217.0,2217.0,2159.0,2108.0,2069.0,2008.0,1997.0,1804.0,2123.0,2184.0,2188.0,2192.0,2137.0,2100.0,2068.0,2016.0,1999.0,1816.0,1979.0,2194.0,2252.0,2245.0,2182.0,2128.0,2084.0,2019.0,1999.0,1826.0,1996.0,2198.0,2248.0,2250.0,2182.0,2134.0,2081.0,2018.0,1988.0,1818.0,2009.0,2076.0,2237.0,2283.0
1788.0,2092.0,2166.0,2188.0,2203.0,2144.0,2110.0,2070.0,2041.0,1984.0,1809.0,1972.0,2197.0,2260.0,2260.0,2192.0,2133.0,2084.0,2052.0,1989.0,1811.0,2009.0,2091.0,2256.0,2304.0,2260.0,2204.0,2144.0,2064.0,2013.0,1820.0,1981.0,2183.0,2238.0,2229.0,2156.0,2111.0,2057.0,2004.0,1961.0,1788.0,1955.0,2170.0,2217.0,2217.0,2159.0,2108.0,2069.0,2008.0,1997.0,1804.0,2123.0,2184.0,2188.0,2192.0,2137.0,2100.0,2068.0,2016.0,1999.0,1816.0,1979.0,2194.0,2252.0,2245.0,2182.0,2128.0,2084.0,2019.0,1999.0,1826.0,1996.0,2198.0,2248.0,2250.0,2182.0,2134.0,2081.0,2018.0,1988.0,1818.0,2009.0,2076.0,2237.0,2283.0,2235.0,2171.0,2114.0,2041.0,1996.0,1808.0,1960.0,2172.0,2220.0,2216.0,2152.0,2105.0,2058.0,1995.0,1913.0
2192.0,2133.0,2084.0,2052.0,1989.0,1811.0,2009.0,2091.0,2256.0,2304.0,2260.0,2204.0,2144.0,2064.0,2013.0,1820.0,1981.0,2183.0,2238.0,2229.0,2156.0,2111.0,2057.0,2004.0,1961.0,1788.0,1955.0,2170.0,2217.0,2217.0,2159.0,2108.0,2069.0,2008.0,1997.0,1804.0,2123.0,2184.0,2188.0,2192.0,2137.0,2100.0,2068.0,2016.0,1999.0,1816.0,1979.0,2194.0,2252.0,2245.0,2182.0,2128.0,2084.0,2019.0,1999.0,1826.0,1996.0,2198.0,2248.0,2250.0,2182.0,2134.0,2081.0,2018.0,1988.0,1818.0,2009.0,2076.0,2237.0,2283.0,2235.0,2171.0,2114.0,2041.0,1996.0,1808.0,1960.0,2172.0,2220.0,2216.0,2152.0,2105.0,2058.0,1995.0,1913.0,1798.0,2031.0,2135.0,2202.0,2216.0,2178.0,2127.0,2081.0,2024.0,1948.0,1821.0,1986.0,2186.0,2231.0,2221.0
1820.0,1981.0,2183.0,2238.0,2229.0,2156.0,2111.0,2057.0,2004.0,1961.0,1788.0,1955.0,2170.0,2217.0,2217.0,2159.0,2108.0,2069.0,2008.0,1997.0,1804.0,2123.0,2184.0,2188.0,2192.0,2137.0,2100.0,2068.0,2016.0,1999.0,1816.0,1979.0,2194.0,2252.0,2245.0,2182.0,2128.0,2084.0,2019.0,1999.0,1826.0,1996.0,2198.0,2248.0,2250.0,2182.0,2134.0,2081.0,2018.0,1988.0,1818.0,2009.0,2076.0,2237.0,2283.0,2235.0,2171.0,2114.0,2041.0,1996.0,1808.0,1960.0,2172.0,2220.0,2216.0,2152.0,2105.0,2058.0,1995.0,1913.0,1798.0,2031.0,2135.0,2202.0,2216.0,2178.0,2127.0,2081.0,2024.0,1948.0,1821.0,1986.0,2186.0,2231.0,2221.0,2161.0,2100.0,2061.0,1996.0,1920.0,1807.0,1974.0,2172.0,2222.0,2200.0,2144.0,2093.0,2045.0,1995.0,1922.0
2159.0,2108.0,2069.0,2008.0,1997.0,1804.0,2123.0,2184.0,2188.0,2192.0,2137.0,2100.0,2068.0,2016.0,1999.0,1816.0,1979.0,2194.0,2252.0,2245.0,2182.0,2128.0,2084.0,2019.0,1999.0,1826.0,1996.0,2198.0,2248.0,2250.0,2182.0,2134.0,2081.0,2018.0,1988.0,1818.0,2009.0,2076.0,2237.0,2283.0,2235.0,2171.0,2114.0,2041.0,1996.0,1808.0,1960.0,2172.0,2220.0,2216.0,2152.0,2105.0,2058.0,1995.0,1913.0,1798.0,2031.0,2135.0,2202.0,2216.0,2178.0,2127.0,2081.0,2024.0,1948.0,1821.0,1986.0,2186.0,2231.0,2221.0,2161.0,2100.0,2061.0,1996.0,1920.0,1807.0,1974.0,2172.0,2222.0,2200.0,2144.0,2093.0,2045.0,1995.0,1922.0,1801.0,1962.0,2164.0,2204.0,2194.0,2136.0,2081.0,2042.0,1983.0,1906.0,1804.0,1984.0,2049.0,2194.0,2240.0
1816.0,1979.0,2194.0,2252.0,2245.0,2182.0,2128.0,2084.0,2019.0,1999.0,1826.0,1996.0,2198.0,2248.0,2250.0,2182.0,2134.0,2081.0,2018.0,1988.0,1818.0,2009.0,2076.0,2237.0,2283.0,2235.0,2171.0,2114.0,2041.0,1996.0,1808.0,1960.0,2172.0,2220.0,2216.0,2152.0,2105.0,2058.0,1995.0,1913.0,1798.0,2031.0,2135.0,2202.0,2216.0,2178.0,2127.0,2081.0,2024.0,1948.0,1821.0,1986.0,2186.0,2231.0,2221.0,2161.0,2100.0,2061.0,1996.0,1920.0,1807.0,1974.0,2172.0,2222.0,2200.0,2144.0,2093.0,2045.0,1995.0,1922.0,1801.0,1962.0,2164.0,2204.0,2194.0,2136.0,2081.0,2042.0,1983.0,1906.0,1804.0,1984.0,2049.0,2194.0,2240.0,2198.0,2137.0,2076.0,2007.0,1924.0,1798.0,2072.0,2128.0,2138.0,2131.0,2090.0,2043.0,2018.0,1968.0,1904.0
2182.0,2134.0,2081.0,2018.0,1988.0,1818.0,2009.0,2076.0,2237.0,2283.0,2235.0,2171.0,2114.0,2041.0,1996.0,1808.0,1960.0,2172.0,2220.0,2216.0,2152.0,2105.0,2058.0,1995.0,1913.0,1798.0,2031.0,2135.0,2202.0,2216.0,2178.0,2127.0,2081.0,2024.0,1948.0,1821.0,1986.0,2186.0,2231.0,2221.0,2161.0,2100.0,2061.0,1996.0,1920.0,1807.0,1974.0,2172.0,2222.0,2200.0,2144.0,2093.0,2045.0,1995.0,1922.0,1801.0,1962.0,2164.0,2204.0,2194.0,2136.0,2081.0,2042.0,1983.0,1906.0,1804.0,1984.0,2049.0,2194.0,2240.0,2198.0,2137.0,2076.0,2007.0,1924.0,1798.0,2072.0,2128.0,2138.0,2131.0,2090.0,2043.0,2018.0,1968.0,1904.0,1792.0,1948.0,2153.0,2196.0,2188.0,2130.0,2078.0,2038.0,1978.0,1912.0,1790.0,1961.0,2157.0,2207.0,2188.0
1808.0,1960.0,2172.0,2220.0,2216.0,2152.0,2105.0,2058.0,1995.0,1913.0,1798.0,2031.0,2135.0,2202.0,2216.0,2178.0,2127.0,2081.0,2024.0,1948.0,1821.0,1986.0,2186.0,2231.0,2221.0,2161.0,2100.0,2061.0,1996.0,1920.0,1807.0,1974.0,2172.0,2222.0,2200.0,2144.0,2093.0,2045.0,1995.0,1922.0,1801.0,1962.0,2164.0,2204.0,2194.0,2136.0,2081.0,2042.0,1983.0,1906.0,1804.0,1984.0,2049.0,2194.0,2240.0,2198.0,2137.0,2076.0,2007.0,1924.0,1798.0,2072.0,2128.0,2138.0,2131.0,2090.0,2043.0,2018.0,1968.0,1904.0,1792.0,1948.0,2153.0,2196.0,2188.0,2130.0,2078.0,2038.0,1978.0,1912.0,1790.0,1961.0,2157.0,2207.0,2188.0,2145.0,2079.0,2039.0,1981.0,1893.0,1782.0,1956.0,2160.0,2196.0,2188.0,2128.0,2081.0,2048.0,1989.0,1907.0
2178.0,2127.0,2081.0,2024.0,1948.0,1821.0,1986.0,2186.0,2231.0,2221.0,2161.0,2100.0,2061.0,1996.0,1920.0,1807.0,1974.0,2172.0,2222.0,2200.0,2144.0,2093.0,2045.0,1995.0,1922.0,1801.0,1962.0,2164.0,2204.0,2194.0,2136.0,2081.0,2042.0,1983.0,1906.0,1804.0,1984.0,2049.0,2194.0,2240.0,2198.0,2137.0,2076.0,2007.0,1924.0,1798.0,2072.0,2128.0,2138.0,2131.0,2090.0,2043.0,2018.0,1968.0,1904.0,1792.0,1948.0,2153.0,2196.0,2188.0,2130.0,2078.0,2038.0,1978.0,1912.0,1790.0,1961.0,2157.0,2207.0,2188.0,2145.0,2079.0,2039.0,1981.0,1893.0,1782.0,1956.0,2160.0,2196.0,2188.0,2128.0,2081.0,2048.0,1989.0,1907.0,1797.0,1984.0,2166.0,2214.0,2193.0,2144.0,2091.0,2052.0,1996.0,1905.0,1794.0,2159.0,2092.0,2135.0,2200.0
1807.0,1974.0,2172.0,2222.0,2200.0,2144.0,2093.0,2045.0,1995.0,1922.0,1801.0,1962.0,2164.0,2204.0,2194.0,2136.0,2081.0,2042.0,1983.0,1906.0,1804.0,1984.0,2049.0,2194.0,2240.0,2198.0,2137.0,2076.0,2007.0,1924.0,1798.0,2072.0,2128.0,2138.0,2131.0,2090.0,2043.0,2018.0,1968.0,1904.0,1792.0,1948.0,2153.0,2196.0,2188.0,2130.0,2078.0,2038.0,1978.0,1912.0,1790.0,1961.0,2157.0,2207.0,2188.0,2145.0,2079.0,2039.0,1981.0,1893.0,1782.0,1956.0,2160.0,2196.0,2188.0,2128.0,2081.0,2048.0,1989.0,1907.0,1797.0,1984.0,2166.0,2214.0,2193.0,2144.0,2091.0,2052.0,1996.0,1905.0,1794.0,2159.0,2092.0,2135.0,2200.0,2174.0,2137.0,2092.0,2020.0,1940.0,1792.0,1988.0,2186.0,2234.0,2215.0,2148.0,2101.0,2056.0,1996.0,1914.0
2136.0,2081.0,2042.0,1983.0,1906.0,1804.0,1984.0,2049.0,2194.0,2240.0,2198.0,2137.0,2076.0,2007.0,1924.0,1798.0,2072.0,2128.0,2138.0,2131.0,2090.0,2043.0,2018.0,1968.0,1904.0,1792.0,1948.0,2153.0,2196.0,2188.0,2130.0,2078.0,2038.0,1978.0,1912.0,1790.0,1961.0,2157.0,2207.0,2188.0,2145.0,2079.0,2039.0,1981.0,1893.0,1782.0,1956.0,2160.0,2196.0,2188.0,2128.0,2081.0,2048.0,1989.0,1907.0,1797.0,1984.0,2166.0,2214.0,2193.0,2144.0,2091.0,2052.0,1996.0,1905.0,1794.0,2159.0,2092.0,2135.0,2200.0,2174.0,2137.0,2092.0,2020.0,1940.0,1792.0,1988.0,2186.0,2234.0,2215.0,2148.0,2101.0,2056.0,1996.0,1914.0,1780.0,1977.0,2184.0,2226.0,2207.0,2154.0,2096.0,2060.0,1997.0,1915.0,1777.0,2010.0,2190.0,2212.0,2201.0
1798.0,2072.0,2128.0,2138.0,2131.0,2090.0,2043.0,2018.0,1968.0,1904.0,1792.0,1948.0,2153.0,2196.0,2188.0,2130.0,2078.0,2038.0,1978.0,1912.0,1790.0,1961.0,2157.0,2207.0,2188.0,2145.0,2079.0,2039.0,1981.0,1893.0,1782.0,1956.0,2160.0,2196.0,2188.0,2128.0,2081.0,2048.0,1989.0,1907.0,1797.0,1984.0,2166.0,2214.0,2193.0,2144.0,2091.0,2052.0,1996.0,1905.0,1794.0,2159.0,2092.0,2135.0,2200.0,2174.0,2137.0,2092.0,2020.0,1940.0,1792.0,1988.0,2186.0,2234.0,2215.0,2148.0,2101.0,2056.0,1996.0,1914.0,1780.0,1977.0,2184.0,2226.0,2207.0,2154.0,2096.0,2060.0,1997.0,1915.0,1777.0,2010.0,2190.0,2212.0,2201.0,2139.0,2092.0,2051.0,1998.0,1913.0,1775.0,2001.0,2180.0,2212.0,2190.0,2132.0,2084.0,2044.0,1977.0,1904.0
2130.0,2078.0,2038.0,1978.0,1912.0,1790.0,1961.0,2157.0,2207.0,2188.0,2145.0,2079.0,2039.0,1981.0,1893.0,1782.0,1956.0,2160.0,2196.0,2188.0,2128.0,2081.0,2048.0,1989.0,1907.0,1797.0,1984.0,2166.0,2214.0,2193.0,2144.0,2091.0,2052.0,1996.0,1905.0,1794.0,2159.0,2092.0,2135.0,2200.0,2174.0,2137.0,2092.0,2020.0,1940.0,1792.0,1988.0,2186.0,2234.0,2215.0,2148.0,2101.0,2056.0,1996.0,1914.0,1780.0,1977.0,2184.0,2226.0,2207.0,2154.0,2096.0,2060.0,1997.0,1915.0,1777.0,2010.0,2190.0,2212.0,2201.0,2139.0,2092.0,2051.0,1998.0,1913.0,1775.0,2001.0,2180.0,2212.0,2190.0,2132.0,2084.0,2044.0,1977.0,1904.0,1750.0,2064.0,2146.0,2177.0,2182.0,2133.0,2084.0,2048.0,1988.0,1901.0,1768.0,2019.0,2070.0,2217.0,2248.0
1782.0,1956.0,2160.0,2196.0,2188.0,2128.0,2081.0,2048.0,1989.0,1907.0,1797.0,1984.0,2166.0,2214.0,2193.0,2144.0,2091.0,2052.0,1996.0,1905.0,1794.0,2159.0,2092.0,2135.0,2200.0,2174.0,2137.0,2092.0,2020.0,1940.0,1792.0,1988.0,2186.0,2234.0,2215.0,2148.0,2101.0,2056.0,1996.0,1914.0,1780.0,1977.0,2184.0,2226.0,2207.0,2154.0,2096.0,2060.0,1997.0,1915.0,1777.0,2010.0,2190.0,2212.0,2201.0,2139.0,2092.0,2051.0,1998.0,1913.0,1775.0,2001.0,2180.0,2212.0,2190.0,2132.0,2084.0,2044.0,1977.0,1904.0,1750.0,2064.0,2146.0,2177.0,2182.0,2133.0,2084.0,2048.0,1988.0,1901.0,1768.0,2019.0,2070.0,2217.0,2248.0,2208.0,2136.0,2090.0,2006.0,1912.0,1771.0,1960.0,2192.0,2210.0,2180.0,2113.0,2062.0,2028.0,1962.0,1883.0
2144.0,2091.0,2052.0,1996.0,1905.0,1794.0,2159.0,2092.0,2135.0,2200.0,2174.0,2137.0,2092.0,2020.0,1940.0,1792.0,1988.0,2186.0,2234.0,2215.0,2148.0,2101.0,2056.0,1996.0,1914.0,1780.0,1977.0,2184.0,2226.0,2207.0,2154.0,2096.0,2060.0,1997.0,1915.0,1777.0,2010.0,2190.0,2212.0,2201.0,2139.0,2092.0,2051.0,1998.0,1913.0,1775.0,2001.0,2180.0,2212.0,2190.0,2132.0,2084.0,2044.0,1977.0,1904.0,1750.0,2064.0,2146.0,2177.0,2182.0,2133.0,2084.0,2048.0,1988.0,1901.0,1768.0,2019.0,2070.0,2217.0,2248.0,2208.0,2136.0,2090.0,2006.0,1912.0,1771.0,1960.0,2192.0,2210.0,2180.0,2113.0,2062.0,2028.0,1962.0,1883.0,1746.0,1953.0,2190.0,2217.0,2187.0,2130.0,2069.0,2034.0,1984.0,1892.0,1758.0,1968.0,2196.0,2219.0,2204.0
1792.0,1988.0,2186.0,2234.0,2215.0,2148.0,2101.0,2056.0,1996.0,1914.0,1780.0,1977.0,2184.0,2226.0,2207.0,2154.0,2096.0,2060.0,1997.0,1915.0,1777.0,2010.0,2190.0,2212.0,2201.0,2139.0,2092.0,2051.0,1998.0,1913.0,1775.0,2001.0,2180.0,2212.0,2190.0,2132.0,2084.0,2044.0,1977.0,1904.0,1750.0,2064.0,2146.0,2177.0,2182.0,2133.0,2084.0,2048.0,1988.0,1901.0,1768.0,2019.0,2070.0,2217.0,2248.0,2208.0,2136.0,2090.0,2006.0,1912.0,1771.0,1960.0,2192.0,2210.0,2180.0,2113.0,2062.0,2028.0,1962.0,1883.0,1746.0,1953.0,2190.0,2217.0,2187.0,2130.0,2069.0,2034.0,1984.0,1892.0,1758.0,1968.0,2196.0,2219.0,2204.0,2138.0,2084.0,2057.0,1992.0,1915.0,1780.0,2112.0,2216.0,2206.0,2180.0,2128.0,2081.0,2054.0,2002.0,1920.0
2154.0,2096.0,2060.0,1997.0,1915.0,1777.0,2010.0,2190.0,2212.0,2201.0,2139.0,2092.0,2051.0,1998.0,1913.0,1775.0,2001.0,2180.0,2212.0,2190.0,2132.0,2084.0,2044.0,1977.0,1904.0,1750.0,2064.0,2146.0,2177.0,2182.0,2133.0,2084.0,2048.0,1988.0,1901.0,1768.0,2019.0,2070.0,2217.0,2248.0,2208.0,2136.0,2090.0,2006.0,1912.0,1771.0,1960.0,2192.0,2210.0,2180.0,2113.0,2062.0,2028.0,1962.0,1883.0,1746.0,1953.0,2190.0,2217.0,2187.0,2130.0,2069.0,2034.0,1984.0,1892.0,1758.0,1968.0,2196.0,2219.0,2204.0,2138.0,2084.0,2057.0,1992.0,1915.0,1780.0,2112.0,2216.0,2206.0,2180.0,2128.0,2081.0,2054.0,2002.0,1920.0,1776.0,1980.0,2231.0,2250.0,2218.0,2159.0,2095.0,2076.0,2010.0,1925.0,1778.0,2001.0,2128.0,2251.0,2277.0
1775.0,2001.0,2180.0,2212.0,2190.0,2132.0,2084.0,2044.0,1977.0,1904.0,1750.0,2064.0,2146.0,2177.0,2182.0,2133.0,2084.0,2048.0,1988.0,1901.0,1768.0,2019.0,2070.0,2217.0,2248.0,2208.0,2136.0,2090.0,2006.0,1912.0,1771.0,1960.0,2192.0,2210.0,2180.0,2113.0,2062.0,2028.0,1962.0,1883.0,1746.0,1953.0,2190.0,2217.0,2187.0,2130.0,2069.0,2034.0,1984.0,1892.0,1758.0,1968.0,2196.0,2219.0,2204.0,2138.0,2084.0,2057.0,1992.0,1915.0,1780.0,2112.0,2216.0,2206.0,2180.0,2128.0,2081.0,2054.0,2002.0,1920.0,1776.0,1980.0,2231.0,2250.0,2218.0,2159.0,2095.0,2076.0,2010.0,1925.0,1778.0,2001.0,2128.0,2251.0,2277.0,2216.0,2157.0,2102.0,2028.0,1924.0,1776.0,1965.0,2211.0,2234.0,2196.0,2129.0,2068.0,2042.0,1977.0,1880.0
2133.0,2084.0,2048.0,1988.0,1901.0,1768.0,2019.0,2070.0,2217.0,2248.0,2208.0,2136.0,2090.0,2006.0,1912.0,1771.0,1960.0,2192.0,2210.0,2180.0,2113.0,2062.0,2028.0,1962.0,1883.0,1746.0,1953.0,2190.0,2217.0,2187.0,2130.0,2069.0,2034.0,1984.0,1892.0,1758.0,1968.0,2196.0,2219.0,2204.0,2138.0,2084.0,2057.0,1992.0,1915.0,1780.0,2112.0,2216.0,2206.0,2180.0,2128.0,2081.0,2054.0,2002.0,1920.0,1776.0,1980.0,2231.0,2250.0,2218.0,2159.0,2095.0,2076.0,2010.0,1925.0,1778.0,2001.0,2128.0,2251.0,2277.0,2216.0,2157.0,2102.0,2028.0,1924.0,1776.0,1965.0,2211.0,2234.0,2196.0,2129.0,2068.0,2042.0,1977.0,1880.0,1744.0,1951.0,2197.0,2216.0,2185.0,2117.0,2067.0,2035.0,1970.0,1888.0,1756.0,2090.0,2198.0,2196.0,2166.0
1771.0,1960.0,2192.0,2210.0,2180.0,2113.0,2062.0,2028.0,1962.0,1883.0,1746.0,1953.0,2190.0,2217.0,2187.0,2130.0,2069.0,2034.0,1984.0,1892.0,1758.0,1968.0,2196.0,2219.0,2204.0,2138.0,2084.0,2057.0,1992.0,1915.0,1780.0,2112.0,2216.0,2206.0,2180.0,2128.0,2081.0,2054.0,2002.0,1920.0,1776.0,1980.0,2231.0,2250.0,2218.0,2159.0,2095.0,2076.0,2010.0,1925.0,1778.0,2001.0,2128.0,2251.0,2277.0,2216.0,2157.0,2102.0,2028.0,1924.0,1776.0,1965.0,2211.0,2234.0,2196.0,2129.0,2068.0,2042.0,1977.0,1880.0,1744.0,1951.0,2197.0,2216.0,2185.0,2117.0,2067.0,2035.0,1970.0,1888.0,1756.0,2090.0,2198.0,2196.0,2166.0,2116.0,2072.0,2051.0,2002.0,1908.0,1789.0,1999.0,2247.0,2277.0,2248.0,2176.0,2122.0,2083.0,2024.0,1926.0
2130.0,2069.0,2034.0,1984.0,1892.0,1758.0,1968.0,2196.0,2219.0,2204.0,2138.0,2084.0,2057.0,1992.0,1915.0,1780.0,2112.0,2216.0,2206.0,2180.0,2128.0,2081.0,2054.0,2002.0,1920.0,1776.0,1980.0,2231.0,2250.0,2218.0,2159.0,2095.0,2076.0,2010.0,1925.0,1778.0,2001.0,2128.0,2251.0,2277.0,2216.0,2157.0,2102.0,2028.0,1924.0,1776.0,1965.0,2211.0,2234.0,2196.0,2129.0,2068.0,2042.0,1977.0,1880.0,1744.0,1951.0,2197.0,2216.0,2185.0,2117.0,2067.0,2035.0,1970.0,1888.0,1756.0,2090.0,2198.0,2196.0,2166.0,2116.0,2072.0,2051.0,2002.0,1908.0,1789.0,1999.0,2247.0,2277.0,2248.0,2176.0,2122.0,2083.0,2024.0,1926.0,1791.0,2000.0,2210.0,2273.0,2231.0,2170.0,2101.0,2063.0,2006.0,1912.0,1784.0,2016.0,2096.0,2265.0,2284.0
1780.0,2112.0,2216.0,2206.0,2180.0,2128.0,2081.0,2054.0,2002.0,1920.0,1776.0,1980.0,2231.0,2250.0,2218.0,2159.0,2095.0,2076.0,2010.0,1925.0,1778.0,2001.0,2128.0,2251.0,2277.0,2216.0,2157.0,2102.0,2028.0,1924.0,1776.0,1965.0,2211.0,2234.0,2196.0,2129.0,2068.0,2042.0,1977.0,1880.0,1744.0,1951.0,2197.0,2216.0,2185.0,2117.0,2067.0,2035.0,1970.0,1888.0,1756.0,2090.0,2198.0,2196.0,2166.0,2116.0,2072.0,2051.0,2002.0,1908.0,1789.0,1999.0,2247.0,2277.0,2248.0,2176.0,2122.0,2083.0,2024.0,1926.0,1791.0,2000.0,2210.0,2273.0,2231.0,2170.0,2101.0,2063.0,2006.0,1912.0,1784.0,2016.0,2096.0,2265.0,2284.0,2227.0,2155.0,2109.0,2036.0,1932.0,1784.0,1984.0,2198.0,2269.0,2220.0,2147.0,2080.0,2037.0,1992.0,1901.0
2159.0,2095.0,2076.0,2010.0,1925.0,1778.0,2001.0,2128.0,2251.0,2277.0,2216.0,2157.0,2102.0,2028.0,1924.0,1776.0,1965.0,2211.0,2234.0,2196.0,2129.0,2068.0,2042.0,1977.0,1880.0,1744.0,1951.0,2197.0,2216.0,2185.0,2117.0,2067.0,2035.0,1970.0,1888.0,1756.0,2090.0,2198.0,2196.0,2166.0,2116.0,2072.0,2051.0,2002.0,1908.0,1789.0,1999.0,2247.0,2277.0,2248.0,2176.0,2122.0,2083.0,2024.0,1926.0,1791.0,2000.0,2210.0,2273.0,2231.0,2170.0,2101.0,2063.0,2006.0,1912.0,1784.0,2016.0,2096.0,2265.0,2284.0,2227.0,2155.0,2109.0,2036.0,1932.0,1784.0,1984.0,2198.0,2269.0,2220.0,2147.0,2080.0,2037.0,1992.0,1901.0,1764.0,2109.0,2139.0,2231.0,2220.0,2160.0,2102.0,2065.0,2014.0,1923.0,1792.0,1986.0,2200.0,2270.0,2227.0
1776.0,1965.0,2211.0,2234.0,2196.0,2129.0,2068.0,2042.0,1977.0,1880.0,1744.0,1951.0,2197.0,2216.0,2185.0,2117.0,2067.0,2035.0,1970.0,1888.0,1756.0,2090.0,2198.0,2196.0,2166.0,2116.0,2072.0,2051.0,2002.0,1908.0,1789.0,1999.0,2247.0,2277.0,2248.0,2176.0,2122.0,2083.0,2024.0,1926.0,1791.0,2000.0,2210.0,2273.0,2231.0,2170.0,2101.0,2063.0,2006.0,1912.0,1784.0,2016.0,2096.0,2265.0,2284.0,2227.0,2155.0,2109.0,2036.0,1932.0,1784.0,1984.0,2198.0,2269.0,2220.0,2147.0,2080.0,2037.0,1992.0,1901.0,1764.0,2109.0,2139.0,2231.0,2220.0,2160.0,2102.0,2065.0,2014.0,1923.0,1792.0,1986.0,2200.0,2270.0,2227.0,2148.0,2088.0,2052.0,2001.0,1896.0,1780.0,1990.0,2213.0,2288.0,2336.0,2179.0,2067.0,2025.0,1980.0,1899.0
2117.0,2067.0,2035.0,1970.0,1888.0,1756.0,2090.0,2198.0,2196.0,2166.0,2116.0,2072.0,2051.0,2002.0,1908.0,1789.0,1999.0,2247.0,2277.0,2248.0,2176.0,2122.0,2083.0,2024.0,1926.0,1791.0,2000.0,2210.0,2273.0,2231.0,2170.0,2101.0,2063.0,2006.0,1912.0,1784.0,2016.0,2096.0,2265.0,2284.0,2227.0,2155.0,2109.0,2036.0,1932.0,1784.0,1984.0,2198.0,2269.0,2220.0,2147.0,2080.0,2037.0,1992.0,1901.0,1764.0,2109.0,2139.0,2231.0,2220.0,2160.0,2102.0,2065.0,2014.0,1923.0,1792.0,1986.0,2200.0,2270.0,2227.0,2148.0,2088.0,2052.0,2001.0,1896.0,1780.0,1990.0,2213.0,2288.0,2336.0,2179.0,2067.0,2025.0,1980.0,1899.0,1789.0,2002.0,2228.0,2303.0,2254.0,2168.0,2107.0,2064.0,2021.0,1920.0,1783.0,2019.0,2088.0,2281.0,2288.0
1789.0,1999.0,2247.0,2277.0,2248.0,2176.0,2122.0,2083.0,2024.0,1926.0,1791.0,2000.0,2210.0,2273.0,2231.0,2170.0,2101.0,2063.0,2006.0,1912.0,1784.0,2016.0,2096.0,2265.0,2284.0,2227.0,2155.0,2109.0,2036.0,1932.0,1784.0,1984.0,2198.0,2269.0,2220.0,2147.0,2080.0,2037.0,1992.0,1901.0,1764.0,2109.0,2139.0,2231.0,2220.0,2160.0,2102.0,2065.0,2014.0,1923.0,1792.0,1986.0,2200.0,2270.0,2227.0,2148.0,2088.0,2052.0,2001.0,1896.0,1780.0,1990.0,2213.0,2288.0,2336.0,2179.0,2067.0,2025.0,1980.0,1899.0,1789.0,2002.0,2228.0,2303.0,2254.0,2168.0,2107.0,2064.0,2021.0,1920.0,1783.0,2019.0,2088.0,2281.0,2288.0,2227.0,2142.0,2091.0,2017.0,1896.0,1766.0,2084.0,2172.0,2210.0,2188.0,2123.0,2070.0,2040.0,1994.0,1912.0
2170.0,2101.0,2063.0,2006.0,1912.0,1784.0,2016.0,2096.0,2265.0,2284.0,2227.0,2155.0,2109.0,2036.0,1932.0,1784.0,1984.0,2198.0,2269.0,2220.0,2147.0,2080.0,2037.0,1992.0,1901.0,1764.0,2109.0,2139.0,2231.0,2220.0,2160.0,2102.0,2065.0,2014.0,1923.0,1792.0,1986.0,2200.0,2270.0,2227.0,2148.0,2088.0,2052.0,2001.0,1896.0,1780.0,1990.0,2213.0,2288.0,2336.0,2179.0,2067.0,2025.0,1980.0,1899.0,1789.0,2002.0,2228.0,2303.0,2254.0,2168.0,2107.0,2064.0,2021.0,1920.0,1783.0,2019.0,2088.0,2281.0,2288.0,2227.0,2142.0,2091.0,2017.0,1896.0,1766.0,2084.0,2172.0,2210.0,2188.0,2123.0,2070.0,2040.0,1994.0,1912.0,1770.0,1992.0,2208.0,2274.0,2254.0,2174.0,2103.0,2062.0,2009.0,1921.0,1801.0,2016.0,2217.0,2257.0,2256.0
1784.0,1984.0,2198.0,2269.0,2220.0,2147.0,2080.0,2037.0,1992.0,1901.0,1764.0,2109.0,2139.0,2231.0,2220.0,2160.0,2102.0,2065.0,2014.0,1923.0,1792.0,1986.0,2200.0,2270.0,2227.0,2148.0,2088.0,2052.0,2001.0,1896.0,1780.0,1990.0,2213.0,2288.0,2336.0,2179.0,2067.0,2025.0,1980.0,1899.0,1789.0,2002.0,2228.0,2303.0,2254.0,2168.0,2107.0,2064.0,2021.0,1920.0,1783.0,2019.0,2088.0,2281.0,2288.0,2227.0,2142.0,2091.0,2017.0,1896.0,1766.0,2084.0,2172.0,2210.0,2188.0,2123.0,2070.0,2040.0,1994.0,1912.0,1770.0,1992.0,2208.0,2274.0,2254.0,2174.0,2103.0,2062.0,2009.0,1921.0,1801.0,2016.0,2217.0,2257.0,2256.0,2176.0,2103.0,2068.0,2009.0,1908.0,1783.0,1992.0,2212.0,2261.0,2261.0,2176.0,2108.0,2064.0,2014.0,1908.0
2160.0,2102.0,2065.0,2014.0,1923.0,1792.0,1986.0,2200.0,2270.0,2227.0,2148.0,2088.0,2052.0,2001.0,1896.0,1780.0,1990.0,2213.0,2288.0,2336.0,2179.0,2067.0,2025.0,1980.0,1899.0,1789.0,2002.0,2228.0,2303.0,2254.0,2168.0,2107.0,2064.0,2021.0,1920.0,1783.0,2019.0,2088.0,2281.0,2288.0,2227.0,2142.0,2091.0,2017.0,1896.0,1766.0,2084.0,2172.0,2210.0,2188.0,2123.0,2070.0,2040.0,1994.0,1912.0,1770.0,1992.0,2208.0,2274.0,2254.0,2174.0,2103.0,2062.0,2009.0,1921.0,1801.0,2016.0,2217.0,2257.0,2256.0,2176.0,2103.0,2068.0,2009.0,1908.0,1783.0,1992.0,2212.0,2261.0,2261.0,2176.0,2108.0,2064.0,2014.0,1908.0,1781.0,1993.0,2209.0,2246.0,2256.0,2169.0,2093.0,2054.0,2004.0,1908.0,1780.0,2153.0,2092.0,2164.0,2256.0
1780.0,1990.0,2213.0,2288.0,2336.0,2179.0,2067.0,2025.0,1980.0,1899.0,1789.0,2002.0,2228.0,2303.0,2254.0,2168.0,2107.0,2064.0,2021.0,1920.0,1783.0,2019.0,2088.0,2281.0,2288.0,2227.0,2142.0,2091.0,2017.0,1896.0,1766.0,2084.0,2172.0,2210.0,2188.0,2123.0,2070.0,2040.0,1994.0,1912.0,1770.0,1992.0,2208.0,2274.0,2254.0,2174.0,2103.0,2062.0,2009.0,1921.0,1801.0,2016.0,2217.0,2257.0,2256.0,2176.0,2103.0,2068.0,2009.0,1908.0,1783.0,1992.0,2212.0,2261.0,2261.0,2176.0,2108.0,2064.0,2014.0,1908.0,1781.0,1993.0,2209.0,2246.0,2256.0,2169.0,2093.0,2054.0,2004.0,1908.0,1780.0,2153.0,2092.0,2164.0,2256.0,2208.0,2146.0,2097.0,2037.0,1913.0,1785.0,1990.0,2201.0,2246.0,2248.0,2164.0,2080.0,2038.0,1978.0,1889.0
2168.0,2107.0,2064.0,2021.0,1920.0,1783.0,2019.0,2088.0,2281.0,2288.0,2227.0,2142.0,2091.0,2017.0,1896.0,1766.0,2084.0,2172.0,2210.0,2188.0,2123.0,2070.0,2040.0,1994.0,1912.0,1770.0,1992.0,2208.0,2274.0,2254.0,2174.0,2103.0,2062.0,2009.0,1921.0,1801.0,2016.0,2217.0,2257.0,2256.0,2176.0,2103.0,2068.0,2009.0,1908.0,1783.0,1992.0,2212.0,2261.0,2261.0,2176.0,2108.0,2064.0,2014.0,1908.0,1781.0,1993.0,2209.0,2246.0,2256.0,2169.0,2093.0,2054.0,2004.0,1908.0,1780.0,2153.0,2092.0,2164.0,2256.0,2208.0,2146.0,2097.0,2037.0,1913.0,1785.0,1990.0,2201.0,2246.0,2248.0,2164.0,2080.0,2038.0,1978.0,1889.0,1756.0,1968.0,2180.0,2220.0,2236.0,2152.0,2080.0,2036.0,1987.0,1882.0,1771.0,1976.0,2192.0,2234.0,2253.0
1766.0,2084.0,2172.0,2210.0,2188.0,2123.0,2070.0,2040.0,1994.0,1912.0,1770.0,1992.0,2208.0,2274.0,2254.0,2174.0,2103.0,2062.0,2009.0,1921.0,1801.0,2016.0,2217.0,2257.0,2256.0,2176.0,2103.0,2068.0,2009.0,1908.0,1783.0,1992.0,2212.0,2261.0,2261.0,2176.0,2108.0,2064.0,2014.0,1908.0,1781.0,1993.0,2209.0,2246.0,2256.0,2169.0,2093.0,2054.0,2004.0,1908.0,1780.0,2153.0,2092.0,2164.0,2256.0,2208.0,2146.0,2097.0,2037.0,1913.0,1785.0,1990.0,2201.0,2246.0,2248.0,2164.0,2080.0,2038.0,1978.0,1889.0,1756.0,1968.0,2180.0,2220.0,2236.0,2152.0,2080.0,2036.0,1987.0,1882.0,1771.0,1976.0,2192.0,2234.0,2253.0,2172.0,2084.0,2050.0,1988.0,1892.0,1768.0,1972.0,2200.0,2240.0,2260.0,2178.0,2102.0,2065.0,2006.0,1908.0
2174.0,2103.0,2062.0,2009.0,1921.0,1801.0,2016.0,2217.0,2257.0,2256.0,2176.0,2103.0,2068.0,2009.0,1908.0,1783.0,1992.0,2212.0,2261.0,2261.0,2176.0,2108.0,2064.0,2014.0,1908.0,1781.0,1993.0,2209.0,2246.0,2256.0,2169.0,2093.0,2054.0,2004.0,1908.0,1780.0,2153.0,2092.0,2164.0,2256.0,2208.0,2146.0,2097.0,2037.0,1913.0,1785.0,1990.0,2201.0,2246.0,2248.0,2164.0,2080.0,2038.0,1978.0,1889.0,1756.0,1968.0,2180.0,2220.0,2236.0,2152.0,2080.0,2036.0,1987.0,1882.0,1771.0,1976.0,2192.0,2234.0,2253.0,2172.0,2084.0,2050.0,1988.0,1892.0,1768.0,1972.0,2200.0,2240.0,2260.0,2178.0,2102.0,2065.0,2006.0,1908.0,1779.0,2123.0,2139.0,2213.0,2259.0,2208.0,2118.0,2072.0,2009.0,1909.0,1781.0,2006.0,2088.0,2233.0,2291.0
1783.0,1992.0,2212.0,2261.0,2261.0,2176.0,2108.0,2064.0,2014.0,1908.0,1781.0,1993.0,2209.0,2246.0,2256.0,2169.0,2093.0,2054.0,2004.0,1908.0,1780.0,2153.0,2092.0,2164.0,2256.0,2208.0,2146.0,2097.0,2037.0,1913.0,1785.0,1990.0,2201.0,2246.0,2248.0,2164.0,2080.0,2038.0,1978.0,1889.0,1756.0,1968.0,2180.0,2220.0,2236.0,2152.0,2080.0,2036.0,1987.0,1882.0,1771.0,1976.0,2192.0,2234.0,2253.0,2172.0,2084.0,2050.0,1988.0,1892.0,1768.0,1972.0,2200.0,2240.0,2260.0,2178.0,2102.0,2065.0,2006.0,1908.0,1779.0,2123.0,2139.0,2213.0,2259.0,2208.0,2118.0,2072.0,2009.0,1909.0,1781.0,2006.0,2088.0,2233.0,2291.0,2236.0,2128.0,2074.0,1992.0,1860.0,1748.0,1958.0,2164.0,2216.0,2196.0,2146.0,2059.0,2015.0,1955.0,1845.0
2169.0,2093.0,2054.0,2004.0,1908.0,1780.0,2153.0,2092.0,2164.0,2256.0,2208.0,2146.0,2097.0,2037.0,1913.0,1785.0,1990.0,2201.0,2246.0,2248.0,2164.0,2080.0,2038.0,1978.0,1889.0,1756.0,1968.0,2180.0,2220.0,2236.0,2152.0,2080.0,2036.0,1987.0,1882.0,1771.0,1976.0,2192.0,2234.0,2253.0,2172.0,2084.0,2050.0,1988.0,1892.0,1768.0,1972.0,2200.0,2240.0,2260.0,2178.0,2102.0,2065.0,2006.0,1908.0,1779.0,2123.0,2139.0,2213.0,2259.0,2208.0,2118.0,2072.0,2009.0,1909.0,1781.0,2006.0,2088.0,2233.0,2291.0,2236.0,2128.0,2074.0,1992.0,1860.0,1748.0,1958.0,2164.0,2216.0,2196.0,2146.0,2059.0,2015.0,1955.0,1845.0,1744.0,1954.0,2167.0,2208.0,2187.0,2155.0,2062.0,2025.0,1970.0,1864.0,1744.0,1948.0,2163.0,2208.0,2192.0
1785.0,1990.0,2201.0,2246.0,2248.0,2164.0,2080.0,2038.0,1978.0,1889.0,1756.0,1968.0,2180.0,2220.0,2236.0,2152.0,2080.0,2036.0,1987.0,1882.0,1771.0,1976.0,2192.0,2234.0,2253.0,2172.0,2084.0,2050.0,1988.0,1892.0,1768.0,1972.0,2200.0,2240.0,2260.0,2178.0,2102.0,2065.0,2006.0,1908.0,1779.0,2123.0,2139.0,2213.0,2259.0,2208.0,2118.0,2072.0,2009.0,1909.0,1781.0,2006.0,2088.0,2233.0,2291.0,2236.0,2128.0,2074.0,1992.0,1860.0,1748.0,1958.0,2164.0,2216.0,2196.0,2146.0,2059.0,2015.0,1955.0,1845.0,1744.0,1954.0,2167.0,2208.0,2187.0,2155.0,2062.0,2025.0,1970.0,1864.0,1744.0,1948.0,2163.0,2208.0,2192.0,2159.0,2076.0,2022.0,1968.0,1861.0,1745.0,2075.0,2154.0,2178.0,2168.0,2156.0,2067.0,2026.0,1972.0,1869.0
2152.0,2080.0,2036.0,1987.0,1882.0,1771.0,1976.0,2192.0,2234.0,2253.0,2172.0,2084.0,2050.0,1988.0,1892.0,1768.0,1972.0,2200.0,2240.0,2260.0,2178.0,2102.0,2065.0,2006.0,1908.0,1779.0,2123.0,2139.0,2213.0,2259.0,2208.0,2118.0,2072.0,2009.0,1909.0,1781.0,2006.0,2088.0,2233.0,2291.0,2236.0,2128.0,2074.0,1992.0,1860.0,1748.0,1958.0,2164.0,2216.0,2196.0,2146.0,2059.0,2015.0,1955.0,1845.0,1744.0,1954.0,2167.0,2208.0,2187.0,2155.0,2062.0,2025.0,1970.0,1864.0,1744.0,1948.0,2163.0,2208.0,2192.0,2159.0,2076.0,2022.0,1968.0,1861.0,1745.0,2075.0,2154.0,2178.0,2168.0,2156.0,2067.0,2026.0,1972.0,1869.0,1751.0,1963.0,2169.0,2208.0,2192.0,2162.0,2072.0,2019.0,1962.0,1856.0,1740.0,1981.0,2074.0,2221.0,2248.0
1768.0,1972.0,2200.0,2240.0,2260.0,2178.0,2102.0,2065.0,2006.0,1908.0,1779.0,2123.0,2139.0,2213.0,2259.0,2208.0,2118.0,2072.0,2009.0,1909.0,1781.0,2006.0,2088.0,2233.0,2291.0,2236.0,2128.0,2074.0,1992.0,1860.0,1748.0,1958.0,2164.0,2216.0,2196.0,2146.0,2059.0,2015.0,1955.0,1845.0,1744.0,1954.0,2167.0,2208.0,2187.0,2155.0,2062.0,2025.0,1970.0,1864.0,1744.0,1948.0,2163.0,2208.0,2192.0,2159.0,2076.0,2022.0,1968.0,1861.0,1745.0,2075.0,2154.0,2178.0,2168.0,2156.0,2067.0,2026.0,1972.0,1869.0,1751.0,1963.0,2169.0,2208.0,2192.0,2162.0,2072.0,2019.0,1962.0,1856.0,1740.0,1981.0,2074.0,2221.0,2248.0,2240.0,2136.0,2072.0,1989.0,1868.0,1753.0,1952.0,2164.0,2202.0,2179.0,2160.0,2069.0,2007.0,1944.0,1824.0
2208.0,2118.0,2072.0,2009.0,1909.0,1781.0,2006.0,2088.0,2233.0,2291.0,2236.0,2128.0,2074.0,1992.0,1860.0,1748.0,1958.0,2164.0,2216.0,2196.0,2146.0,2059.0,2015.0,1955.0,1845.0,1744.0,1954.0,2167.0,2208.0,2187.0,2155.0,2062.0,2025.0,1970.0,1864.0,1744.0,1948.0,2163.0,2208.0,2192.0,2159.0,2076.0,2022.0,1968.0,1861.0,1745.0,2075.0,2154.0,2178.0,2168.0,2156.0,2067.0,2026.0,1972.0,1869.0,1751.0,1963.0,2169.0,2208.0,2192.0,2162.0,2072.0,2019.0,1962.0,1856.0,1740.0,1981.0,2074.0,2221.0,2248.0,2240.0,2136.0,2072.0,1989.0,1868.0,1753.0,1952.0,2164.0,2202.0,2179.0,2160.0,2069.0,2007.0,1944.0,1824.0,1721.0,1952.0,2157.0,2208.0,2192.0,2176.0,2080.0,2024.0,1968.0,1848.0,1764.0,2088.0,2162.0,2172.0,2168.0
1748.0,1958.0,2164.0,2216.0,2196.0,2146.0,2059.0,2015.0,1955.0,1845.0,1744.0,1954.0,2167.0,2208.0,2187.0,2155.0,2062.0,2025.0,1970.0,1864.0,1744.0,1948.0,2163.0,2208.0,2192.0,2159.0,2076.0,2022.0,1968.0,1861.0,1745.0,2075.0,2154.0,2178.0,2168.0,2156.0,2067.0,2026.0,1972.0,1869.0,1751.0,1963.0,2169.0,2208.0,2192.0,2162.0,2072.0,2019.0,1962.0,1856.0,1740.0,1981.0,2074.0,2221.0,2248.0,2240.0,2136.0,2072.0,1989.0,1868.0,1753.0,1952.0,2164.0,2202.0,2179.0,2160.0,2069.0,2007.0,1944.0,1824.0,1721.0,1952.0,2157.0,2208.0,2192.0,2176.0,2080.0,2024.0,1968.0,1848.0,1764.0,2088.0,2162.0,2172.0,2168.0,2160.0,2076.0,2036.0,1980.0,1860.0,1758.0,1977.0,2198.0,2250.0,2229.0,2186.0,2112.0,2049.0,1986.0,1855.0
2155.0,2062.0,2025.0,1970.0,1864.0,1744.0,1948.0,2163.0,2208.0,2192.0,2159.0,2076.0,2022.0,1968.0,1861.0,1745.0,2075.0,2154.0,2178.0,2168.0,2156.0,2067.0,2026.0,1972.0,1869.0,1751.0,1963.0,2169.0,2208.0,2192.0,2162.0,2072.0,2019.0,1962.0,1856.0,1740.0,1981.0,2074.0,2221.0,2248.0,2240.0,2136.0,2072.0,1989.0,1868.0,1753.0,1952.0,2164.0,2202.0,2179.0,2160.0,2069.0,2007.0,1944.0,1824.0,1721.0,1952.0,2157.0,2208.0,2192.0,2176.0,2080.0,2024.0,1968.0,1848.0,1764.0,2088.0,2162.0,2172.0,2168.0,2160.0,2076.0,2036.0,1980.0,1860.0,1758.0,1977.0,2198.0,2250.0,2229.0,2186.0,2112.0,2049.0,1986.0,1855.0,1755.0,1984.0,2190.0,2228.0,2208.0,2174.0,2099.0,2048.0,1980.0,1852.0,1752.0,2000.0,2084.0,2226.0,2260.0
1745.0,2075.0,2154.0,2178.0,2168.0,2156.0,2067.0,2026.0,1972.0,1869.0,1751.0,1963.0,2169.0,2208.0,2192.0,2162.0,2072.0,2019.0,1962.0,1856.0,1740.0,1981.0,2074.0,2221.0,2248.0,2240.0,2136.0,2072.0,1989.0,1868.0,1753.0,1952.0,2164.0,2202.0,2179.0,2160.0,2069.0,2007.0,1944.0,1824.0,1721.0,1952.0,2157.0,2208.0,2192.0,2176.0,2080.0,2024.0,1968.0,1848.0,1764.0,2088.0,2162.0,2172.0,2168.0,2160.0,2076.0,2036.0,1980.0,1860.0,1758.0,1977.0,2198.0,2250.0,2229.0,2186.0,2112.0,2049.0,1986.0,1855.0,1755.0,1984.0,2190.0,2228.0,2208.0,2174.0,2099.0,2048.0,1980.0,1852.0,1752.0,2000.0,2084.0,2226.0,2260.0,2213.0,2164.0,2090.0,2014.0,1868.0,1762.0,1976.0,2176.0,2220.0,2189.0,2140.0,2095.0,2040.0,1973.0,1851.0
2162.0,2072.0,2019.0,1962.0,1856.0,1740.0,1981.0,2074.0,2221.0,2248.0,2240.0,2136.0,2072.0,1989.0,1868.0,1753.0,1952.0,2164.0,2202.0,2179.0,2160.0,2069.0,2007.0,1944.0,1824.0,1721.0,1952.0,2157.0,2208.0,2192.0,2176.0,2080.0,2024.0,1968.0,1848.0,1764.0,2088.0,2162.0,2172.0,2168.0,2160.0,2076.0,2036.0,1980.0,1860.0,1758.0,1977.0,2198.0,2250.0,2229.0,2186.0,2112.0,2049.0,1986.0,1855.0,1755.0,1984.0,2190.0,2228.0,2208.0,2174.0,2099.0,2048.0,1980.0,1852.0,1752.0,2000.0,2084.0,2226.0,2260.0,2213.0,2164.0,2090.0,2014.0,1868.0,1762.0,1976.0,2176.0,2220.0,2189.0,2140.0,2095.0,2040.0,1973.0,1851.0,1748.0,2098.0,2112.0,2185.0,2208.0,2169.0,2140.0,2076.0,2008.0,1871.0,1771.0,1976.0,2182.0,2227.0,2201.0
1753.0,1952.0,2164.0,2202.0,2179.0,2160.0,2069.0,2007.0,1944.0,1824.0,1721.0,1952.0,2157.0,2208.0,2192.0,2176.0,2080.0,2024.0,1968.0,1848.0,1764.0,2088.0,2162.0,2172.0,2168.0,2160.0,2076.0,2036.0,1980.0,1860.0,1758.0,1977.0,2198.0,2250.0,2229.0,2186.0,2112.0,2049.0,1986.0,1855.0,1755.0,1984.0,2190.0,2228.0,2208.0,2174.0,2099.0,2048.0,1980.0,1852.0,1752.0,2000.0,2084.0,2226.0,2260.0,2213.0,2164.0,2090.0,2014.0,1868.0,1762.0,1976.0,2176.0,2220.0,2189.0,2140.0,2095.0,2040.0,1973.0,1851.0,1748.0,2098.0,2112.0,2185.0,2208.0,2169.0,2140.0,2076.0,2008.0,1871.0,1771.0,1976.0,2182.0,2227.0,2201.0,2149.0,2106.0,2050.0,1985.0,1855.0,1756.0,1970.0,2185.0,2230.0,2208.0,2152.0,2124.0,2056.0,1984.0,1856.0
2176.0,2080.0,2024.0,1968.0,1848.0,1764.0,2088.0,2162.0,2172.0,2168.0,2160.0,2076.0,2036.0,1980.0,1860.0,1758.0,1977.0,2198.0,2250.0,2229.0,2186.0,2112.0,2049.0,1986.0,1855.0,1755.0,1984.0,2190.0,2228.0,2208.0,2174.0,2099.0,2048.0,1980.0,1852.0,1752.0,2000.0,2084.0,2226.0,2260.0,2213.0,2164.0,2090.0,2014.0,1868.0,1762.0,1976.0,2176.0,2220.0,2189.0,2140.0,2095.0,2040.0,1973.0,1851.0,1748.0,2098.0,2112.0,2185.0,2208.0,2169.0,2140.0,2076.0,2008.0,1871.0,1771.0,1976.0,2182.0,2227.0,2201.0,2149.0,2106.0,2050.0,1985.0,1855.0,1756.0,1970.0,2185.0,2230.0,2208.0,2152.0,2124.0,2056.0,1984.0,1856.0,1753.0,1991.0,2188.0,2227.0,2200.0,2154.0,2120.0,2057.0,1993.0,1854.0,1753.0,1986.0,2075.0,2228.0,2264.0
1758.0,1977.0,2198.0,2250.0,2229.0,2186.0,2112.0,2049.0,1986.0,1855.0,1755.0,1984.0,2190.0,2228.0,2208.0,2174.0,2099.0,2048.0,1980.0,1852.0,1752.0,2000.0,2084.0,2226.0,2260.0,2213.0,2164.0,2090.0,2014.0,1868.0,1762.0,1976.0,2176.0,2220.0,2189.0,2140.0,2095.0,2040.0,1973.0,1851.0,1748.0,2098.0,2112.0,2185.0,2208.0,2169.0,2140.0,2076.0,2008.0,1871.0,1771.0,1976.0,2182.0,2227.0,2201.0,2149.0,2106.0,2050.0,1985.0,1855.0,1756.0,1970.0,2185.0,2230.0,2208.0,2152.0,2124.0,2056.0,1984.0,1856.0,1753.0,1991.0,2188.0,2227.0,2200.0,2154.0,2120.0,2057.0,1993.0,1854.0,1753.0,1986.0,2075.0,2228.0,2264.0,2219.0,2178.0,2107.0,2016.0,1880.0,1761.0,2098.0,2170.0,2176.0,2157.0,2116.0,2092.0,2048.0,1979.0,1856.0
2174.0,2099.0,2048.0,1980.0,1852.0,1752.0,2000.0,2084.0,2226.0,2260.0,2213.0,2164.0,2090.0,2014.0,1868.0,1762.0,1976.0,2176.0,2220.0,2189.0,2140.0,2095.0,2040.0,1973.0,1851.0,1748.0,2098.0,2112.0,2185.0,2208.0,2169.0,2140.0,2076.0,2008.0,1871.0,1771.0,1976.0,2182.0,2227.0,2201.0,2149.0,2106.0,2050.0,1985.0,1855.0,1756.0,1970.0,2185.0,2230.0,2208.0,2152.0,2124.0,2056.0,1984.0,1856.0,1753.0,1991.0,2188.0,2227.0,2200.0,2154.0,2120.0,2057.0,1993.0,1854.0,1753.0,1986.0,2075.0,2228.0,2264.0,2219.0,2178.0,2107.0,2016.0,1880.0,1761.0,2098.0,2170.0,2176.0,2157.0,2116.0,2092.0,2048.0,1979.0,1856.0,1760.0,1986.0,2196.0,2228.0,2208.0,2150.0,2110.0,2060.0,1986.0,1854.0,1760.0,1980.0,2183.0,2229.0,2213.0
1762.0,1976.0,2176.0,2220.0,2189.0,2140.0,2095.0,2040.0,1973.0,1851.0,1748.0,2098.0,2112.0,2185.0,2208.0,2169.0,2140.0,2076.0,2008.0,1871.0,1771.0,1976.0,2182.0,2227.0,2201.0,2149.0,2106.0,2050.0,1985.0,1855.0,1756.0,1970.0,2185.0,2230.0,2208.0,2152.0,2124.0,2056.0,1984.0,1856.0,1753.0,1991.0,2188.0,2227.0,2200.0,2154.0,2120.0,2057.0,1993.0,1854.0,1753.0,1986.0,2075.0,2228.0,2264.0,2219.0,2178.0,2107.0,2016.0,1880.0,1761.0,2098.0,2170.0,2176.0,2157.0,2116.0,2092.0,2048.0,1979.0,1856.0,1760.0,1986.0,2196.0,2228.0,2208.0,2150.0,2110.0,2060.0,1986.0,1854.0,1760.0,1980.0,2183.0,2229.0,2213.0,2161.0,2120.0,2083.0,2008.0,1874.0,1769.0,1996.0,2197.0,2244.0,2217.0,2171.0,2098.0,2078.0,1999.0,1866.0
2169.0,2140.0,2076.0,2008.0,1871.0,1771.0,1976.0,2182.0,2227.0,2201.0,2149.0,2106.0,2050.0,1985.0,1855.0,1756.0,1970.0,2185.0,2230.0,2208.0,2152.0,2124.0,2056.0,1984.0,1856.0,1753.0,1991.0,2188.0,2227.0,2200.0,2154.0,2120.0,2057.0,1993.0,1854.0,1753.0,1986.0,2075.0,2228.0,2264.0,2219.0,2178.0,2107.0,2016.0,1880.0,1761.0,2098.0,2170.0,2176.0,2157.0,2116.0,2092.0,2048.0,1979.0,1856.0,1760.0,1986.0,2196.0,2228.0,2208.0,2150.0,2110.0,2060.0,1986.0,1854.0,1760.0,1980.0,2183.0,2229.0,2213.0,2161.0,2120.0,2083.0,2008.0,1874.0,1769.0,1996.0,2197.0,2244.0,2217.0,2171.0,2098.0,2078.0,1999.0,1866.0,1752.0,1976.0,2188.0,2223.0,2202.0,2149.0,2092.0,2074.0,2000.0,1863.0,1755.0,2138.0,2068.0,2152.0,2212.0
1756.0,1970.0,2185.0,2230.0,2208.0,2152.0,2124.0,2056.0,1984.0,1856.0,1753.0,1991.0,2188.0,2227.0,2200.0,2154.0,2120.0,2057.0,1993.0,1854.0,1753.0,1986.0,2075.0,2228.0,2264.0,2219.0,2178.0,2107.0,2016.0,1880.0,1761.0,2098.0,2170.0,2176.0,2157.0,2116.0,2092.0,2048.0,1979.0,1856.0,1760.0,1986.0,2196.0,2228.0,2208.0,2150.0,2110.0,2060.0,1986.0,1854.0,1760.0,1980.0,2183.0,2229.0,2213.0,2161.0,2120.0,2083.0,2008.0,1874.0,1769.0,1996.0,2197.0,2244.0,2217.0,2171.0,2098.0,2078.0,1999.0,1866.0,1752.0,1976.0,2188.0,2223.0,2202.0,2149.0,2092.0,2074.0,2000.0,1863.0,1755.0,2138.0,2068.0,2152.0,2212.0,2208.0,2145.0,2131.0,2033.0,1880.0,1772.0,1987.0,2196.0,2230.0,2204.0,2148.0,2090.0,2076.0,1988.0,1848.0
2154.0,2120.0,2057.0,1993.0,1854.0,1753.0,1986.0,2075.0,2228.0,2264.0,2219.0,2178.0,2107.0,2016.0,1880.0,1761.0,2098.0,2170.0,2176.0,2157.0,2116.0,2092.0,2048.0,1979.0,1856.0,1760.0,1986.0,2196.0,2228.0,2208.0,2150.0,2110.0,2060.0,1986.0,1854.0,1760.0,1980.0,2183.0,2229.0,2213.0,2161.0,2120.0,2083.0,2008.0,1874.0,1769.0,1996.0,2197.0,2244.0,2217.0,2171.0,2098.0,2078.0,1999.0,1866.0,1752.0,1976.0,2188.0,2223.0,2202.0,2149.0,2092.0,2074.0,2000.0,1863.0,1755.0,2138.0,2068.0,2152.0,2212.0,2208.0,2145.0,2131.0,2033.0,1880.0,1772.0,1987.0,2196.0,2230.0,2204.0,2148.0,2090.0,2076.0,1988.0,1848.0,1748.0,1973.0,2181.0,2227.0,2201.0,2158.0,2093.0,2092.0,2008.0,1867.0,1776.0,1988.0,2203.0,2236.0,2219.0
1761.0,2098.0,2170.0,2176.0,2157.0,2116.0,2092.0,2048.0,1979.0,1856.0,1760.0,1986.0,2196.0,2228.0,2208.0,2150.0,2110.0,2060.0,1986.0,1854.0,1760.0,1980.0,2183.0,2229.0,2213.0,2161.0,2120.0,2083.0,2008.0,1874.0,1769.0,1996.0,2197.0,2244.0,2217.0,2171.0,2098.0,2078.0,1999.0,1866.0,1752.0,1976.0,2188.0,2223.0,2202.0,2149.0,2092.0,2074.0,2000.0,1863.0,1755.0,2138.0,2068.0,2152.0,2212.0,2208.0,2145.0,2131.0,2033.0,1880.0,1772.0,1987.0,2196.0,2230.0,2204.0,2148.0,2090.0,2076.0,1988.0,1848.0,1748.0,1973.0,2181.0,2227.0,2201.0,2158.0,2093.0,2092.0,2008.0,1867.0,1776.0,1988.0,2203.0,2236.0,2219.0,2167.0,2096.0,2097.0,2016.0,1865.0,1765.0,2000.0,2200.0,2246.0,2224.0,2172.0,2105.0,2104.0,2032.0,1882.0
2150.0,2110.0,2060.0,1986.0,1854.0,1760.0,1980.0,2183.0,2229.0,2213.0,2161.0,2120.0,2083.0,2008.0,1874.0,1769.0,1996.0,2197.0,2244.0,2217.0,2171.0,2098.0,2078.0,1999.0,1866.0,1752.0,1976.0,2188.0,2223.0,2202.0,2149.0,2092.0,2074.0,2000.0,1863.0,1755.0,2138.0,2068.0,2152.0,2212.0,2208.0,2145.0,2131.0,2033.0,1880.0,1772.0,1987.0,2196.0,2230.0,2204.0,2148.0,2090.0,2076.0,1988.0,1848.0,1748.0,1973.0,2181.0,2227.0,2201.0,2158.0,2093.0,2092.0,2008.0,1867.0,1776.0,1988.0,2203.0,2236.0,2219.0,2167.0,2096.0,2097.0,2016.0,1865.0,1765.0,2000.0,2200.0,2246.0,2224.0,2172.0,2105.0,2104.0,2032.0,1882.0,1777.0,2106.0,2132.0,2210.0,2228.0,2204.0,2136.0,2133.0,2039.0,1888.0,1784.0,2020.0,2108.0,2248.0,2272.0
1769.0,1996.0,2197.0,2244.0,2217.0,2171.0,2098.0,2078.0,1999.0,1866.0,1752.0,1976.0,2188.0,2223.0,2202.0,2149.0,2092.0,2074.0,2000.0,1863.0,1755.0,2138.0,2068.0,2152.0,2212.0,2208.0,2145.0,2131.0,2033.0,1880.0,1772.0,1987.0,2196.0,2230.0,2204.0,2148.0,2090.0,2076.0,1988.0,1848.0,1748.0,1973.0,2181.0,2227.0,2201.0,2158.0,2093.0,2092.0,2008.0,1867.0,1776.0,1988.0,2203.0,2236.0,2219.0,2167.0,2096.0,2097.0,2016.0,1865.0,1765.0,2000.0,2200.0,2246.0,2224.0,2172.0,2105.0,2104.0,2032.0,1882.0,1777.0,2106.0,2132.0,2210.0,2228.0,2204.0,2136.0,2133.0,2039.0,1888.0,1784.0,2020.0,2108.0,2248.0,2272.0,2224.0,2152.0,2128.0,2039.0,1865.0,1763.0,1971.0,2180.0,2219.0,2189.0,2144.0,2078.0,2062.0,1994.0,1840.0
2149.0,2092.0,2074.0,2000.0,1863.0,1755.0,2138.0,2068.0,2152.0,2212.0,2208.0,2145.0,2131.0,2033.0,1880.0,1772.0,1987.0,2196.0,2230.0,2204.0,2148.0,2090.0,2076.0,1988.0,1848.0,1748.0,1973.0,2181.0,2227.0,2201.0,2158.0,2093.0,2092.0,2008.0,1867.0,1776.0,1988.0,2203.0,2236.0,2219.0,2167.0,2096.0,2097.0,2016.0,1865.0,1765.0,2000.0,2200.0,2246.0,2224.0,2172.0,2105.0,2104.0,2032.0,1882.0,1777.0,2106.0,2132.0,2210.0,2228.0,2204.0,2136.0,2133.0,2039.0,1888.0,1784.0,2020.0,2108.0,2248.0,2272.0,2224.0,2152.0,2128.0,2039.0,1865.0,1763.0,1971.0,2180.0,2219.0,2189.0,2144.0,2078.0,2062.0,1994.0,1840.0,1737.0,1964.0,2175.0,2211.0,2188.0,2137.0,2072.0,2052.0,2003.0,1848.0,1759.0,1985.0,2172.0,2222.0,2191.0
1772.0,1987.0,2196.0,2230.0,2204.0,2148.0,2090.0,2076.0,1988.0,1848.0,1748.0,1973.0,2181.0,2227.0,2201.0,2158.0,2093.0,2092.0,2008.0,1867.0,1776.0,1988.0,2203.0,2236.0,2219.0,2167.0,2096.0,2097.0,2016.0,1865.0,1765.0,2000.0,2200.0,2246.0,2224.0,2172.0,2105.0,2104.0,2032.0,1882.0,1777.0,2106.0,2132.0,2210.0,2228.0,2204.0,2136.0,2133.0,2039.0,1888.0,1784.0,2020.0,2108.0,2248.0,2272.0,2224.0,2152.0,2128.0,2039.0,1865.0,1763.0,1971.0,2180.0,2219.0,2189.0,2144.0,2078.0,2062.0,1994.0,1840.0,1737.0,1964.0,2175.0,2211.0,2188.0,2137.0,2072.0,2052.0,2003.0,1848.0,1759.0,1985.0,2172.0,2222.0,2191.0,2144.0,2076.0,2048.0,2012.0,1847.0,1757.0,2073.0,2164.0,2184.0,2168.0,2132.0,2078.0,2054.0,2024.0,1877.0
2158.0,2093.0,2092.0,2008.0,1867.0,1776.0,1988.0,2203.0,2236.0,2219.0,2167.0,2096.0,2097.0,2016.0,1865.0,1765.0,2000.0,2200.0,2246.0,2224.0,2172.0,2105.0,2104.0,2032.0,1882.0,1777.0,2106.0,2132.0,2210.0,2228.0,2204.0,2136.0,2133.0,2039.0,1888.0,1784.0,2020.0,2108.0,2248.0,2272.0,2224.0,2152.0,2128.0,2039.0,1865.0,1763.0,1971.0,2180.0,2219.0,2189.0,2144.0,2078.0,2062.0,1994.0,1840.0,1737.0,1964.0,2175.0,2211.0,2188.0,2137.0,2072.0,2052.0,2003.0,1848.0,1759.0,1985.0,2172.0,2222.0,2191.0,2144.0,2076.0,2048.0,2012.0,1847.0,1757.0,2073.0,2164.0,2184.0,2168.0,2132.0,2078.0,2054.0,2024.0,1877.0,1773.0,2000.0,2208.0,2260.0,2232.0,2184.0,2105.0,2072.0,2048.0,1871.0,1772.0,2006.0,2102.0,2246.0,2336.0
1765.0,2000.0,2200.0,2246.0,2224.0,2172.0,2105.0,2104.0,2032.0,1882.0,1777.0,2106.0,2132.0,2210.0,2228.0,2204.0,2136.0,2133.0,2039.0,1888.0,1784.0,2020.0,2108.0,2248.0,2272.0,2224.0,2152.0,2128.0,2039.0,1865.0,1763.0,1971.0,2180.0,2219.0,2189.0,2144.0,2078.0,2062.0,1994.0,1840.0,1737.0,1964.0,2175.0,2211.0,2188.0,2137.0,2072.0,2052.0,2003.0,1848.0,1759.0,1985.0,2172.0,2222.0,2191.0,2144.0,2076.0,2048.0,2012.0,1847.0,1757.0,2073.0,2164.0,2184.0,2168.0,2132.0,2078.0,2054.0,2024.0,1877.0,1773.0,2000.0,2208.0,2260.0,2232.0,2184.0,2105.0,2072.0,2048.0,1871.0,1772.0,2006.0,2102.0,2246.0,2336.0,2208.0,2131.0,2099.0,2067.0,1888.0,1798.0,2024.0,2216.0,2257.0,2220.0,2164.0,2092.0,2052.0,2049.0,1862.0
2204.0,2136.0,2133.0,2039.0,1888.0,1784.0,2020.0,2108.0,2248.0,2272.0,2224.0,2152.0,2128.0,2039.0,1865.0,1763.0,1971.0,2180.0,2219.0,2189.0,2144.0,2078.0,2062.0,1994.0,1840.0,1737.0,1964.0,2175.0,2211.0,2188.0,2137.0,2072.0,2052.0,2003.0,1848.0,1759.0,1985.0,2172.0,2222.0,2191.0,2144.0,2076.0,2048.0,2012.0,1847.0,1757.0,2073.0,2164.0,2184.0,2168.0,2132.0,2078.0,2054.0,2024.0,1877.0,1773.0,2000.0,2208.0,2260.0,2232.0,2184.0,2105.0,2072.0,2048.0,1871.0,1772.0,2006.0,2102.0,2246.0,2336.0,2208.0,2131.0,2099.0,2067.0,1888.0,1798.0,2024.0,2216.0,2257.0,2220.0,2164.0,2092.0,2052.0,2049.0,1862.0,1758.0,1973.0,2171.0,2209.0,2176.0,2137.0,2067.0,2041.0,2026.0,1850.0,1766.0,2097.0,2162.0,2180.0,2173.0
1763.0,1971.0,2180.0,2219.0,2189.0,2144.0,2078.0,2062.0,1994.0,1840.0,1737.0,1964.0,2175.0,2211.0,2188.0,2137.0,2072.0,2052.0,2003.0,1848.0,1759.0,1985.0,2172.0,2222.0,2191.0,2144.0,2076.0,2048.0,2012.0,1847.0,1757.0,2073.0,2164.0,2184.0,2168.0,2132.0,2078.0,2054.0,2024.0,1877.0,1773.0,2000.0,2208.0,2260.0,2232.0,2184.0,2105.0,2072.0,2048.0,1871.0,1772.0,2006.0,2102.0,2246.0,2336.0,2208.0,2131.0,2099.0,2067.0,1888.0,1798.0,2024.0,2216.0,2257.0,2220.0,2164.0,2092.0,2052.0,2049.0,1862.0,1758.0,1973.0,2171.0,2209.0,2176.0,2137.0,2067.0,2041.0,2026.0,1850.0,1766.0,2097.0,2162.0,2180.0,2173.0,2132.0,2084.0,2054.0,2057.0,1876.0,1784.0,1996.0,2208.0,2257.0,2229.0,2176.0,2104.0,2073.0,2051.0,1888.0
2137.0,2072.0,2052.0,2003.0,1848.0,1759.0,1985.0,2172.0,2222.0,2191.0,2144.0,2076.0,2048.0,2012.0,1847.0,1757.0,2073.0,2164.0,2184.0,2168.0,2132.0,2078.0,2054.0,2024.0,1877.0,1773.0,2000.0,2208.0,2260.0,2232.0,2184.0,2105.0,2072.0,2048.0,1871.0,1772.0,2006.0,2102.0,2246.0,2336.0,2208.0,2131.0,2099.0,2067.0,1888.0,1798.0,2024.0,2216.0,2257.0,2220.0,2164.0,2092.0,2052.0,2049.0,1862.0,1758.0,1973.0,2171.0,2209.0,2176.0,2137.0,2067.0,2041.0,2026.0,1850.0,1766.0,2097.0,2162.0,2180.0,2173.0,2132.0,2084.0,2054.0,2057.0,1876.0,1784.0,1996.0,2208.0,2257.0,2229.0,2176.0,2104.0,2073.0,2051.0,1888.0,1786.0,2012.0,2212.0,2256.0,2240.0,2191.0,2128.0,2096.0,2061.0,1923.0,1808.0,2041.0,2125.0,2272.0,2294.0
1757.0,2073.0,2164.0,2184.0,2168.0,2132.0,2078.0,2054.0,2024.0,1877.0,1773.0,2000.0,2208.0,2260.0,2232.0,2184.0,2105.0,2072.0,2048.0,1871.0,1772.0,2006.0,2102.0,2246.0,2336.0,2208.0,2131.0,2099.0,2067.0,1888.0,1798.0,2024.0,2216.0,2257.0,2220.0,2164.0,2092.0,2052.0,2049.0,1862.0,1758.0,1973.0,2171.0,2209.0,2176.0,2137.0,2067.0,2041.0,2026.0,1850.0,1766.0,2097.0,2162.0,2180.0,2173.0,2132.0,2084.0,2054.0,2057.0,1876.0,1784.0,1996.0,2208.0,2257.0,2229.0,2176.0,2104.0,2073.0,2051.0,1888.0,1786.0,2012.0,2212.0,2256.0,2240.0,2191.0,2128.0,2096.0,2061.0,1923.0,1808.0,2041.0,2125.0,2272.0,2294.0,2262.0,2178.0,2132.0,2068.0,1909.0,1793.0,2014.0,2202.0,2242.0,2216.0,2164.0,2103.0,2065.0,2014.0,1888.0
2184.0,2105.0,2072.0,2048.0,1871.0,1772.0,2006.0,2102.0,2246.0,2336.0,2208.0,2131.0,2099.0,2067.0,1888.0,1798.0,2024.0,2216.0,2257.0,2220.0,2164.0,2092.0,2052.0,2049.0,1862.0,1758.0,1973.0,2171.0,2209.0,2176.0,2137.0,2067.0,2041.0,2026.0,1850.0,1766.0,2097.0,2162.0,2180.0,2173.0,2132.0,2084.0,2054.0,2057.0,1876.0,1784.0,1996.0,2208.0,2257.0,2229.0,2176.0,2104.0,2073.0,2051.0,1888.0,1786.0,2012.0,2212.0,2256.0,2240.0,2191.0,2128.0,2096.0,2061.0,1923.0,1808.0,2041.0,2125.0,2272.0,2294.0,2262.0,2178.0,2132.0,2068.0,1909.0,1793.0,2014.0,2202.0,2242.0,2216.0,2164.0,2103.0,2065.0,2014.0,1888.0,1771.0,2094.0,2104.0,2191.0,2213.0,2188.0,2121.0,2082.0,2027.0,1904.0,1796.0,2012.0,2195.0,2225.0,2205.0
1798.0,2024.0,2216.0,2257.0,2220.0,2164.0,2092.0,2052.0,2049.0,1862.0,1758.0,1973.0,2171.0,2209.0,2176.0,2137.0,2067.0,2041.0,2026.0,1850.0,1766.0,2097.0,2162.0,2180.0,2173.0,2132.0,2084.0,2054.0,2057.0,1876.0,1784.0,1996.0,2208.0,2257.0,2229.0,2176.0,2104.0,2073.0,2051.0,1888.0,1786.0,2012.0,2212.0,2256.0,2240.0,2191.0,2128.0,2096.0,2061.0,1923.0,1808.0,2041.0,2125.0,2272.0,2294.0,2262.0,2178.0,2132.0,2068.0,1909.0,1793.0,2014.0,2202.0,2242.0,2216.0,2164.0,2103.0,2065.0,2014.0,1888.0,1771.0,2094.0,2104.0,2191.0,2213.0,2188.0,2121.0,2082.0,2027.0,1904.0,1796.0,2012.0,2195.0,2225.0,2205.0,2148.0,2083.0,2053.0,2004.0,1900.0,1782.0,2009.0,2197.0,2240.0,2216.0,2166.0,2102.0,2068.0,2022.0,1892.0
2137.0,2067.0,2041.0,2026.0,1850.0,1766.0,2097.0,2162.0,2180.0,2173.0,2132.0,2084.0,2054.0,2057.0,1876.0,1784.0,1996.0,2208.0,2257.0,2229.0,2176.0,2104.0,2073.0,2051.0,1888.0,1786.0,2012.0,2212.0,2256.0,2240.0,2191.0,2128.0,2096.0,2061.0,1923.0,1808.0,2041.0,2125.0,2272.0,2294.0,2262.0,2178.0,2132.0,2068.0,1909.0,1793.0,2014.0,2202.0,2242.0,2216.0,2164.0,2103.0,2065.0,2014.0,1888.0,1771.0,2094.0,2104.0,2191.0,2213.0,2188.0,2121.0,2082.0,2027.0,1904.0,1796.0,2012.0,2195.0,2225.0,2205.0,2148.0,2083.0,2053.0,2004.0,1900.0,1782.0,2009.0,2197.0,2240.0,2216.0,2166.0,2102.0,2068.0,2022.0,1892.0,1779.0,2002.0,2196.0,2236.0,2215.0,2165.0,2099.0,2068.0,2021.0,1906.0,1786.0,2038.0,2088.0,2245.0,2284.0
1784.0,1996.0,2208.0,2257.0,2229.0,2176.0,2104.0,2073.0,2051.0,1888.0,1786.0,2012.0,2212.0,2256.0,2240.0,2191.0,2128.0,2096.0,2061.0,1923.0,1808.0,2041.0,2125.0,2272.0,2294.0,2262.0,2178.0,2132.0,2068.0,1909.0,1793.0,2014.0,2202.0,2242.0,2216.0,2164.0,2103.0,2065.0,2014.0,1888.0,1771.0,2094.0,2104.0,2191.0,2213.0,2188.0,2121.0,2082.0,2027.0,1904.0,1796.0,2012.0,2195.0,2225.0,2205.0,2148.0,2083.0,2053.0,2004.0,1900.0,1782.0,2009.0,2197.0,2240.0,2216.0,2166.0,2102.0,2068.0,2022.0,1892.0,1779.0,2002.0,2196.0,2236.0,2215.0,2165.0,2099.0,2068.0,2021.0,1906.0,1786.0,2038.0,2088.0,2245.0,2284.0,2236.0,2161.0,2110.0,2040.0,1928.0,1774.0,2092.0,2151.0,2157.0,2143.0,2105.0,2048.0,2027.0,1981.0,1857.0
2191.0,2128.0,2096.0,2061.0,1923.0,1808.0,2041.0,2125.0,2272.0,2294.0,2262.0,2178.0,2132.0,2068.0,1909.0,1793.0,2014.0,2202.0,2242.0,2216.0,2164.0,2103.0,2065.0,2014.0,1888.0,1771.0,2094.0,2104.0,2191.0,2213.0,2188.0,2121.0,2082.0,2027.0,1904.0,1796.0,2012.0,2195.0,2225.0,2205.0,2148.0,2083.0,2053.0,2004.0,1900.0,1782.0,2009.0,2197.0,2240.0,2216.0,2166.0,2102.0,2068.0,2022.0,1892.0,1779.0,2002.0,2196.0,2236.0,2215.0,2165.0,2099.0,2068.0,2021.0,1906.0,1786.0,2038.0,2088.0,2245.0,2284.0,2236.0,2161.0,2110.0,2040.0,1928.0,1774.0,2092.0,2151.0,2157.0,2143.0,2105.0,2048.0,2027.0,1981.0,1857.0,1768.0,1997.0,2181.0,2214.0,2186.0,2138.0,2075.0,2040.0,1996.0,1867.0,1782.0,2006.0,2180.0,2221.0,2188.0
1793.0,2014.0,2202.0,2242.0,2216.0,2164.0,2103.0,2065.0,2014.0,1888.0,1771.0,2094.0,2104.0,2191.0,2213.0,2188.0,2121.0,2082.0,2027.0,1904.0,1796.0,2012.0,2195.0,2225.0,2205.0,2148.0,2083.0,2053.0,2004.0,1900.0,1782.0,2009.0,2197.0,2240.0,2216.0,2166.0,2102.0,2068.0,2022.0,1892.0,1779.0,2002.0,2196.0,2236.0,2215.0,2165.0,2099.0,2068.0,2021.0,1906.0,1786.0,2038.0,2088.0,2245.0,2284.0,2236.0,2161.0,2110.0,2040.0,1928.0,1774.0,2092.0,2151.0,2157.0,2143.0,2105.0,2048.0,2027.0,1981.0,1857.0,1768.0,1997.0,2181.0,2214.0,2186.0,2138.0,2075.0,2040.0,1996.0,1867.0,1782.0,2006.0,2180.0,2221.0,2188.0,2152.0,2080.0,2051.0,1995.0,1802.0,1775.0,1996.0,2177.0,2212.0,2192.0,2144.0,2081.0,2045.0,1996.0,1843.0
2188.0,2121.0,2082.0,2027.0,1904.0,1796.0,2012.0,2195.0,2225.0,2205.0,2148.0,2083.0,2053.0,2004.0,1900.0,1782.0,2009.0,2197.0,2240.0,2216.0,2166.0,2102.0,2068.0,2022.0,1892.0,1779.0,2002.0,2196.0,2236.0,2215.0,2165.0,2099.0,2068.0,2021.0,1906.0,1786.0,2038.0,2088.0,2245.0,2284.0,2236.0,2161.0,2110.0,2040.0,1928.0,1774.0,2092.0,2151.0,2157.0,2143.0,2105.0,2048.0,2027.0,1981.0,1857.0,1768.0,1997.0,2181.0,2214.0,2186.0,2138.0,2075.0,2040.0,1996.0,1867.0,1782.0,2006.0,2180.0,2221.0,2188.0,2152.0,2080.0,2051.0,1995.0,1802.0,1775.0,1996.0,2177.0,2212.0,2192.0,2144.0,2081.0,2045.0,1996.0,1843.0,1779.0,2000.0,2181.0,2220.0,2188.0,2147.0,2076.0,2048.0,1998.0,1845.0,1785.0,2131.0,2031.0,2134.0,2189.0
1782.0,2009.0,2197.0,2240.0,2216.0,2166.0,2102.0,2068.0,2022.0,1892.0,1779.0,2002.0,2196.0,2236.0,2215.0,2165.0,2099.0,2068.0,2021.0,1906.0,1786.0,2038.0,2088.0,2245.0,2284.0,2236.0,2161.0,2110.0,2040.0,1928.0,1774.0,2092.0,2151.0,2157.0,2143.0,2105.0,2048.0,2027.0,1981.0,1857.0,1768.0,1997.0,2181.0,2214.0,2186.0,2138.0,2075.0,2040.0,1996.0,1867.0,1782.0,2006.0,2180.0,2221.0,2188.0,2152.0,2080.0,2051.0,1995.0,1802.0,1775.0,1996.0,2177.0,2212.0,2192.0,2144.0,2081.0,2045.0,1996.0,1843.0,1779.0,2000.0,2181.0,2220.0,2188.0,2147.0,2076.0,2048.0,1998.0,1845.0,1785.0,2131.0,2031.0,2134.0,2189.0,2176.0,2112.0,2074.0,2012.0,1848.0,1781.0,1992.0,2168.0,2202.0,2170.0,2124.0,2061.0,2026.0,1984.0,1831.0
2165.0,2099.0,2068.0,2021.0,1906.0,1786.0,2038.0,2088.0,2245.0,2284.0,2236.0,2161.0,2110.0,2040.0,1928.0,1774.0,2092.0,2151.0,2157.0,2143.0,2105.0,2048.0,2027.0,1981.0,1857.0,1768.0,1997.0,2181.0,2214.0,2186.0,2138.0,2075.0,2040.0,1996.0,1867.0,1782.0,2006.0,2180.0,2221.0,2188.0,2152.0,2080.0,2051.0,1995.0,1802.0,1775.0,1996.0,2177.0,2212.0,2192.0,2144.0,2081.0,2045.0,1996.0,1843.0,1779.0,2000.0,2181.0,2220.0,2188.0,2147.0,2076.0,2048.0,1998.0,1845.0,1785.0,2131.0,2031.0,2134.0,2189.0,2176.0,2112.0,2074.0,2012.0,1848.0,1781.0,1992.0,2168.0,2202.0,2170.0,2124.0,2061.0,2026.0,1984.0,1831.0,1787.0,1996.0,2176.0,2209.0,2171.0,2132.0,2056.0,2020.0,1976.0,1828.0,1798.0,1993.0,2165.0,2195.0,2171.0
1774.0,2092.0,2151.0,2157.0,2143.0,2105.0,2048.0,2027.0,1981.0,1857.0,1768.0,1997.0,2181.0,2214.0,2186.0,2138.0,2075.0,2040.0,1996.0,1867.0,1782.0,2006.0,2180.0,2221.0,2188.0,2152.0,2080.0,2051.0,1995.0,1802.0,1775.0,1996.0,2177.0,2212.0,2192.0,2144.0,2081.0,2045.0,1996.0,1843.0,1779.0,2000.0,2181.0,2220.0,2188.0,2147.0,2076.0,2048.0,1998.0,1845.0,1785.0,2131.0,2031.0,2134.0,2189.0,2176.0,2112.0,2074.0,2012.0,1848.0,1781.0,1992.0,2168.0,2202.0,2170.0,2124.0,2061.0,2026.0,1984.0,1831.0,1787.0,1996.0,2176.0,2209.0,2171.0,2132.0,2056.0,2020.0,1976.0,1828.0,1798.0,1993.0,2165.0,2195.0,2171.0,2128.0,2064.0,2028.0,1984.0,1817.0,1786.0,2009.0,2171.0,2202.0,2167.0,2133.0,2060.0,2025.0,1975.0,1813.0
2138.0,2075.0,2040.0,1996.0,1867.0,1782.0,2006.0,2180.0,2221.0,2188.0,2152.0,2080.0,2051.0,1995.0,1802.0,1775.0,1996.0,2177.0,2212.0,2192.0,2144.0,2081.0,2045.0,1996.0,1843.0,1779.0,2000.0,2181.0,2220.0,2188.0,2147.0,2076.0,2048.0,1998.0,1845.0,1785.0,2131.0,2031.0,2134.0,2189.0,2176.0,2112.0,2074.0,2012.0,1848.0,1781.0,1992.0,2168.0,2202.0,2170.0,2124.0,2061.0,2026.0,1984.0,1831.0,1787.0,1996.0,2176.0,2209.0,2171.0,2132.0,2056.0,2020.0,1976.0,1828.0,1798.0,1993.0,2165.0,2195.0,2171.0,2128.0,2064.0,2028.0,1984.0,1817.0,1786.0,2009.0,2171.0,2202.0,2167.0,2133.0,2060.0,2025.0,1975.0,1813.0,1773.0,2085.0,2080.0,2158.0,2180.0,2162.0,2105.0,2067.0,2016.0,1844.0,1804.0,2024.0,2096.0,2232.0,2240.0
1775.0,1996.0,2177.0,2212.0,2192.0,2144.0,2081.0,2045.0,1996.0,1843.0,1779.0,2000.0,2181.0,2220.0,2188.0,2147.0,2076.0,2048.0,1998.0,1845.0,1785.0,2131.0,2031.0,2134.0,2189.0,2176.0,2112.0,2074.0,2012.0,1848.0,1781.0,1992.0,2168.0,2202.0,2170.0,2124.0,2061.0,2026.0,1984.0,1831.0,1787.0,1996.0,2176.0,2209.0,2171.0,2132.0,2056.0,2020.0,1976.0,1828.0,1798.0,1993.0,2165.0,2195.0,2171.0,2128.0,2064.0,2028.0,1984.0,1817.0,1786.0,2009.0,2171.0,2202.0,2167.0,2133.0,2060.0,2025.0,1975.0,1813.0,1773.0,2085.0,2080.0,2158.0,2180.0,2162.0,2105.0,2067.0,2016.0,1844.0,1804.0,2024.0,2096.0,2232.0,2240.0,2206.0,2125.0,2072.0,2004.0,1819.0,1761.0,2004.0,2164.0,2187.0,2154.0,2104.0,2048.0,2010.0,1965.0,1802.0
2147.0,2076.0,2048.0,1998.0,1845.0,1785.0,2131.0,2031.0,2134.0,2189.0,2176.0,2112.0,2074.0,2012.0,1848.0,1781.0,1992.0,2168.0,2202.0,2170.0,2124.0,2061.0,2026.0,1984.0,1831.0,1787.0,1996.0,2176.0,2209.0,2171.0,2132.0,2056.0,2020.0,1976.0,1828.0,1798.0,1993.0,2165.0,2195.0,2171.0,2128.0,2064.0,2028.0,1984.0,1817.0,1786.0,2009.0,2171.0,2202.0,2167.0,2133.0,2060.0,2025.0,1975.0,1813.0,1773.0,2085.0,2080.0,2158.0,2180.0,2162.0,2105.0,2067.0,2016.0,1844.0,1804.0,2024.0,2096.0,2232.0,2240.0,2206.0,2125.0,2072.0,2004.0,1819.0,1761.0,2004.0,2164.0,2187.0,2154.0,2104.0,2048.0,2010.0,1965.0,1802.0,1733.0,1984.0,2156.0,2194.0,2154.0,2116.0,2048.0,2015.0,1968.0,1796.0,1756.0,2018.0,2176.0,2202.0,2172.0
1781.0,1992.0,2168.0,2202.0,2170.0,2124.0,2061.0,2026.0,1984.0,1831.0,1787.0,1996.0,2176.0,2209.0,2171.0,2132.0,2056.0,2020.0,1976.0,1828.0,1798.0,1993.0,2165.0,2195.0,2171.0,2128.0,2064.0,2028.0,1984.0,1817.0,1786.0,2009.0,2171.0,2202.0,2167.0,2133.0,2060.0,2025.0,1975.0,1813.0,1773.0,2085.0,2080.0,2158.0,2180.0,2162.0,2105.0,2067.0,2016.0,1844.0,1804.0,2024.0,2096.0,2232.0,2240.0,2206.0,2125.0,2072.0,2004.0,1819.0,1761.0,2004.0,2164.0,2187.0,2154.0,2104.0,2048.0,2010.0,1965.0,1802.0,1733.0,1984.0,2156.0,2194.0,2154.0,2116.0,2048.0,2015.0,1968.0,1796.0,1756.0,2018.0,2176.0,2202.0,2172.0,2129.0,2074.0,2042.0,1994.0,1834.0,1770.0,2170.0,2202.0,2196.0,2168.0,2133.0,2088.0,2058.0,2025.0,1856.0
2132.0,2056.0,2020.0,1976.0,1828.0,1798.0,1993.0,2165.0,2195.0,2171.0,2128.0,2064.0,2028.0,1984.0,1817.0,1786.0,2009.0,2171.0,2202.0,2167.0,2133.0,2060.0,2025.0,1975.0,1813.0,1773.0,2085.0,2080.0,2158.0,2180.0,2162.0,2105.0,2067.0,2016.0,1844.0,1804.0,2024.0,2096.0,2232.0,2240.0,2206.0,2125.0,2072.0,2004.0,1819.0,1761.0,2004.0,2164.0,2187.0,2154.0,2104.0,2048.0,2010.0,1965.0,1802.0,1733.0,1984.0,2156.0,2194.0,2154.0,2116.0,2048.0,2015.0,1968.0,1796.0,1756.0,2018.0,2176.0,2202.0,2172.0,2129.0,2074.0,2042.0,1994.0,1834.0,1770.0,2170.0,2202.0,2196.0,2168.0,2133.0,2088.0,2058.0,2025.0,1856.0,1791.0,2070.0,2240.0,2249.0,2204.0,2157.0,2089.0,2058.0,2010.0,1847.0,1776.0,2083.0,2118.0,2249.0,2268.0
1786.0,2009.0,2171.0,2202.0,2167.0,2133.0,2060.0,2025.0,1975.0,1813.0,1773.0,2085.0,2080.0,2158.0,2180.0,2162.0,2105.0,2067.0,2016.0,1844.0,1804.0,2024.0,2096.0,2232.0,2240.0,2206.0,2125.0,2072.0,2004.0,1819.0,1761.0,2004.0,2164.0,2187.0,2154.0,2104.0,2048.0,2010.0,1965.0,1802.0,1733.0,1984.0,2156.0,2194.0,2154.0,2116.0,2048.0,2015.0,1968.0,1796.0,1756.0,2018.0,2176.0,2202.0,2172.0,2129.0,2074.0,2042.0,1994.0,1834.0,1770.0,2170.0,2202.0,2196.0,2168.0,2133.0,2088.0,2058.0,2025.0,1856.0,1791.0,2070.0,2240.0,2249.0,2204.0,2157.0,2089.0,2058.0,2010.0,1847.0,1776.0,2083.0,2118.0,2249.0,2268.0,2232.0,2168.0,2116.0,2057.0,1872.0,1787.0,2048.0,2227.0,2240.0,2188.0,2145.0,2079.0,2048.0,2000.0,1832.0
2162.0,2105.0,2067.0,2016.0,1844.0,1804.0,2024.0,2096.0,2232.0,2240.0,2206.0,2125.0,2072.0,2004.0,1819.0,1761.0,2004.0,2164.0,2187.0,2154.0,2104.0,2048.0,2010.0,1965.0,1802.0,1733.0,1984.0,2156.0,2194.0,2154.0,2116.0,2048.0,2015.0,1968.0,1796.0,1756.0,2018.0,2176.0,2202.0,2172.0,2129.0,2074.0,2042.0,1994.0,1834.0,1770.0,2170.0,2202.0,2196.0,2168.0,2133.0,2088.0,2058.0,2025.0,1856.0,1791.0,2070.0,2240.0,2249.0,2204.0,2157.0,2089.0,2058.0,2010.0,1847.0,1776.0,2083.0,2118.0,2249.0,2268.0,2232.0,2168.0,2116.0,2057.0,1872.0,1787.0,2048.0,2227.0,2240.0,2188.0,2145.0,2079.0,2048.0,2000.0,1832.0,1762.0,2068.0,2220.0,2232.0,2195.0,2143.0,2080.0,2048.0,2005.0,1838.0,1783.0,2119.0,2200.0,2192.0,2148.0
1761.0,2004.0,2164.0,2187.0,2154.0,2104.0,2048.0,2010.0,1965.0,1802.0,1733.0,1984.0,2156.0,2194.0,2154.0,2116.0,2048.0,2015.0,1968.0,1796.0,1756.0,2018.0,2176.0,2202.0,2172.0,2129.0,2074.0,2042.0,1994.0,1834.0,1770.0,2170.0,2202.0,2196.0,2168.0,2133.0,2088.0,2058.0,2025.0,1856.0,1791.0,2070.0,2240.0,2249.0,2204.0,2157.0,2089.0,2058.0,2010.0,1847.0,1776.0,2083.0,2118.0,2249.0,2268.0,2232.0,2168.0,2116.0,2057.0,1872.0,1787.0,2048.0,2227.0,2240.0,2188.0,2145.0,2079.0,2048.0,2000.0,1832.0,1762.0,2068.0,2220.0,2232.0,2195.0,2143.0,2080.0,2048.0,2005.0,1838.0,1783.0,2119.0,2200.0,2192.0,2148.0,2119.0,2060.0,2042.0,1999.0,1842.0,1776.0,2031.0,2244.0,2249.0,2204.0,2148.0,2087.0,2052.0,2006.0,1830.0
2116.0,2048.0,2015.0,1968.0,1796.0,1756.0,2018.0,2176.0,2202.0,2172.0,2129.0,2074.0,2042.0,1994.0,1834.0,1770.0,2170.0,2202.0,2196.0,2168.0,2133.0,2088.0,2058.0,2025.0,1856.0,1791.0,2070.0,2240.0,2249.0,2204.0,2157.0,2089.0,2058.0,2010.0,1847.0,1776.0,2083.0,2118.0,2249.0,2268.0,2232.0,2168.0,2116.0,2057.0,1872.0,1787.0,2048.0,2227.0,2240.0,2188.0,2145.0,2079.0,2048.0,2000.0,1832.0,1762.0,2068.0,2220.0,2232.0,2195.0,2143.0,2080.0,2048.0,2005.0,1838.0,1783.0,2119.0,2200.0,2192.0,2148.0,2119.0,2060.0,2042.0,1999.0,1842.0,1776.0,2031.0,2244.0,2249.0,2204.0,2148.0,2087.0,2052.0,2006.0,1830.0,1758.0,2021.0,2224.0,2241.0,2192.0,2143.0,2076.0,2048.0,2001.0,1824.0,1761.0,2011.0,2141.0,2252.0,2254.0
1770.0,2170.0,2202.0,2196.0,2168.0,2133.0,2088.0,2058.0,2025.0,1856.0,1791.0,2070.0,2240.0,2249.0,2204.0,2157.0,2089.0,2058.0,2010.0,1847.0,1776.0,2083.0,2118.0,2249.0,2268.0,2232.0,2168.0,2116.0,2057.0,1872.0,1787.0,2048.0,2227.0,2240.0,2188.0,2145.0,2079.0,2048.0,2000.0,1832.0,1762.0,2068.0,2220.0,2232.0,2195.0,2143.0,2080.0,2048.0,2005.0,1838.0,1783.0,2119.0,2200.0,2192.0,2148.0,2119.0,2060.0,2042.0,1999.0,1842.0,1776.0,2031.0,2244.0,2249.0,2204.0,2148.0,2087.0,2052.0,2006.0,1830.0,1758.0,2021.0,2224.0,2241.0,2192.0,2143.0,2076.0,2048.0,2001.0,1824.0,1761.0,2011.0,2141.0,2252.0,2254.0,2210.0,2132.0,2092.0,2027.0,1844.0,1763.0,2022.0,2226.0,2240.0,2187.0,2130.0,2073.0,2037.0,1998.0,1799.0
2157.0,2089.0,2058.0,2010.0,1847.0,1776.0,2083.0,2118.0,2249.0,2268.0,2232.0,2168.0,2116.0,2057.0,1872.0,1787.0,2048.0,2227.0,2240.0,2188.0,2145.0,2079.0,2048.0,2000.0,1832.0,1762.0,2068.0,2220.0,2232.0,2195.0,2143.0,2080.0,2048.0,2005.0,1838.0,1783.0,2119.0,2200.0,2192.0,2148.0,2119.0,2060.0,2042.0,1999.0,1842.0,1776.0,2031.0,2244.0,2249.0,2204.0,2148.0,2087.0,2052.0,2006.0,1830.0,1758.0,2021.0,2224.0,2241.0,2192.0,2143.0,2076.0,2048.0,2001.0,1824.0,1761.0,2011.0,2141.0,2252.0,2254.0,2210.0,2132.0,2092.0,2027.0,1844.0,1763.0,2022.0,2226.0,2240.0,2187.0,2130.0,2073.0,2037.0,1998.0,1799.0,1761.0,2096.0,2128.0,2193.0,2192.0,2171.0,2111.0,2084.0,2031.0,1853.0,1795.0,2031.0,2244.0,2244.0,2188.0
1787.0,2048.0,2227.0,2240.0,2188.0,2145.0,2079.0,2048.0,2000.0,1832.0,1762.0,2068.0,2220.0,2232.0,2195.0,2143.0,2080.0,2048.0,2005.0,1838.0,1783.0,2119.0,2200.0,2192.0,2148.0,2119.0,2060.0,2042.0,1999.0,1842.0,1776.0,2031.0,2244.0,2249.0,2204.0,2148.0,2087.0,2052.0,2006.0,1830.0,1758.0,2021.0,2224.0,2241.0,2192.0,2143.0,2076.0,2048.0,2001.0,1824.0,1761.0,2011.0,2141.0,2252.0,2254.0,2210.0,2132.0,2092.0,2027.0,1844.0,1763.0,2022.0,2226.0,2240.0,2187.0,2130.0,2073.0,2037.0,1998.0,1799.0,1761.0,2096.0,2128.0,2193.0,2192.0,2171.0,2111.0,2084.0,2031.0,1853.0,1795.0,2031.0,2244.0,2244.0,2188.0,2130.0,2060.0,2026.0,1988.0,1815.0,1756.0,2019.0,2236.0,2251.0,2188.0,2140.0,2067.0,2037.0,2000.0,1807.0
2143.0,2080.0,2048.0,2005.0,1838.0,1783.0,2119.0,2200.0,2192.0,2148.0,2119.0,2060.0,2042.0,1999.0,1842.0,1776.0,2031.0,2244.0,2249.0,2204.0,2148.0,2087.0,2052.0,2006.0,1830.0,1758.0,2021.0,2224.0,2241.0,2192.0,2143.0,2076.0,2048.0,2001.0,1824.0,1761.0,2011.0,2141.0,2252.0,2254.0,2210.0,2132.0,2092.0,2027.0,1844.0,1763.0,2022.0,2226.0,2240.0,2187.0,2130.0,2073.0,2037.0,1998.0,1799.0,1761.0,2096.0,2128.0,2193.0,2192.0,2171.0,2111.0,2084.0,2031.0,1853.0,1795.0,2031.0,2244.0,2244.0,2188.0,2130.0,2060.0,2026.0,1988.0,1815.0,1756.0,2019.0,2236.0,2251.0,2188.0,2140.0,2067.0,2037.0,2000.0,1807.0,1758.0,2019.0,2226.0,2241.0,2188.0,2134.0,2072.0,2034.0,2002.0,1821.0,1747.0,2002.0,2116.0,2246.0,2235.0
1776.0,2031.0,2244.0,2249.0,2204.0,2148.0,2087.0,2052.0,2006.0,1830.0,1758.0,2021.0,2224.0,2241.0,2192.0,2143.0,2076.0,2048.0,2001.0,1824.0,1761.0,2011.0,2141.0,2252.0,2254.0,2210.0,2132.0,2092.0,2027.0,1844.0,1763.0,2022.0,2226.0,2240.0,2187.0,2130.0,2073.0,2037.0,1998.0,1799.0,1761.0,2096.0,2128.0,2193.0,2192.0,2171.0,2111.0,2084.0,2031.0,1853.0,1795.0,2031.0,2244.0,2244.0,2188.0,2130.0,2060.0,2026.0,1988.0,1815.0,1756.0,2019.0,2236.0,2251.0,2188.0,2140.0,2067.0,2037.0,2000.0,1807.0,1758.0,2019.0,2226.0,2241.0,2188.0,2134.0,2072.0,2034.0,2002.0,1821.0,1747.0,2002.0,2116.0,2246.0,2235.0,2195.0,2112.0,2068.0,2010.0,1817.0,1746.0,2076.0,2148.0,2179.0,2129.0,2084.0,2035.0,1996.0,1967.0,1770.0
2143.0,2076.0,2048.0,2001.0,1824.0,1761.0,2011.0,2141.0,2252.0,2254.0,2210.0,2132.0,2092.0,2027.0,1844.0,1763.0,2022.0,2226.0,2240.0,2187.0,2130.0,2073.0,2037.0,1998.0,1799.0,1761.0,2096.0,2128.0,2193.0,2192.0,2171.0,2111.0,2084.0,2031.0,1853.0,1795.0,2031.0,2244.0,2244.0,2188.0,2130.0,2060.0,2026.0,1988.0,1815.0,1756.0,2019.0,2236.0,2251.0,2188.0,2140.0,2067.0,2037.0,2000.0,1807.0,1758.0,2019.0,2226.0,2241.0,2188.0,2134.0,2072.0,2034.0,2002.0,1821.0,1747.0,2002.0,2116.0,2246.0,2235.0,2195.0,2112.0,2068.0,2010.0,1817.0,1746.0,2076.0,2148.0,2179.0,2129.0,2084.0,2035.0,1996.0,1967.0,1770.0,1727.0,1992.0,2170.0,2234.0,2174.0,2115.0,2041.0,2004.0,1980.0,1796.0,1749.0,1998.0,2185.0,2240.0,2187.0
1763.0,2022.0,2226.0,2240.0,2187.0,2130.0,2073.0,2037.0,1998.0,1799.0,1761.0,2096.0,2128.0,2193.0,2192.0,2171.0,2111.0,2084.0,2031.0,1853.0,1795.0,2031.0,2244.0,2244.0,2188.0,2130.0,2060.0,2026.0,1988.0,1815.0,1756.0,2019.0,2236.0,2251.0,2188.0,2140.0,2067.0,2037.0,2000.0,1807.0,1758.0,2019.0,2226.0,2241.0,2188.0,2134.0,2072.0,2034.0,2002.0,1821.0,1747.0,2002.0,2116.0,2246.0,2235.0,2195.0,2112.0,2068.0,2010.0,1817.0,1746.0,2076.0,2148.0,2179.0,2129.0,2084.0,2035.0,1996.0,1967.0,1770.0,1727.0,1992.0,2170.0,2234.0,2174.0,2115.0,2041.0,2004.0,1980.0,1796.0,1749.0,1998.0,2185.0,2240.0,2187.0,2124.0,2055.0,2024.0,1994.0,1800.0,1748.0,2016.0,2196.0,2260.0,2186.0,2130.0,2062.0,2019.0,1994.0,1792.0
2171.0,2111.0,2084.0,2031.0,1853.0,1795.0,2031.0,2244.0,2244.0,2188.0,2130.0,2060.0,2026.0,1988.0,1815.0,1756.0,2019.0,2236.0,2251.0,2188.0,2140.0,2067.0,2037.0,2000.0,1807.0,1758.0,2019.0,2226.0,2241.0,2188.0,2134.0,2072.0,2034.0,2002.0,1821.0,1747.0,2002.0,2116.0,2246.0,2235.0,2195.0,2112.0,2068.0,2010.0,1817.0,1746.0,2076.0,2148.0,2179.0,2129.0,2084.0,2035.0,1996.0,1967.0,1770.0,1727.0,1992.0,2170.0,2234.0,2174.0,2115.0,2041.0,2004.0,1980.0,1796.0,1749.0,1998.0,2185.0,2240.0,2187.0,2124.0,2055.0,2024.0,1994.0,1800.0,1748.0,2016.0,2196.0,2260.0,2186.0,2130.0,2062.0,2019.0,1994.0,1792.0,1753.0,2012.0,2204.0,2258.0,2190.0,2132.0,2060.0,2024.0,1995.0,1786.0,1748.0,2132.0,2048.0,2197.0,2201.0
1756.0,2019.0,2236.0,2251.0,2188.0,2140.0,2067.0,2037.0,2000.0,1807.0,1758.0,2019.0,2226.0,2241.0,2188.0,2134.0,2072.0,2034.0,2002.0,1821.0,1747.0,2002.0,2116.0,2246.0,2235.0,2195.0,2112.0,2068.0,2010.0,1817.0,1746.0,2076.0,2148.0,2179.0,2129.0,2084.0,2035.0,1996.0,1967.0,1770.0,1727.0,1992.0,2170.0,2234.0,2174.0,2115.0,2041.0,2004.0,1980.0,1796.0,1749.0,1998.0,2185.0,2240.0,2187.0,2124.0,2055.0,2024.0,1994.0,1800.0,1748.0,2016.0,2196.0,2260.0,2186.0,2130.0,2062.0,2019.0,1994.0,1792.0,1753.0,2012.0,2204.0,2258.0,2190.0,2132.0,2060.0,2024.0,1995.0,1786.0,1748.0,2132.0,2048.0,2197.0,2201.0,2167.0,2102.0,2056.0,2006.0,1792.0,1752.0,2017.0,2181.0,2248.0,2164.0,2104.0,2020.0,1983.0,1944.0,1744.0
2134.0,2072.0,2034.0,2002.0,1821.0,1747.0,2002.0,2116.0,2246.0,2235.0,2195.0,2112.0,2068.0,2010.0,1817.0,1746.0,2076.0,2148.0,2179.0,2129.0,2084.0,2035.0,1996.0,1967.0,1770.0,1727.0,1992.0,2170.0,2234.0,2174.0,2115.0,2041.0,2004.0,1980.0,1796.0,1749.0,1998.0,2185.0,2240.0,2187.0,2124.0,2055.0,2024.0,1994.0,1800.0,1748.0,2016.0,2196.0,2260.0,2186.0,2130.0,2062.0,2019.0,1994.0,1792.0,1753.0,2012.0,2204.0,2258.0,2190.0,2132.0,2060.0,2024.0,1995.0,1786.0,1748.0,2132.0,2048.0,2197.0,2201.0,2167.0,2102.0,2056.0,2006.0,1792.0,1752.0,2017.0,2181.0,2248.0,2164.0,2104.0,2020.0,1983.0,1944.0,1744.0,1709.0,1969.0,2157.0,2229.0,2272.0,2093.0,1984.0,1938.0,1917.0,1745.0,1738.0,2008.0,2176.0,2245.0,2173.0
1746.0,2076.0,2148.0,2179.0,2129.0,2084.0,2035.0,1996.0,1967.0,1770.0,1727.0,1992.0,2170.0,2234.0,2174.0,2115.0,2041.0,2004.0,1980.0,1796.0,1749.0,1998.0,2185.0,2240.0,2187.0,2124.0,2055.0,2024.0,1994.0,1800.0,1748.0,2016.0,2196.0,2260.0,2186.0,2130.0,2062.0,2019.0,1994.0,1792.0,1753.0,2012.0,2204.0,2258.0,2190.0,2132.0,2060.0,2024.0,1995.0,1786.0,1748.0,2132.0,2048.0,2197.0,2201.0,2167.0,2102.0,2056.0,2006.0,1792.0,1752.0,2017.0,2181.0,2248.0,2164.0,2104.0,2020.0,1983.0,1944.0,1744.0,1709.0,1969.0,2157.0,2229.0,2272.0,2093.0,1984.0,1938.0,1917.0,1745.0,1738.0,2008.0,2176.0,2245.0,2173.0,2112.0,2037.0,2004.0,1972.0,1772.0,1732.0,1996.0,2177.0,2236.0,2197.0,2117.0,2036.0,1994.0,1960.0,1772.0
2115.0,2041.0,2004.0,1980.0,1796.0,1749.0,1998.0,2185.0,2240.0,2187.0,2124.0,2055.0,2024.0,1994.0,1800.0,1748.0,2016.0,2196.0,2260.0,2186.0,2130.0,2062.0,2019.0,1994.0,1792.0,1753.0,2012.0,2204.0,2258.0,2190.0,2132.0,2060.0,2024.0,1995.0,1786.0,1748.0,2132.0,2048.0,2197.0,2201.0,2167.0,2102.0,2056.0,2006.0,1792.0,1752.0,2017.0,2181.0,2248.0,2164.0,2104.0,2020.0,1983.0,1944.0,1744.0,1709.0,1969.0,2157.0,2229.0,2272.0,2093.0,1984.0,1938.0,1917.0,1745.0,1738.0,2008.0,2176.0,2245.0,2173.0,2112.0,2037.0,2004.0,1972.0,1772.0,1732.0,1996.0,2177.0,2236.0,2197.0,2117.0,2036.0,1994.0,1960.0,1772.0,1718.0,2072.0,2063.0,2143.0,2173.0,2140.0,2077.0,2032.0,1995.0,1788.0,1752.0,1988.0,2102.0,2236.0,2266.0
1748.0,2016.0,2196.0,2260.0,2186.0,2130.0,2062.0,2019.0,1994.0,1792.0,1753.0,2012.0,2204.0,2258.0,2190.0,2132.0,2060.0,2024.0,1995.0,1786.0,1748.0,2132.0,2048.0,2197.0,2201.0,2167.0,2102.0,2056.0,2006.0,1792.0,1752.0,2017.0,2181.0,2248.0,2164.0,2104.0,2020.0,1983.0,1944.0,1744.0,1709.0,1969.0,2157.0,2229.0,2272.0,2093.0,1984.0,1938.0,1917.0,1745.0,1738.0,2008.0,2176.0,2245.0,2173.0,2112.0,2037.0,2004.0,1972.0,1772.0,1732.0,1996.0,2177.0,2236.0,2197.0,2117.0,2036.0,1994.0,1960.0,1772.0,1718.0,2072.0,2063.0,2143.0,2173.0,2140.0,2077.0,2032.0,1995.0,1788.0,1752.0,1988.0,2102.0,2236.0,2266.0,2189.0,2104.0,2053.0,1992.0,1780.0,1724.0,1993.0,2164.0,2198.0,2178.0,2101.0,2024.0,1984.0,1950.0,1748.0
2132.0,2060.0,2024.0,1995.0,1786.0,1748.0,2132.0,2048.0,2197.0,2201.0,2167.0,2102.0,2056.0,2006.0,1792.0,1752.0,2017.0,2181.0,2248.0,2164.0,2104.0,2020.0,1983.0,1944.0,1744.0,1709.0,1969.0,2157.0,2229.0,2272.0,2093.0,1984.0,1938.0,1917.0,1745.0,1738.0,2008.0,2176.0,2245.0,2173.0,2112.0,2037.0,2004.0,1972.0,1772.0,1732.0,1996.0,2177.0,2236.0,2197.0,2117.0,2036.0,1994.0,1960.0,1772.0,1718.0,2072.0,2063.0,2143.0,2173.0,2140.0,2077.0,2032.0,1995.0,1788.0,1752.0,1988.0,2102.0,2236.0,2266.0,2189.0,2104.0,2053.0,1992.0,1780.0,1724.0,1993.0,2164.0,2198.0,2178.0,2101.0,2024.0,1984.0,1950.0,1748.0,1719.0,1999.0,2182.0,2217.0,2197.0,2126.0,2048.0,2009.0,1971.0,1776.0,1753.0,2011.0,2183.0,2214.0,2208.0
1752.0,2017.0,2181.0,2248.0,2164.0,2104.0,2020.0,1983.0,1944.0,1744.0,1709.0,1969.0,2157.0,2229.0,2272.0,2093.0,1984.0,1938.0,1917.0,1745.0,1738.0,2008.0,2176.0,2245.0,2173.0,2112.0,2037.0,2004.0,1972.0,1772.0,1732.0,1996.0,2177.0,2236.0,2197.0,2117.0,2036.0,1994.0,1960.0,1772.0,1718.0,2072.0,2063.0,2143.0,2173.0,2140.0,2077.0,2032.0,1995.0,1788.0,1752.0,1988.0,2102.0,2236.0,2266.0,2189.0,2104.0,2053.0,1992.0,1780.0,1724.0,1993.0,2164.0,2198.0,2178.0,2101.0,2024.0,1984.0,1950.0,1748.0,1719.0,1999.0,2182.0,2217.0,2197.0,2126.0,2048.0,2009.0,1971.0,1776.0,1753.0,2011.0,2183.0,2214.0,2208.0,2133.0,2061.0,2014.0,1985.0,1780.0,1762.0,2118.0,2182.0,2204.0,2204.0,2145.0,2078.0,2042.0,2009.0,1824.0
2093.0,1984.0,1938.0,1917.0,1745.0,1738.0,2008.0,2176.0,2245.0,2173.0,2112.0,2037.0,2004.0,1972.0,1772.0,1732.0,1996.0,2177.0,2236.0,2197.0,2117.0,2036.0,1994.0,1960.0,1772.0,1718.0,2072.0,2063.0,2143.0,2173.0,2140.0,2077.0,2032.0,1995.0,1788.0,1752.0,1988.0,2102.0,2236.0,2266.0,2189.0,2104.0,2053.0,1992.0,1780.0,1724.0,1993.0,2164.0,2198.0,2178.0,2101.0,2024.0,1984.0,1950.0,1748.0,1719.0,1999.0,2182.0,2217.0,2197.0,2126.0,2048.0,2009.0,1971.0,1776.0,1753.0,2011.0,2183.0,2214.0,2208.0,2133.0,2061.0,2014.0,1985.0,1780.0,1762.0,2118.0,2182.0,2204.0,2204.0,2145.0,2078.0,2042.0,2009.0,1824.0,1773.0,2050.0,2224.0,2260.0,2249.0,2176.0,2101.0,2060.0,2030.0,1822.0,1788.0,2032.0,2142.0,2276.0,2310.0
1732.0,1996.0,2177.0,2236.0,2197.0,2117.0,2036.0,1994.0,1960.0,1772.0,1718.0,2072.0,2063.0,2143.0,2173.0,2140.0,2077.0,2032.0,1995.0,1788.0,1752.0,1988.0,2102.0,2236.0,2266.0,2189.0,2104.0,2053.0,1992.0,1780.0,1724.0,1993.0,2164.0,2198.0,2178.0,2101.0,2024.0,1984.0,1950.0,1748.0,1719.0,1999.0,2182.0,2217.0,2197.0,2126.0,2048.0,2009.0,1971.0,1776.0,1753.0,2011.0,2183.0,2214.0,2208.0,2133.0,2061.0,2014.0,1985.0,1780.0,1762.0,2118.0,2182.0,2204.0,2204.0,2145.0,2078.0,2042.0,2009.0,1824.0,1773.0,2050.0,2224.0,2260.0,2249.0,2176.0,2101.0,2060.0,2030.0,1822.0,1788.0,2032.0,2142.0,2276.0,2310.0,2248.0,2149.0,2096.0,2030.0,1816.0,1778.0,2040.0,2211.0,2241.0,2228.0,2163.0,2082.0,2032.0,2000.0,1794.0
2140.0,2077.0,2032.0,1995.0,1788.0,1752.0,1988.0,2102.0,2236.0,2266.0,2189.0,2104.0,2053.0,1992.0,1780.0,1724.0,1993.0,2164.0,2198.0,2178.0,2101.0,2024.0,1984.0,1950.0,1748.0,1719.0,1999.0,2182.0,2217.0,2197.0,2126.0,2048.0,2009.0,1971.0,1776.0,1753.0,2011.0,2183.0,2214.0,2208.0,2133.0,2061.0,2014.0,1985.0,1780.0,1762.0,2118.0,2182.0,2204.0,2204.0,2145.0,2078.0,2042.0,2009.0,1824.0,1773.0,2050.0,2224.0,2260.0,2249.0,2176.0,2101.0,2060.0,2030.0,1822.0,1788.0,2032.0,2142.0,2276.0,2310.0,2248.0,2149.0,2096.0,2030.0,1816.0,1778.0,2040.0,2211.0,2241.0,2228.0,2163.0,2082.0,2032.0,2000.0,1794.0,1760.0,2040.0,2205.0,2243.0,2216.0,2174.0,2082.0,2032.0,2003.0,1800.0,1787.0,2124.0,2192.0,2211.0,2200.0
1724.0,1993.0,2164.0,2198.0,2178.0,2101.0,2024.0,1984.0,1950.0,1748.0,1719.0,1999.0,2182.0,2217.0,2197.0,2126.0,2048.0,2009.0,1971.0,1776.0,1753.0,2011.0,2183.0,2214.0,2208.0,2133.0,2061.0,2014.0,1985.0,1780.0,1762.0,2118.0,2182.0,2204.0,2204.0,2145.0,2078.0,2042.0,2009.0,1824.0,1773.0,2050.0,2224.0,2260.0,2249.0,2176.0,2101.0,2060.0,2030.0,1822.0,1788.0,2032.0,2142.0,2276.0,2310.0,2248.0,2149.0,2096.0,2030.0,1816.0,1778.0,2040.0,2211.0,2241.0,2228.0,2163.0,2082.0,2032.0,2000.0,1794.0,1760.0,2040.0,2205.0,2243.0,2216.0,2174.0,2082.0,2032.0,2003.0,1800.0,1787.0,2124.0,2192.0,2211.0,2200.0,2166.0,2086.0,2055.0,2009.0,1803.0,1778.0,2062.0,2234.0,2281.0,2236.0,2204.0,2116.0,2056.0,2028.0,1816.0
2126.0,2048.0,2009.0,1971.0,1776.0,1753.0,2011.0,2183.0,2214.0,2208.0,2133.0,2061.0,2014.0,1985.0,1780.0,1762.0,2118.0,2182.0,2204.0,2204.0,2145.0,2078.0,2042.0,2009.0,1824.0,1773.0,2050.0,2224.0,2260.0,2249.0,2176.0,2101.0,2060.0,2030.0,1822.0,1788.0,2032.0,2142.0,2276.0,2310.0,2248.0,2149.0,2096.0,2030.0,1816.0,1778.0,2040.0,2211.0,2241.0,2228.0,2163.0,2082.0,2032.0,2000.0,1794.0,1760.0,2040.0,2205.0,2243.0,2216.0,2174.0,2082.0,2032.0,2003.0,1800.0,1787.0,2124.0,2192.0,2211.0,2200.0,2166.0,2086.0,2055.0,2009.0,1803.0,1778.0,2062.0,2234.0,2281.0,2236.0,2204.0,2116.0,2056.0,2028.0,1816.0,1786.0,2057.0,2232.0,2267.0,2220.0,2200.0,2108.0,2054.0,2010.0,1815.0,1773.0,2036.0,2153.0,2280.0,2284.0
1762.0,2118.0,2182.0,2204.0,2204.0,2145.0,2078.0,2042.0,2009.0,1824.0,1773.0,2050.0,2224.0,2260.0,2249.0,2176.0,2101.0,2060.0,2030.0,1822.0,1788.0,2032.0,2142.0,2276.0,2310.0,2248.0,2149.0,2096.0,2030.0,1816.0,1778.0,2040.0,2211.0,2241.0,2228.0,2163.0,2082.0,2032.0,2000.0,1794.0,1760.0,2040.0,2205.0,2243.0,2216.0,2174.0,2082.0,2032.0,2003.0,1800.0,1787.0,2124.0,2192.0,2211.0,2200.0,2166.0,2086.0,2055.0,2009.0,1803.0,1778.0,2062.0,2234.0,2281.0,2236.0,2204.0,2116.0,2056.0,2028.0,1816.0,1786.0,2057.0,2232.0,2267.0,2220.0,2200.0,2108.0,2054.0,2010.0,1815.0,1773.0,2036.0,2153.0,2280.0,2284.0,2267.0,2170.0,2100.0,2048.0,1814.0,1780.0,2044.0,2211.0,2253.0,2203.0,2185.0,2091.0,2038.0,1992.0,1794.0
2176.0,2101.0,2060.0,2030.0,1822.0,1788.0,2032.0,2142.0,2276.0,2310.0,2248.0,2149.0,2096.0,2030.0,1816.0,1778.0,2040.0,2211.0,2241.0,2228.0,2163.0,2082.0,2032.0,2000.0,1794.0,1760.0,2040.0,2205.0,2243.0,2216.0,2174.0,2082.0,2032.0,2003.0,1800.0,1787.0,2124.0,2192.0,2211.0,2200.0,2166.0,2086.0,2055.0,2009.0,1803.0,1778.0,2062.0,2234.0,2281.0,2236.0,2204.0,2116.0,2056.0,2028.0,1816.0,1786.0,2057.0,2232.0,2267.0,2220.0,2200.0,2108.0,2054.0,2010.0,1815.0,1773.0,2036.0,2153.0,2280.0,2284.0,2267.0,2170.0,2100.0,2048.0,1814.0,1780.0,2044.0,2211.0,2253.0,2203.0,2185.0,2091.0,2038.0,1992.0,1794.0,1765.0,2123.0,2120.0,2184.0,2204.0,2214.0,2137.0,2072.0,2028.0,1814.0,1797.0,2044.0,2209.0,2243.0,2190.0
1778.0,2040.0,2211.0,2241.0,2228.0,2163.0,2082.0,2032.0,2000.0,1794.0,1760.0,2040.0,2205.0,2243.0,2216.0,2174.0,2082.0,2032.0,2003.0,1800.0,1787.0,2124.0,2192.0,2211.0,2200.0,2166.0,2086.0,2055.0,2009.0,1803.0,1778.0,2062.0,2234.0,2281.0,2236.0,2204.0,2116.0,2056.0,2028.0,1816.0,1786.0,2057.0,2232.0,2267.0,2220.0,2200.0,2108.0,2054.0,2010.0,1815.0,1773.0,2036.0,2153.0,2280.0,2284.0,2267.0,2170.0,2100.0,2048.0,1814.0,1780.0,2044.0,2211.0,2253.0,2203.0,2185.0,2091.0,2038.0,1992.0,1794.0,1765.0,2123.0,2120.0,2184.0,2204.0,2214.0,2137.0,2072.0,2028.0,1814.0,1797.0,2044.0,2209.0,2243.0,2190.0,2183.0,2085.0,2028.0,1981.0,1767.0,1752.0,2042.0,2204.0,2240.0,2196.0,2184.0,2097.0,2042.0,1996.0,1787.0
2174.0,2082.0,2032.0,2003.0,1800.0,1787.0,2124.0,2192.0,2211.0,2200.0,2166.0,2086.0,2055.0,2009.0,1803.0,1778.0,2062.0,2234.0,2281.0,2236.0,2204.0,2116.0,2056.0,2028.0,1816.0,1786.0,2057.0,2232.0,2267.0,2220.0,2200.0,2108.0,2054.0,2010.0,1815.0,1773.0,2036.0,2153.0,2280.0,2284.0,2267.0,2170.0,2100.0,2048.0,1814.0,1780.0,2044.0,2211.0,2253.0,2203.0,2185.0,2091.0,2038.0,1992.0,1794.0,1765.0,2123.0,2120.0,2184.0,2204.0,2214.0,2137.0,2072.0,2028.0,1814.0,1797.0,2044.0,2209.0,2243.0,2190.0,2183.0,2085.0,2028.0,1981.0,1767.0,1752.0,2042.0,2204.0,2240.0,2196.0,2184.0,2097.0,2042.0,1996.0,1787.0,1764.0,2044.0,2216.0,2259.0,2213.0,2208.0,2112.0,2048.0,2001.0,1780.0,1768.0,2018.0,2134.0,2272.0,2278.0
1778.0,2062.0,2234.0,2281.0,2236.0,2204.0,2116.0,2056.0,2028.0,1816.0,1786.0,2057.0,2232.0,2267.0,2220.0,2200.0,2108.0,2054.0,2010.0,1815.0,1773.0,2036.0,2153.0,2280.0,2284.0,2267.0,2170.0,2100.0,2048.0,1814.0,1780.0,2044.0,2211.0,2253.0,2203.0,2185.0,2091.0,2038.0,1992.0,1794.0,1765.0,2123.0,2120.0,2184.0,2204.0,2214.0,2137.0,2072.0,2028.0,1814.0,1797.0,2044.0,2209.0,2243.0,2190.0,2183.0,2085.0,2028.0,1981.0,1767.0,1752.0,2042.0,2204.0,2240.0,2196.0,2184.0,2097.0,2042.0,1996.0,1787.0,1764.0,2044.0,2216.0,2259.0,2213.0,2208.0,2112.0,2048.0,2001.0,1780.0,1768.0,2018.0,2134.0,2272.0,2278.0,2253.0,2168.0,2090.0,2026.0,1800.0,1761.0,2121.0,2179.0,2196.0,2154.0,2131.0,2084.0,2023.0,1984.0,1768.0
2200.0,2108.0,2054.0,2010.0,1815.0,1773.0,2036.0,2153.0,2280.0,2284.0,2267.0,2170.0,2100.0,2048.0,1814.0,1780.0,2044.0,2211.0,2253.0,2203.0,2185.0,2091.0,2038.0,1992.0,1794.0,1765.0,2123.0,2120.0,2184.0,2204.0,2214.0,2137.0,2072.0,2028.0,1814.0,1797.0,2044.0,2209.0,2243.0,2190.0,2183.0,2085.0,2028.0,1981.0,1767.0,1752.0,2042.0,2204.0,2240.0,2196.0,2184.0,2097.0,2042.0,1996.0,1787.0,1764.0,2044.0,2216.0,2259.0,2213.0,2208.0,2112.0,2048.0,2001.0,1780.0,1768.0,2018.0,2134.0,2272.0,2278.0,2253.0,2168.0,2090.0,2026.0,1800.0,1761.0,2121.0,2179.0,2196.0,2154.0,2131.0,2084.0,2023.0,1984.0,1768.0,1744.0,2048.0,2212.0,2252.0,2200.0,2160.0,2107.0,2050.0,2004.0,1792.0,1790.0,2074.0,2233.0,2272.0,2224.0
1780.0,2044.0,2211.0,2253.0,2203.0,2185.0,2091.0,2038.0,1992.0,1794.0,1765.0,2123.0,2120.0,2184.0,2204.0,2214.0,2137.0,2072.0,2028.0,1814.0,1797.0,2044.0,2209.0,2243.0,2190.0,2183.0,2085.0,2028.0,1981.0,1767.0,1752.0,2042.0,2204.0,2240.0,2196.0,2184.0,2097.0,2042.0,1996.0,1787.0,1764.0,2044.0,2216.0,2259.0,2213.0,2208.0,2112.0,2048.0,2001.0,1780.0,1768.0,2018.0,2134.0,2272.0,2278.0,2253.0,2168.0,2090.0,2026.0,1800.0,1761.0,2121.0,2179.0,2196.0,2154.0,2131.0,2084.0,2023.0,1984.0,1768.0,1744.0,2048.0,2212.0,2252.0,2200.0,2160.0,2107.0,2050.0,2004.0,1792.0,1790.0,2074.0,2233.0,2272.0,2224.0,2184.0,2142.0,2073.0,2027.0,1804.0,1785.0,2072.0,2237.0,2275.0,2225.0,2181.0,2133.0,2073.0,2028.0,1817.0
2214.0,2137.0,2072.0,2028.0,1814.0,1797.0,2044.0,2209.0,2243.0,2190.0,2183.0,2085.0,2028.0,1981.0,1767.0,1752.0,2042.0,2204.0,2240.0,2196.0,2184.0,2097.0,2042.0,1996.0,1787.0,1764.0,2044.0,2216.0,2259.0,2213.0,2208.0,2112.0,2048.0,2001.0,1780.0,1768.0,2018.0,2134.0,2272.0,2278.0,2253.0,2168.0,2090.0,2026.0,1800.0,1761.0,2121.0,2179.0,2196.0,2154.0,2131.0,2084.0,2023.0,1984.0,1768.0,1744.0,2048.0,2212.0,2252.0,2200.0,2160.0,2107.0,2050.0,2004.0,1792.0,1790.0,2074.0,2233.0,2272.0,2224.0,2184.0,2142.0,2073.0,2027.0,1804.0,1785.0,2072.0,2237.0,2275.0,2225.0,2181.0,2133.0,2073.0,2028.0,1817.0,1776.0,2073.0,2228.0,2260.0,2217.0,2166.0,2132.0,2069.0,2018.0,1794.0,1769.0,2166.0,2072.0,2196.0,2220.0
1752.0,2042.0,2204.0,2240.0,2196.0,2184.0,2097.0,2042.0,1996.0,1787.0,1764.0,2044.0,2216.0,2259.0,2213.0,2208.0,2112.0,2048.0,2001.0,1780.0,1768.0,2018.0,2134.0,2272.0,2278.0,2253.0,2168.0,2090.0,2026.0,1800.0,1761.0,2121.0,2179.0,2196.0,2154.0,2131.0,2084.0,2023.0,1984.0,1768.0,1744.0,2048.0,2212.0,2252.0,2200.0,2160.0,2107.0,2050.0,2004.0,1792.0,1790.0,2074.0,2233.0,2272.0,2224.0,2184.0,2142.0,2073.0,2027.0,1804.0,1785.0,2072.0,2237.0,2275.0,2225.0,2181.0,2133.0,2073.0,2028.0,1817.0,1776.0,2073.0,2228.0,2260.0,2217.0,2166.0,2132.0,2069.0,2018.0,1794.0,1769.0,2166.0,2072.0,2196.0,2220.0,2208.0,2176.0,2112.0,2043.0,1805.0,1774.0,2058.0,2223.0,2256.0,2208.0,2156.0,2127.0,2053.0,2004.0,1785.0
2208.0,2112.0,2048.0,2001.0,1780.0,1768.0,2018.0,2134.0,2272.0,2278.0,2253.0,2168.0,2090.0,2026.0,1800.0,1761.0,2121.0,2179.0,2196.0,2154.0,2131.0,2084.0,2023.0,1984.0,1768.0,1744.0,2048.0,2212.0,2252.0,2200.0,2160.0,2107.0,2050.0,2004.0,1792.0,1790.0,2074.0,2233.0,2272.0,2224.0,2184.0,2142.0,2073.0,2027.0,1804.0,1785.0,2072.0,2237.0,2275.0,2225.0,2181.0,2133.0,2073.0,2028.0,1817.0,1776.0,2073.0,2228.0,2260.0,2217.0,2166.0,2132.0,2069.0,2018.0,1794.0,1769.0,2166.0,2072.0,2196.0,2220.0,2208.0,2176.0,2112.0,2043.0,1805.0,1774.0,2058.0,2223.0,2256.0,2208.0,2156.0,2127.0,2053.0,2004.0,1785.0,1756.0,2041.0,2216.0,2260.0,2212.0,2176.0,2133.0,2070.0,2025.0,1800.0,1792.0,2064.0,2224.0,2254.0,2214.0
1761.0,2121.0,2179.0,2196.0,2154.0,2131.0,2084.0,2023.0,1984.0,1768.0,1744.0,2048.0,2212.0,2252.0,2200.0,2160.0,2107.0,2050.0,2004.0,1792.0,1790.0,2074.0,2233.0,2272.0,2224.0,2184.0,2142.0,2073.0,2027.0,1804.0,1785.0,2072.0,2237.0,2275.0,2225.0,2181.0,2133.0,2073.0,2028.0,1817.0,1776.0,2073.0,2228.0,2260.0,2217.0,2166.0,2132.0,2069.0,2018.0,1794.0,1769.0,2166.0,2072.0,2196.0,2220.0,2208.0,2176.0,2112.0,2043.0,1805.0,1774.0,2058.0,2223.0,2256.0,2208.0,2156.0,2127.0,2053.0,2004.0,1785.0,1756.0,2041.0,2216.0,2260.0,2212.0,2176.0,2133.0,2070.0,2025.0,1800.0,1792.0,2064.0,2224.0,2254.0,2214.0,2172.0,2147.0,2081.0,2024.0,1801.0,1769.0,2065.0,2230.0,2264.0,2220.0,2168.0,2144.0,2080.0,2024.0,1795.0
2160.0,2107.0,2050.0,2004.0,1792.0,1790.0,2074.0,2233.0,2272.0,2224.0,2184.0,2142.0,2073.0,2027.0,1804.0,1785.0,2072.0,2237.0,2275.0,2225.0,2181.0,2133.0,2073.0,2028.0,1817.0,1776.0,2073.0,2228.0,2260.0,2217.0,2166.0,2132.0,2069.0,2018.0,1794.0,1769.0,2166.0,2072.0,2196.0,2220.0,2208.0,2176.0,2112.0,2043.0,1805.0,1774.0,2058.0,2223.0,2256.0,2208.0,2156.0,2127.0,2053.0,2004.0,1785.0,1756.0,2041.0,2216.0,2260.0,2212.0,2176.0,2133.0,2070.0,2025.0,1800.0,1792.0,2064.0,2224.0,2254.0,2214.0,2172.0,2147.0,2081.0,2024.0,1801.0,1769.0,2065.0,2230.0,2264.0,2220.0,2168.0,2144.0,2080.0,2024.0,1795.0,1765.0,2123.0,2158.0,2184.0,2201.0,2185.0,2155.0,2112.0,2034.0,1811.0,1772.0,2034.0,2138.0,2271.0,2268.0
1785.0,2072.0,2237.0,2275.0,2225.0,2181.0,2133.0,2073.0,2028.0,1817.0,1776.0,2073.0,2228.0,2260.0,2217.0,2166.0,2132.0,2069.0,2018.0,1794.0,1769.0,2166.0,2072.0,2196.0,2220.0,2208.0,2176.0,2112.0,2043.0,1805.0,1774.0,2058.0,2223.0,2256.0,2208.0,2156.0,2127.0,2053.0,2004.0,1785.0,1756.0,2041.0,2216.0,2260.0,2212.0,2176.0,2133.0,2070.0,2025.0,1800.0,1792.0,2064.0,2224.0,2254.0,2214.0,2172.0,2147.0,2081.0,2024.0,1801.0,1769.0,2065.0,2230.0,2264.0,2220.0,2168.0,2144.0,2080.0,2024.0,1795.0,1765.0,2123.0,2158.0,2184.0,2201.0,2185.0,2155.0,2112.0,2034.0,1811.0,1772.0,2034.0,2138.0,2271.0,2268.0,2225.0,2151.0,2101.0,2024.0,1788.0,1747.0,2033.0,2195.0,2231.0,2177.0,2135.0,2070.0,2052.0,1988.0,1772.0
2166.0,2132.0,2069.0,2018.0,1794.0,1769.0,2166.0,2072.0,2196.0,2220.0,2208.0,2176.0,2112.0,2043.0,1805.0,1774.0,2058.0,2223.0,2256.0,2208.0,2156.0,2127.0,2053.0,2004.0,1785.0,1756.0,2041.0,2216.0,2260.0,2212.0,2176.0,2133.0,2070.0,2025.0,1800.0,1792.0,2064.0,2224.0,2254.0,2214.0,2172.0,2147.0,2081.0,2024.0,1801.0,1769.0,2065.0,2230.0,2264.0,2220.0,2168.0,2144.0,2080.0,2024.0,1795.0,1765.0,2123.0,2158.0,2184.0,2201.0,2185.0,2155.0,2112.0,2034.0,1811.0,1772.0,2034.0,2138.0,2271.0,2268.0,2225.0,2151.0,2101.0,2024.0,1788.0,1747.0,2033.0,2195.0,2231.0,2177.0,2135.0,2070.0,2052.0,1988.0,1772.0,1738.0,2029.0,2200.0,2228.0,2188.0,2140.0,2084.0,2060.0,2009.0,1777.0,1760.0,2032.0,2188.0,2234.0,2184.0
1774.0,2058.0,2223.0,2256.0,2208.0,2156.0,2127.0,2053.0,2004.0,1785.0,1756.0,2041.0,2216.0,2260.0,2212.0,2176.0,2133.0,2070.0,2025.0,1800.0,1792.0,2064.0,2224.0,2254.0,2214.0,2172.0,2147.0,2081.0,2024.0,1801.0,1769.0,2065.0,2230.0,2264.0,2220.0,2168.0,2144.0,2080.0,2024.0,1795.0,1765.0,2123.0,2158.0,2184.0,2201.0,2185.0,2155.0,2112.0,2034.0,1811.0,1772.0,2034.0,2138.0,2271.0,2268.0,2225.0,2151.0,2101.0,2024.0,1788.0,1747.0,2033.0,2195.0,2231.0,2177.0,2135.0,2070.0,2052.0,1988.0,1772.0,1738.0,2029.0,2200.0,2228.0,2188.0,2140.0,2084.0,2060.0,2009.0,1777.0,1760.0,2032.0,2188.0,2234.0,2184.0,2148.0,2084.0,2076.0,2011.0,1784.0,1750.0,2113.0,2195.0,2208.0,2179.0,2141.0,2096.0,2083.0,2016.0,1786.0
2176.0,2133.0,2070.0,2025.0,1800.0,1792.0,2064.0,2224.0,2254.0,2214.0,2172.0,2147.0,2081.0,2024.0,1801.0,1769.0,2065.0,2230.0,2264.0,2220.0,2168.0,2144.0,2080.0,2024.0,1795.0,1765.0,2123.0,2158.0,2184.0,2201.0,2185.0,2155.0,2112.0,2034.0,1811.0,1772.0,2034.0,2138.0,2271.0,2268.0,2225.0,2151.0,2101.0,2024.0,1788.0,1747.0,2033.0,2195.0,2231.0,2177.0,2135.0,2070.0,2052.0,1988.0,1772.0,1738.0,2029.0,2200.0,2228.0,2188.0,2140.0,2084.0,2060.0,2009.0,1777.0,1760.0,2032.0,2188.0,2234.0,2184.0,2148.0,2084.0,2076.0,2011.0,1784.0,1750.0,2113.0,2195.0,2208.0,2179.0,2141.0,2096.0,2083.0,2016.0,1786.0,1755.0,2054.0,2216.0,2259.0,2204.0,2156.0,2088.0,2077.0,2014.0,1773.0,1744.0,1999.0,2130.0,2260.0,2254.0
1769.0,2065.0,2230.0,2264.0,2220.0,2168.0,2144.0,2080.0,2024.0,1795.0,1765.0,2123.0,2158.0,2184.0,2201.0,2185.0,2155.0,2112.0,2034.0,1811.0,1772.0,2034.0,2138.0,2271.0,2268.0,2225.0,2151.0,2101.0,2024.0,1788.0,1747.0,2033.0,2195.0,2231.0,2177.0,2135.0,2070.0,2052.0,1988.0,1772.0,1738.0,2029.0,2200.0,2228.0,2188.0,2140.0,2084.0,2060.0,2009.0,1777.0,1760.0,2032.0,2188.0,2234.0,2184.0,2148.0,2084.0,2076.0,2011.0,1784.0,1750.0,2113.0,2195.0,2208.0,2179.0,2141.0,2096.0,2083.0,2016.0,1786.0,1755.0,2054.0,2216.0,2259.0,2204.0,2156.0,2088.0,2077.0,2014.0,1773.0,1744.0,1999.0,2130.0,2260.0,2254.0,2215.0,2144.0,2116.0,2040.0,1798.0,1752.0,2044.0,2204.0,2236.0,2184.0,2132.0,2075.0,2067.0,2011.0,1770.0
2185.0,2155.0,2112.0,2034.0,1811.0,1772.0,2034.0,2138.0,2271.0,2268.0,2225.0,2151.0,2101.0,2024.0,1788.0,1747.0,2033.0,2195.0,2231.0,2177.0,2135.0,2070.0,2052.0,1988.0,1772.0,1738.0,2029.0,2200.0,2228.0,2188.0,2140.0,2084.0,2060.0,2009.0,1777.0,1760.0,2032.0,2188.0,2234.0,2184.0,2148.0,2084.0,2076.0,2011.0,1784.0,1750.0,2113.0,2195.0,2208.0,2179.0,2141.0,2096.0,2083.0,2016.0,1786.0,1755.0,2054.0,2216.0,2259.0,2204.0,2156.0,2088.0,2077.0,2014.0,1773.0,1744.0,1999.0,2130.0,2260.0,2254.0,2215.0,2144.0,2116.0,2040.0,1798.0,1752.0,2044.0,2204.0,2236.0,2184.0,2132.0,2075.0,2067.0,2011.0,1770.0,1744.0,2040.0,2204.0,2240.0,2195.0,2156.0,2089.0,2079.0,2012.0,1784.0,1765.0,2121.0,2178.0,2195.0,2158.0
1747.0,2033.0,2195.0,2231.0,2177.0,2135.0,2070.0,2052.0,1988.0,1772.0,1738.0,2029.0,2200.0,2228.0,2188.0,2140.0,2084.0,2060.0,2009.0,1777.0,1760.0,2032.0,2188.0,2234.0,2184.0,2148.0,2084.0,2076.0,2011.0,1784.0,1750.0,2113.0,2195.0,2208.0,2179.0,2141.0,2096.0,2083.0,2016.0,1786.0,1755.0,2054.0,2216.0,2259.0,2204.0,2156.0,2088.0,2077.0,2014.0,1773.0,1744.0,1999.0,2130.0,2260.0,2254.0,2215.0,2144.0,2116.0,2040.0,1798.0,1752.0,2044.0,2204.0,2236.0,2184.0,2132.0,2075.0,2067.0,2011.0,1770.0,1744.0,2040.0,2204.0,2240.0,2195.0,2156.0,2089.0,2079.0,2012.0,1784.0,1765.0,2121.0,2178.0,2195.0,2158.0,2126.0,2087.0,2072.0,2030.0,1802.0,1768.0,2064.0,2217.0,2266.0,2202.0,2155.0,2083.0,2060.0,2020.0,1786.0
2140.0,2084.0,2060.0,2009.0,1777.0,1760.0,2032.0,2188.0,2234.0,2184.0,2148.0,2084.0,2076.0,2011.0,1784.0,1750.0,2113.0,2195.0,2208.0,2179.0,2141.0,2096.0,2083.0,2016.0,1786.0,1755.0,2054.0,2216.0,2259.0,2204.0,2156.0,2088.0,2077.0,2014.0,1773.0,1744.0,1999.0,2130.0,2260.0,2254.0,2215.0,2144.0,2116.0,2040.0,1798.0,1752.0,2044.0,2204.0,2236.0,2184.0,2132.0,2075.0,2067.0,2011.0,1770.0,1744.0,2040.0,2204.0,2240.0,2195.0,2156.0,2089.0,2079.0,2012.0,1784.0,1765.0,2121.0,2178.0,2195.0,2158.0,2126.0,2087.0,2072.0,2030.0,1802.0,1768.0,2064.0,2217.0,2266.0,2202.0,2155.0,2083.0,2060.0,2020.0,1786.0,1745.0,2038.0,2206.0,2248.0,2197.0,2144.0,2086.0,2041.0,2025.0,1781.0,1746.0,2016.0,2120.0,2259.0,2245.0
1750.0,2113.0,2195.0,2208.0,2179.0,2141.0,2096.0,2083.0,2016.0,1786.0,1755.0,2054.0,2216.0,2259.0,2204.0,2156.0,2088.0,2077.0,2014.0,1773.0,1744.0,1999.0,2130.0,2260.0,2254.0,2215.0,2144.0,2116.0,2040.0,1798.0,1752.0,2044.0,2204.0,2236.0,2184.0,2132.0,2075.0,2067.0,2011.0,1770.0,1744.0,2040.0,2204.0,2240.0,2195.0,2156.0,2089.0,2079.0,2012.0,1784.0,1765.0,2121.0,2178.0,2195.0,2158.0,2126.0,2087.0,2072.0,2030.0,1802.0,1768.0,2064.0,2217.0,2266.0,2202.0,2155.0,2083.0,2060.0,2020.0,1786.0,1745.0,2038.0,2206.0,2248.0,2197.0,2144.0,2086.0,2041.0,2025.0,1781.0,1746.0,2016.0,2120.0,2259.0,2245.0,2206.0,2128.0,2070.0,2034.0,1775.0,1824.0,2020.0,2163.0,2196.0,2146.0,2095.0,2040.0,1996.0,1990.0,1742.0
2156.0,2088.0,2077.0,2014.0,1773.0,1744.0,1999.0,2130.0,2260.0,2254.0,2215.0,2144.0,2116.0,2040.0,1798.0,1752.0,2044.0,2204.0,2236.0,2184.0,2132.0,2075.0,2067.0,2011.0,1770.0,1744.0,2040.0,2204.0,2240.0,2195.0,2156.0,2089.0,2079.0,2012.0,1784.0,1765.0,2121.0,2178.0,2195.0,2158.0,2126.0,2087.0,2072.0,2030.0,1802.0,1768.0,2064.0,2217.0,2266.0,2202.0,2155.0,2083.0,2060.0,2020.0,1786.0,1745.0,2038.0,2206.0,2248.0,2197.0,2144.0,2086.0,2041.0,2025.0,1781.0,1746.0,2016.0,2120.0,2259.0,2245.0,2206.0,2128.0,2070.0,2034.0,1775.0,1824.0,2020.0,2163.0,2196.0,2146.0,2095.0,2040.0,1996.0,1990.0,1742.0,1702.0,2061.0,2102.0,2124.0,2148.0,2138.0,2092.0,2048.0,2034.0,1781.0,1753.0,2016.0,2176.0,2214.0,2164.0
1752.0,2044.0,2204.0,2236.0,2184.0,2132.0,2075.0,2067.0,2011.0,1770.0,1744.0,2040.0,2204.0,2240.0,2195.0,2156.0,2089.0,2079.0,2012.0,1784.0,1765.0,2121.0,2178.0,2195.0,2158.0,2126.0,2087.0,2072.0,2030.0,1802.0,1768.0,2064.0,2217.0,2266.0,2202.0,2155.0,2083.0,2060.0,2020.0,1786.0,1745.0,2038.0,2206.0,2248.0,2197.0,2144.0,2086.0,2041.0,2025.0,1781.0,1746.0,2016.0,2120.0,2259.0,2245.0,2206.0,2128.0,2070.0,2034.0,1775.0,1824.0,2020.0,2163.0,2196.0,2146.0,2095.0,2040.0,1996.0,1990.0,1742.0,1702.0,2061.0,2102.0,2124.0,2148.0,2138.0,2092.0,2048.0,2034.0,1781.0,1753.0,2016.0,2176.0,2214.0,2164.0,2111.0,2048.0,2006.0,2002.0,1758.0,1711.0,2010.0,2156.0,2204.0,2203.0,2092.0,2031.0,1990.0,2008.0,1758.0
2156.0,2089.0,2079.0,2012.0,1784.0,1765.0,2121.0,2178.0,2195.0,2158.0,2126.0,2087.0,2072.0,2030.0,1802.0,1768.0,2064.0,2217.0,2266.0,2202.0,2155.0,2083.0,2060.0,2020.0,1786.0,1745.0,2038.0,2206.0,2248.0,2197.0,2144.0,2086.0,2041.0,2025.0,1781.0,1746.0,2016.0,2120.0,2259.0,2245.0,2206.0,2128.0,2070.0,2034.0,1775.0,1824.0,2020.0,2163.0,2196.0,2146.0,2095.0,2040.0,1996.0,1990.0,1742.0,1702.0,2061.0,2102.0,2124.0,2148.0,2138.0,2092.0,2048.0,2034.0,1781.0,1753.0,2016.0,2176.0,2214.0,2164.0,2111.0,2048.0,2006.0,2002.0,1758.0,1711.0,2010.0,2156.0,2204.0,2203.0,2092.0,2031.0,1990.0,2008.0,1758.0,1830.0,2035.0,2184.0,2218.0,2163.0,2112.0,2051.0,2008.0,2002.0,1778.0,1890.0,1991.0,2089.0,2209.0,2208.0
1768.0,2064.0,2217.0,2266.0,2202.0,2155.0,2083.0,2060.0,2020.0,1786.0,1745.0,2038.0,2206.0,2248.0,2197.0,2144.0,2086.0,2041.0,2025.0,1781.0,1746.0,2016.0,2120.0,2259.0,2245.0,2206.0,2128.0,2070.0,2034.0,1775.0,1824.0,2020.0,2163.0,2196.0,2146.0,2095.0,2040.0,1996.0,1990.0,1742.0,1702.0,2061.0,2102.0,2124.0,2148.0,2138.0,2092.0,2048.0,2034.0,1781.0,1753.0,2016.0,2176.0,2214.0,2164.0,2111.0,2048.0,2006.0,2002.0,1758.0,1711.0,2010.0,2156.0,2204.0,2203.0,2092.0,2031.0,1990.0,2008.0,1758.0,1830.0,2035.0,2184.0,2218.0,2163.0,2112.0,2051.0,2008.0,2002.0,1778.0,1890.0,1991.0,2089.0,2209.0,2208.0,2159.0,2089.0,2025.0,1994.0,1760.0,1706.0,2052.0,2104.0,2130.0,2089.0,2060.0,2005.0,1977.0,1948.0,1760.0
2144.0,2086.0,2041.0,2025.0,1781.0,1746.0,2016.0,2120.0,2259.0,2245.0,2206.0,2128.0,2070.0,2034.0,1775.0,1824.0,2020.0,2163.0,2196.0,2146.0,2095.0,2040.0,1996.0,1990.0,1742.0,1702.0,2061.0,2102.0,2124.0,2148.0,2138.0,2092.0,2048.0,2034.0,1781.0,1753.0,2016.0,2176.0,2214.0,2164.0,2111.0,2048.0,2006.0,2002.0,1758.0,1711.0,2010.0,2156.0,2204.0,2203.0,2092.0,2031.0,1990.0,2008.0,1758.0,1830.0,2035.0,2184.0,2218.0,2163.0,2112.0,2051.0,2008.0,2002.0,1778.0,1890.0,1991.0,2089.0,2209.0,2208.0,2159.0,2089.0,2025.0,1994.0,1760.0,1706.0,2052.0,2104.0,2130.0,2089.0,2060.0,2005.0,1977.0,1948.0,1760.0,1812.0,2006.0,2160.0,2199.0,2157.0,2108.0,2059.0,2016.0,1985.0,1784.0,1751.0,2034.0,2180.0,2222.0,2176.0
1824.0,2020.0,2163.0,2196.0,2146.0,2095.0,2040.0,1996.0,1990.0,1742.0,1702.0,2061.0,2102.0,2124.0,2148.0,2138.0,2092.0,2048.0,2034.0,1781.0,1753.0,2016.0,2176.0,2214.0,2164.0,2111.0,2048.0,2006.0,2002.0,1758.0,1711.0,2010.0,2156.0,2204.0,2203.0,2092.0,2031.0,1990.0,2008.0,1758.0,1830.0,2035.0,2184.0,2218.0,2163.0,2112.0,2051.0,2008.0,2002.0,1778.0,1890.0,1991.0,2089.0,2209.0,2208.0,2159.0,2089.0,2025.0,1994.0,1760.0,1706.0,2052.0,2104.0,2130.0,2089.0,2060.0,2005.0,1977.0,1948.0,1760.0,1812.0,2006.0,2160.0,2199.0,2157.0,2108.0,2059.0,2016.0,1985.0,1784.0,1751.0,2034.0,2180.0,2222.0,2176.0,2136.0,2077.0,2035.0,2001.0,1808.0,1858.0,2056.0,2204.0,2236.0,2190.0,2144.0,2085.0,2036.0,2004.0,1812.0
2138.0,2092.0,2048.0,2034.0,1781.0,1753.0,2016.0,2176.0,2214.0,2164.0,2111.0,2048.0,2006.0,2002.0,1758.0,1711.0,2010.0,2156.0,2204.0,2203.0,2092.0,2031.0,1990.0,2008.0,1758.0,1830.0,2035.0,2184.0,2218.0,2163.0,2112.0,2051.0,2008.0,2002.0,1778.0,1890.0,1991.0,2089.0,2209.0,2208.0,2159.0,2089.0,2025.0,1994.0,1760.0,1706.0,2052.0,2104.0,2130.0,2089.0,2060.0,2005.0,1977.0,1948.0,1760.0,1812.0,2006.0,2160.0,2199.0,2157.0,2108.0,2059.0,2016.0,1985.0,1784.0,1751.0,2034.0,2180.0,2222.0,2176.0,2136.0,2077.0,2035.0,2001.0,1808.0,1858.0,2056.0,2204.0,2236.0,2190.0,2144.0,2085.0,2036.0,2004.0,1812.0,1845.0,2050.0,2190.0,2228.0,2180.0,2137.0,2080.0,2028.0,2001.0,1808.0,2135.0,2148.0,2065.0,2176.0,2212.0
1711.0,2010.0,2156.0,2204.0,2203.0,2092.0,2031.0,1990.0,2008.0,1758.0,1830.0,2035.0,2184.0,2218.0,2163.0,2112.0,2051.0,2008.0,2002.0,1778.0,1890.0,1991.0,2089.0,2209.0,2208.0,2159.0,2089.0,2025.0,1994.0,1760.0,1706.0,2052.0,2104.0,2130.0,2089.0,2060.0,2005.0,1977.0,1948.0,1760.0,1812.0,2006.0,2160.0,2199.0,2157.0,2108.0,2059.0,2016.0,1985.0,1784.0,1751.0,2034.0,2180.0,2222.0,2176.0,2136.0,2077.0,2035.0,2001.0,1808.0,1858.0,2056.0,2204.0,2236.0,2190.0,2144.0,2085.0,2036.0,2004.0,1812.0,1845.0,2050.0,2190.0,2228.0,2180.0,2137.0,2080.0,2028.0,2001.0,1808.0,2135.0,2148.0,2065.0,2176.0,2212.0,2182.0,2124.0,2076.0,2021.0,1824.0,1751.0,2039.0,2187.0,2223.0,2172.0,2119.0,2060.0,2012.0,1978.0,1788.0
2112.0,2051.0,2008.0,2002.0,1778.0,1890.0,1991.0,2089.0,2209.0,2208.0,2159.0,2089.0,2025.0,1994.0,1760.0,1706.0,2052.0,2104.0,2130.0,2089.0,2060.0,2005.0,1977.0,1948.0,1760.0,1812.0,2006.0,2160.0,2199.0,2157.0,2108.0,2059.0,2016.0,1985.0,1784.0,1751.0,2034.0,2180.0,2222.0,2176.0,2136.0,2077.0,2035.0,2001.0,1808.0,1858.0,2056.0,2204.0,2236.0,2190.0,2144.0,2085.0,2036.0,2004.0,1812.0,1845.0,2050.0,2190.0,2228.0,2180.0,2137.0,2080.0,2028.0,2001.0,1808.0,2135.0,2148.0,2065.0,2176.0,2212.0,2182.0,2124.0,2076.0,2021.0,1824.0,1751.0,2039.0,2187.0,2223.0,2172.0,2119.0,2060.0,2012.0,1978.0,1788.0,1836.0,2032.0,2178.0,2209.0,2165.0,2122.0,2055.0,2014.0,1976.0,1797.0,1762.0,2032.0,2172.0,2204.0,2163.0
1706.0,2052.0,2104.0,2130.0,2089.0,2060.0,2005.0,1977.0,1948.0,1760.0,1812.0,2006.0,2160.0,2199.0,2157.0,2108.0,2059.0,2016.0,1985.0,1784.0,1751.0,2034.0,2180.0,2222.0,2176.0,2136.0,2077.0,2035.0,2001.0,1808.0,1858.0,2056.0,2204.0,2236.0,2190.0,2144.0,2085.0,2036.0,2004.0,1812.0,1845.0,2050.0,2190.0,2228.0,2180.0,2137.0,2080.0,2028.0,2001.0,1808.0,2135.0,2148.0,2065.0,2176.0,2212.0,2182.0,2124.0,2076.0,2021.0,1824.0,1751.0,2039.0,2187.0,2223.0,2172.0,2119.0,2060.0,2012.0,1978.0,1788.0,1836.0,2032.0,2178.0,2209.0,2165.0,2122.0,2055.0,2014.0,1976.0,1797.0,1762.0,2032.0,2172.0,2204.0,2163.0,2112.0,2054.0,2009.0,1984.0,1785.0,1837.0,2036.0,2170.0,2210.0,2160.0,2124.0,2062.0,2024.0,1987.0,1783.0
2108.0,2059.0,2016.0,1985.0,1784.0,1751.0,2034.0,2180.0,2222.0,2176.0,2136.0,2077.0,2035.0,2001.0,1808.0,1858.0,2056.0,2204.0,2236.0,2190.0,2144.0,2085.0,2036.0,2004.0,1812.0,1845.0,2050.0,2190.0,2228.0,2180.0,2137.0,2080.0,2028.0,2001.0,1808.0,2135.0,2148.0,2065.0,2176.0,2212.0,2182.0,2124.0,2076.0,2021.0,1824.0,1751.0,2039.0,2187.0,2223.0,2172.0,2119.0,2060.0,2012.0,1978.0,1788.0,1836.0,2032.0,2178.0,2209.0,2165.0,2122.0,2055.0,2014.0,1976.0,1797.0,1762.0,2032.0,2172.0,2204.0,2163.0,2112.0,2054.0,2009.0,1984.0,1785.0,1837.0,2036.0,2170.0,2210.0,2160.0,2124.0,2062.0,2024.0,1987.0,1783.0,2077.0,2104.0,2174.0,2134.0,2160.0,2152.0,2112.0,2061.0,2025.0,1804.0,1943.0,2028.0,2123.0,2235.0,2219.0
1858.0,2056.0,2204.0,2236.0,2190.0,2144.0,2085.0,2036.0,2004.0,1812.0,1845.0,2050.0,2190.0,2228.0,2180.0,2137.0,2080.0,2028.0,2001.0,1808.0,2135.0,2148.0,2065.0,2176.0,2212.0,2182.0,2124.0,2076.0,2021.0,1824.0,1751.0,2039.0,2187.0,2223.0,2172.0,2119.0,2060.0,2012.0,1978.0,1788.0,1836.0,2032.0,2178.0,2209.0,2165.0,2122.0,2055.0,2014.0,1976.0,1797.0,1762.0,2032.0,2172.0,2204.0,2163.0,2112.0,2054.0,2009.0,1984.0,1785.0,1837.0,2036.0,2170.0,2210.0,2160.0,2124.0,2062.0,2024.0,1987.0,1783.0,2077.0,2104.0,2174.0,2134.0,2160.0,2152.0,2112.0,2061.0,2025.0,1804.0,1943.0,2028.0,2123.0,2235.0,2219.0,2185.0,2116.0,2061.0,2004.0,1779.0,1852.0,2050.0,2177.0,2203.0,2156.0,2108.0,2056.0,2005.0,1969.0,1760.0
2137.0,2080.0,2028.0,2001.0,1808.0,2135.0,2148.0,2065.0,2176.0,2212.0,2182.0,2124.0,2076.0,2021.0,1824.0,1751.0,2039.0,2187.0,2223.0,2172.0,2119.0,2060.0,2012.0,1978.0,1788.0,1836.0,2032.0,2178.0,2209.0,2165.0,2122.0,2055.0,2014.0,1976.0,1797.0,1762.0,2032.0,2172.0,2204.0,2163.0,2112.0,2054.0,2009.0,1984.0,1785.0,1837.0,2036.0,2170.0,2210.0,2160.0,2124.0,2062.0,2024.0,1987.0,1783.0,2077.0,2104.0,2174.0,2134.0,2160.0,2152.0,2112.0,2061.0,2025.0,1804.0,1943.0,2028.0,2123.0,2235.0,2219.0,2185.0,2116.0,2061.0,2004.0,1779.0,1852.0,2050.0,2177.0,2203.0,2156.0,2108.0,2056.0,2005.0,1969.0,1760.0,1804.0,2036.0,2177.0,2212.0,2164.0,2129.0,2064.0,2016.0,1981.0,1772.0,1786.0,2048.0,2192.0,2221.0,2181.0
1751.0,2039.0,2187.0,2223.0,2172.0,2119.0,2060.0,2012.0,1978.0,1788.0,1836.0,2032.0,2178.0,2209.0,2165.0,2122.0,2055.0,2014.0,1976.0,1797.0,1762.0,2032.0,2172.0,2204.0,2163.0,2112.0,2054.0,2009.0,1984.0,1785.0,1837.0,2036.0,2170.0,2210.0,2160.0,2124.0,2062.0,2024.0,1987.0,1783.0,2077.0,2104.0,2174.0,2134.0,2160.0,2152.0,2112.0,2061.0,2025.0,1804.0,1943.0,2028.0,2123.0,2235.0,2219.0,2185.0,2116.0,2061.0,2004.0,1779.0,1852.0,2050.0,2177.0,2203.0,2156.0,2108.0,2056.0,2005.0,1969.0,1760.0,1804.0,2036.0,2177.0,2212.0,2164.0,2129.0,2064.0,2016.0,1981.0,1772.0,1786.0,2048.0,2192.0,2221.0,2181.0,2140.0,2081.0,2038.0,1998.0,1784.0,2104.0,2136.0,2176.0,2202.0,2159.0,2130.0,2082.0,2038.0,2007.0,1797.0
2122.0,2055.0,2014.0,1976.0,1797.0,1762.0,2032.0,2172.0,2204.0,2163.0,2112.0,2054.0,2009.0,1984.0,1785.0,1837.0,2036.0,2170.0,2210.0,2160.0,2124.0,2062.0,2024.0,1987.0,1783.0,2077.0,2104.0,2174.0,2134.0,2160.0,2152.0,2112.0,2061.0,2025.0,1804.0,1943.0,2028.0,2123.0,2235.0,2219.0,2185.0,2116.0,2061.0,2004.0,1779.0,1852.0,2050.0,2177.0,2203.0,2156.0,2108.0,2056.0,2005.0,1969.0,1760.0,1804.0,2036.0,2177.0,2212.0,2164.0,2129.0,2064.0,2016.0,1981.0,1772.0,1786.0,2048.0,2192.0,2221.0,2181.0,2140.0,2081.0,2038.0,1998.0,1784.0,2104.0,2136.0,2176.0,2202.0,2159.0,2130.0,2082.0,2038.0,2007.0,1797.0,1906.0,2098.0,2232.0,2259.0,2208.0,2163.0,2100.0,2060.0,2027.0,1813.0,1822.0,2084.0,2170.0,2280.0,2270.0
1837.0,2036.0,2170.0,2210.0,2160.0,2124.0,2062.0,2024.0,1987.0,1783.0,2077.0,2104.0,2174.0,2134.0,2160.0,2152.0,2112.0,2061.0,2025.0,1804.0,1943.0,2028.0,2123.0,2235.0,2219.0,2185.0,2116.0,2061.0,2004.0,1779.0,1852.0,2050.0,2177.0,2203.0,2156.0,2108.0,2056.0,2005.0,1969.0,1760.0,1804.0,2036.0,2177.0,2212.0,2164.0,2129.0,2064.0,2016.0,1981.0,1772.0,1786.0,2048.0,2192.0,2221.0,2181.0,2140.0,2081.0,2038.0,1998.0,1784.0,2104.0,2136.0,2176.0,2202.0,2159.0,2130.0,2082.0,2038.0,2007.0,1797.0,1906.0,2098.0,2232.0,2259.0,2208.0,2163.0,2100.0,2060.0,2027.0,1813.0,1822.0,2084.0,2170.0,2280.0,2270.0,2236.0,2172.0,2104.0,2060.0,1817.0,1907.0,2101.0,2216.0,2240.0,2188.0,2148.0,2084.0,2042.0,2009.0,1792.0
2152.0,2112.0,2061.0,2025.0,1804.0,1943.0,2028.0,2123.0,2235.0,2219.0,2185.0,2116.0,2061.0,2004.0,1779.0,1852.0,2050.0,2177.0,2203.0,2156.0,2108.0,2056.0,2005.0,1969.0,1760.0,1804.0,2036.0,2177.0,2212.0,2164.0,2129.0,2064.0,2016.0,1981.0,1772.0,1786.0,2048.0,2192.0,2221.0,2181.0,2140.0,2081.0,2038.0,1998.0,1784.0,2104.0,2136.0,2176.0,2202.0,2159.0,2130.0,2082.0,2038.0,2007.0,1797.0,1906.0,2098.0,2232.0,2259.0,2208.0,2163.0,2100.0,2060.0,2027.0,1813.0,1822.0,2084.0,2170.0,2280.0,2270.0,2236.0,2172.0,2104.0,2060.0,1817.0,1907.0,2101.0,2216.0,2240.0,2188.0,2148.0,2084.0,2042.0,2009.0,1792.0,1897.0,2087.0,2220.0,2252.0,2205.0,2152.0,2099.0,2053.0,2020.0,1798.0,2157.0,2188.0,2199.0,2209.0,2164.0
1852.0,2050.0,2177.0,2203.0,2156.0,2108.0,2056.0,2005.0,1969.0,1760.0,1804.0,2036.0,2177.0,2212.0,2164.0,2129.0,2064.0,2016.0,1981.0,1772.0,1786.0,2048.0,2192.0,2221.0,2181.0,2140.0,2081.0,2038.0,1998.0,1784.0,2104.0,2136.0,2176.0,2202.0,2159.0,2130.0,2082.0,2038.0,2007.0,1797.0,1906.0,2098.0,2232.0,2259.0,2208.0,2163.0,2100.0,2060.0,2027.0,1813.0,1822.0,2084.0,2170.0,2280.0,2270.0,2236.0,2172.0,2104.0,2060.0,1817.0,1907.0,2101.0,2216.0,2240.0,2188.0,2148.0,2084.0,2042.0,2009.0,1792.0,1897.0,2087.0,2220.0,2252.0,2205.0,2152.0,2099.0,2053.0,2020.0,1798.0,2157.0,2188.0,2199.0,2209.0,2164.0,2136.0,2089.0,2055.0,2026.0,1810.0,1956.0,2140.0,2249.0,2266.0,2216.0,2168.0,2117.0,2067.0,2024.0,1811.0
2129.0,2064.0,2016.0,1981.0,1772.0,1786.0,2048.0,2192.0,2221.0,2181.0,2140.0,2081.0,2038.0,1998.0,1784.0,2104.0,2136.0,2176.0,2202.0,2159.0,2130.0,2082.0,2038.0,2007.0,1797.0,1906.0,2098.0,2232.0,2259.0,2208.0,2163.0,2100.0,2060.0,2027.0,1813.0,1822.0,2084.0,2170.0,2280.0,2270.0,2236.0,2172.0,2104.0,2060.0,1817.0,1907.0,2101.0,2216.0,2240.0,2188.0,2148.0,2084.0,2042.0,2009.0,1792.0,1897.0,2087.0,2220.0,2252.0,2205.0,2152.0,2099.0,2053.0,2020.0,1798.0,2157.0,2188.0,2199.0,2209.0,2164.0,2136.0,2089.0,2055.0,2026.0,1810.0,1956.0,2140.0,2249.0,2266.0,2216.0,2168.0,2117.0,2067.0,2024.0,1811.0,1893.0,2126.0,2247.0,2273.0,2214.0,2165.0,2109.0,2060.0,2024.0,1805.0,1954.0,2087.0,2154.0,2268.0,2261.0
2104.0,2136.0,2176.0,2202.0,2159.0,2130.0,2082.0,2038.0,2007.0,1797.0,1906.0,2098.0,2232.0,2259.0,2208.0,2163.0,2100.0,2060.0,2027.0,1813.0,1822.0,2084.0,2170.0,2280.0,2270.0,2236.0,2172.0,2104.0,2060.0,1817.0,1907.0,2101.0,2216.0,2240.0,2188.0,2148.0,2084.0,2042.0,2009.0,1792.0,1897.0,2087.0,2220.0,2252.0,2205.0,2152.0,2099.0,2053.0,2020.0,1798.0,2157.0,2188.0,2199.0,2209.0,2164.0,2136.0,2089.0,2055.0,2026.0,1810.0,1956.0,2140.0,2249.0,2266.0,2216.0,2168.0,2117.0,2067.0,2024.0,1811.0,1893.0,2126.0,2247.0,2273.0,2214.0,2165.0,2109.0,2060.0,2024.0,1805.0,1954.0,2087.0,2154.0,2268.0,2261.0,2214.0,2153.0,2088.0,2024.0,1799.0,1864.0,2100.0,2213.0,2232.0,2176.0,2120.0,2078.0,2019.0,1984.0,1765.0
2163.0,2100.0,2060.0,2027.0,1813.0,1822.0,2084.0,2170.0,2280.0,2270.0,2236.0,2172.0,2104.0,2060.0,1817.0,1907.0,2101.0,2216.0,2240.0,2188.0,2148.0,2084.0,2042.0,2009.0,1792.0,1897.0,2087.0,2220.0,2252.0,2205.0,2152.0,2099.0,2053.0,2020.0,1798.0,2157.0,2188.0,2199.0,2209.0,2164.0,2136.0,2089.0,2055.0,2026.0,1810.0,1956.0,2140.0,2249.0,2266.0,2216.0,2168.0,2117.0,2067.0,2024.0,1811.0,1893.0,2126.0,2247.0,2273.0,2214.0,2165.0,2109.0,2060.0,2024.0,1805.0,1954.0,2087.0,2154.0,2268.0,2261.0,2214.0,2153.0,2088.0,2024.0,1799.0,1864.0,2100.0,2213.0,2232.0,2176.0,2120.0,2078.0,2019.0,1984.0,1765.0,2132.0,2152.0,2185.0,2134.0,2146.0,2140.0,2100.0,2057.0,2020.0,1792.0,1888.0,2129.0,2223.0,2233.0,2178.0
1907.0,2101.0,2216.0,2240.0,2188.0,2148.0,2084.0,2042.0,2009.0,1792.0,1897.0,2087.0,2220.0,2252.0,2205.0,2152.0,2099.0,2053.0,2020.0,1798.0,2157.0,2188.0,2199.0,2209.0,2164.0,2136.0,2089.0,2055.0,2026.0,1810.0,1956.0,2140.0,2249.0,2266.0,2216.0,2168.0,2117.0,2067.0,2024.0,1811.0,1893.0,2126.0,2247.0,2273.0,2214.0,2165.0,2109.0,2060.0,2024.0,1805.0,1954.0,2087.0,2154.0,2268.0,2261.0,2214.0,2153.0,2088.0,2024.0,1799.0,1864.0,2100.0,2213.0,2232.0,2176.0,2120.0,2078.0,2019.0,1984.0,1765.0,2132.0,2152.0,2185.0,2134.0,2146.0,2140.0,2100.0,2057.0,2020.0,1792.0,1888.0,2129.0,2223.0,2233.0,2178.0,2126.0,2084.0,2031.0,1996.0,1782.0,1862.0,2120.0,2233.0,2243.0,2180.0,2138.0,2086.0,2044.0,2008.0,1795.0
2152.0,2099.0,2053.0,2020.0,1798.0,2157.0,2188.0,2199.0,2209.0,2164.0,2136.0,2089.0,2055.0,2026.0,1810.0,1956.0,2140.0,2249.0,2266.0,2216.0,2168.0,2117.0,2067.0,2024.0,1811.0,1893.0,2126.0,2247.0,2273.0,2214.0,2165.0,2109.0,2060.0,2024.0,1805.0,1954.0,2087.0,2154.0,2268.0,2261.0,2214.0,2153.0,2088.0,2024.0,1799.0,1864.0,2100.0,2213.0,2232.0,2176.0,2120.0,2078.0,2019.0,1984.0,1765.0,2132.0,2152.0,2185.0,2134.0,2146.0,2140.0,2100.0,2057.0,2020.0,1792.0,1888.0,2129.0,2223.0,2233.0,2178.0,2126.0,2084.0,2031.0,1996.0,1782.0,1862.0,2120.0,2233.0,2243.0,2180.0,2138.0,2086.0,2044.0,2008.0,1795.0,1878.0,2123.0,2240.0,2248.0,2193.0,2140.0,2089.0,2048.0,2003.0,1789.0,1928.0,2078.0,2144.0,2257.0,2240.0
1956.0,2140.0,2249.0,2266.0,2216.0,2168.0,2117.0,2067.0,2024.0,1811.0,1893.0,2126.0,2247.0,2273.0,2214.0,2165.0,2109.0,2060.0,2024.0,1805.0,1954.0,2087.0,2154.0,2268.0,2261.0,2214.0,2153.0,2088.0,2024.0,1799.0,1864.0,2100.0,2213.0,2232.0,2176.0,2120.0,2078.0,2019.0,1984.0,1765.0,2132.0,2152.0,2185.0,2134.0,2146.0,2140.0,2100.0,2057.0,2020.0,1792.0,1888.0,2129.0,2223.0,2233.0,2178.0,2126.0,2084.0,2031.0,1996.0,1782.0,1862.0,2120.0,2233.0,2243.0,2180.0,2138.0,2086.0,2044.0,2008.0,1795.0,1878.0,2123.0,2240.0,2248.0,2193.0,2140.0,2089.0,2048.0,2003.0,1789.0,1928.0,2078.0,2144.0,2257.0,2240.0,2204.0,2137.0,2080.0,2015.0,1788.0,2089.0,2126.0,2193.0,2183.0,2133.0,2096.0,2053.0,2016.0,1978.0,1772.0
2165.0,2109.0,2060.0,2024.0,1805.0,1954.0,2087.0,2154.0,2268.0,2261.0,2214.0,2153.0,2088.0,2024.0,1799.0,1864.0,2100.0,2213.0,2232.0,2176.0,2120.0,2078.0,2019.0,1984.0,1765.0,2132.0,2152.0,2185.0,2134.0,2146.0,2140.0,2100.0,2057.0,2020.0,1792.0,1888.0,2129.0,2223.0,2233.0,2178.0,2126.0,2084.0,2031.0,1996.0,1782.0,1862.0,2120.0,2233.0,2243.0,2180.0,2138.0,2086.0,2044.0,2008.0,1795.0,1878.0,2123.0,2240.0,2248.0,2193.0,2140.0,2089.0,2048.0,2003.0,1789.0,1928.0,2078.0,2144.0,2257.0,2240.0,2204.0,2137.0,2080.0,2015.0,1788.0,2089.0,2126.0,2193.0,2183.0,2133.0,2096.0,2053.0,2016.0,1978.0,1772.0,1852.0,2077.0,2228.0,2244.0,2176.0,2120.0,2064.0,2024.0,1930.0,1692.0,1857.0,2102.0,2284.0,2310.0,2256.0
1864.0,2100.0,2213.0,2232.0,2176.0,2120.0,2078.0,2019.0,1984.0,1765.0,2132.0,2152.0,2185.0,2134.0,2146.0,2140.0,2100.0,2057.0,2020.0,1792.0,1888.0,2129.0,2223.0,2233.0,2178.0,2126.0,2084.0,2031.0,1996.0,1782.0,1862.0,2120.0,2233.0,2243.0,2180.0,2138.0,2086.0,2044.0,2008.0,1795.0,1878.0,2123.0,2240.0,2248.0,2193.0,2140.0,2089.0,2048.0,2003.0,1789.0,1928.0,2078.0,2144.0,2257.0,2240.0,2204.0,2137.0,2080.0,2015.0,1788.0,2089.0,2126.0,2193.0,2183.0,2133.0,2096.0,2053.0,2016.0,1978.0,1772.0,1852.0,2077.0,2228.0,2244.0,2176.0,2120.0,2064.0,2024.0,1930.0,1692.0,1857.0,2102.0,2284.0,2310.0,2256.0,2202.0,2123.0,2081.0,2042.0,1832.0,1920.0,2131.0,2286.0,2285.0,2208.0,2144.0,2087.0,2029.0,1984.0,1760.0
2140.0,2100.0,2057.0,2020.0,1792.0,1888.0,2129.0,2223.0,2233.0,2178.0,2126.0,2084.0,2031.0,1996.0,1782.0,1862.0,2120.0,2233.0,2243.0,2180.0,2138.0,2086.0,2044.0,2008.0,1795.0,1878.0,2123.0,2240.0,2248.0,2193.0,2140.0,2089.0,2048.0,2003.0,1789.0,1928.0,2078.0,2144.0,2257.0,2240.0,2204.0,2137.0,2080.0,2015.0,1788.0,2089.0,2126.0,2193.0,2183.0,2133.0,2096.0,2053.0,2016.0,1978.0,1772.0,1852.0,2077.0,2228.0,2244.0,2176.0,2120.0,2064.0,2024.0,1930.0,1692.0,1857.0,2102.0,2284.0,2310.0,2256.0,2202.0,2123.0,2081.0,2042.0,1832.0,1920.0,2131.0,2286.0,2285.0,2208.0,2144.0,2087.0,2029.0,1984.0,1760.0,1846.0,2048.0,2193.0,2187.0,2103.0,2052.0,1986.0,1946.0,1900.0,1694.0,2061.0,2075.0,2000.0,2078.0,2076.0
1862.0,2120.0,2233.0,2243.0,2180.0,2138.0,2086.0,2044.0,2008.0,1795.0,1878.0,2123.0,2240.0,2248.0,2193.0,2140.0,2089.0,2048.0,2003.0,1789.0,1928.0,2078.0,2144.0,2257.0,2240.0,2204.0,2137.0,2080.0,2015.0,1788.0,2089.0,2126.0,2193.0,2183.0,2133.0,2096.0,2053.0,2016.0,1978.0,1772.0,1852.0,2077.0,2228.0,2244.0,2176.0,2120.0,2064.0,2024.0,1930.0,1692.0,1857.0,2102.0,2284.0,2310.0,2256.0,2202.0,2123.0,2081.0,2042.0,1832.0,1920.0,2131.0,2286.0,2285.0,2208.0,2144.0,2087.0,2029.0,1984.0,1760.0,1846.0,2048.0,2193.0,2187.0,2103.0,2052.0,1986.0,1946.0,1900.0,1694.0,2061.0,2075.0,2000.0,2078.0,2076.0,2043.0,1996.0,1948.0,1868.0,2596.0,2976.0,3074.0,3072.0,3074.0,3076.0,3080.0,3062.0,2726.0,2275.0,1648.0
2140.0,2089.0,2048.0,2003.0,1789.0,1928.0,2078.0,2144.0,2257.0,2240.0,2204.0,2137.0,2080.0,2015.0,1788.0,2089.0,2126.0,2193.0,2183.0,2133.0,2096.0,2053.0,2016.0,1978.0,1772.0,1852.0,2077.0,2228.0,2244.0,2176.0,2120.0,2064.0,2024.0,1930.0,1692.0,1857.0,2102.0,2284.0,2310.0,2256.0,2202.0,2123.0,2081.0,2042.0,1832.0,1920.0,2131.0,2286.0,2285.0,2208.0,2144.0,2087.0,2029.0,1984.0,1760.0,1846.0,2048.0,2193.0,2187.0,2103.0,2052.0,1986.0,1946.0,1900.0,1694.0,2061.0,2075.0,2000.0,2078.0,2076.0,2043.0,1996.0,1948.0,1868.0,2596.0,2976.0,3074.0,3072.0,3074.0,3076.0,3080.0,3062.0,2726.0,2275.0,1648.0,1384.0,1380.0,2014.0,2768.0,3082.0,3072.0,2981.0,3072.0,3063.0,2988.0,2484.0,2161.0,1715.0,1291.0,914.0
2089.0,2126.0,2193.0,2183.0,2133.0,2096.0,2053.0,2016.0,1978.0,1772.0,1852.0,2077.0,2228.0,2244.0,2176.0,2120.0,2064.0,2024.0,1930.0,1692.0,1857.0,2102.0,2284.0,2310.0,2256.0,2202.0,2123.0,2081.0,2042.0,1832.0,1920.0,2131.0,2286.0,2285.0,2208.0,2144.0,2087.0,2029.0,1984.0,1760.0,1846.0,2048.0,2193.0,2187.0,2103.0,2052.0,1986.0,1946.0,1900.0,1694.0,2061.0,2075.0,2000.0,2078.0,2076.0,2043.0,1996.0,1948.0,1868.0,2596.0,2976.0,3074.0,3072.0,3074.0,3076.0,3080.0,3062.0,2726.0,2275.0,1648.0,1384.0,1380.0,2014.0,2768.0,3082.0,3072.0,2981.0,3072.0,3063.0,2988.0,2484.0,2161.0,1715.0,1291.0,914.0,776.0,1905.0,2002.0,2528.0,1992.0,2569.0,2544.0,3054.0,2809.0,2122.0,1499.0,1007.0,679.0,489.0,1217.0
2120.0,2064.0,2024.0,1930.0,1692.0,1857.0,2102.0,2284.0,2310.0,2256.0,2202.0,2123.0,2081.0,2042.0,1832.0,1920.0,2131.0,2286.0,2285.0,2208.0,2144.0,2087.0,2029.0,1984.0,1760.0,1846.0,2048.0,2193.0,2187.0,2103.0,2052.0,1986.0,1946.0,1900.0,1694.0,2061.0,2075.0,2000.0,2078.0,2076.0,2043.0,1996.0,1948.0,1868.0,2596.0,2976.0,3074.0,3072.0,3074.0,3076.0,3080.0,3062.0,2726.0,2275.0,1648.0,1384.0,1380.0,2014.0,2768.0,3082.0,3072.0,2981.0,3072.0,3063.0,2988.0,2484.0,2161.0,1715.0,1291.0,914.0,776.0,1905.0,2002.0,2528.0,1992.0,2569.0,2544.0,3054.0,2809.0,2122.0,1499.0,1007.0,679.0,489.0,1217.0,2009.0,2460.0,2480.0,2418.0,2489.0,2384.0,2422.0,1897.0,1383.0,778.0,645.0,676.0,1003.0,1720.0,1817.0
1920.0,2131.0,2286.0,2285.0,2208.0,2144.0,2087.0,2029.0,1984.0,1760.0,1846.0,2048.0,2193.0,2187.0,2103.0,2052.0,1986.0,1946.0,1900.0,1694.0,2061.0,2075.0,2000.0,2078.0,2076.0,2043.0,1996.0,1948.0,1868.0,2596.0,2976.0,3074.0,3072.0,3074.0,3076.0,3080.0,3062.0,2726.0,2275.0,1648.0,1384.0,1380.0,2014.0,2768.0,3082.0,3072.0,2981.0,3072.0,3063.0,2988.0,2484.0,2161.0,1715.0,1291.0,914.0,776.0,1905.0,2002.0,2528.0,1992.0,2569.0,2544.0,3054.0,2809.0,2122.0,1499.0,1007.0,679.0,489.0,1217.0,2009.0,2460.0,2480.0,2418.0,2489.0,2384.0,2422.0,1897.0,1383.0,778.0,645.0,676.0,1003.0,1720.0,1817.0,2193.0,1906.0,2165.0,1937.0,2053.0,1763.0,1638.0,1418.0,1248.0,1055.0,996.0,1472.0,1514.0,1931.0,1578.0
2052.0,1986.0,1946.0,1900.0,1694.0,2061.0,2075.0,2000.0,2078.0,2076.0,2043.0,1996.0,1948.0,1868.0,2596.0,2976.0,3074.0,3072.0,3074.0,3076.0,3080.0,3062.0,2726.0,2275.0,1648.0,1384.0,1380.0,2014.0,2768.0,3082.0,3072.0,2981.0,3072.0,3063.0,2988.0,2484.0,2161.0,1715.0,1291.0,914.0,776.0,1905.0,2002.0,2528.0,1992.0,2569.0,2544.0,3054.0,2809.0,2122.0,1499.0,1007.0,679.0,489.0,1217.0,2009.0,2460.0,2480.0,2418.0,2489.0,2384.0,2422.0,1897.0,1383.0,778.0,645.0,676.0,1003.0,1720.0,1817.0,2193.0,1906.0,2165.0,1937.0,2053.0,1763.0,1638.0,1418.0,1248.0,1055.0,996.0,1472.0,1514.0,1931.0,1578.0,1743.0,1838.0,2139.0,2112.0,1836.0,1694.0,1524.0,1488.0,1280.0,796.0,908.0,1197.0,1486.0,1711.0,1781.0
2976.0,3074.0,3072.0,3074.0,3076.0,3080.0,3062.0,2726.0,2275.0,1648.0,1384.0,1380.0,2014.0,2768.0,3082.0,3072.0,2981.0,3072.0,3063.0,2988.0,2484.0,2161.0,1715.0,1291.0,914.0,776.0,1905.0,2002.0,2528.0,1992.0,2569.0,2544.0,3054.0,2809.0,2122.0,1499.0,1007.0,679.0,489.0,1217.0,2009.0,2460.0,2480.0,2418.0,2489.0,2384.0,2422.0,1897.0,1383.0,778.0,645.0,676.0,1003.0,1720.0,1817.0,2193.0,1906.0,2165.0,1937.0,2053.0,1763.0,1638.0,1418.0,1248.0,1055.0,996.0,1472.0,1514.0,1931.0,1578.0,1743.0,1838.0,2139.0,2112.0,1836.0,1694.0,1524.0,1488.0,1280.0,796.0,908.0,1197.0,1486.0,1711.0,1781.0,1840.0,1880.0,1897.0,1920.0,1749.0,2058.0,2088.0,2112.0,2148.0,2076.0,2025.0,1970.0,1935.0,1914.0,1784.0
3072.0,2981.0,3072.0,3063.0,2988.0,2484.0,2161.0,1715.0,1291.0,914.0,776.0,1905.0,2002.0,2528.0,1992.0,2569.0,2544.0,3054.0,2809.0,2122.0,1499.0,1007.0,679.0,489.0,1217.0,2009.0,2460.0,2480.0,2418.0,2489.0,2384.0,2422.0,1897.0,1383.0,778.0,645.0,676.0,1003.0,1720.0,1817.0,2193.0,1906.0,2165.0,1937.0,2053.0,1763.0,1638.0,1418.0,1248.0,1055.0,996.0,1472.0,1514.0,1931.0,1578.0,1743.0,1838.0,2139.0,2112.0,1836.0,1694.0,1524.0,1488.0,1280.0,796.0,908.0,1197.0,1486.0,1711.0,1781.0,1840.0,1880.0,1897.0,1920.0,1749.0,2058.0,2088.0,2112.0,2148.0,2076.0,2025.0,1970.0,1935.0,1914.0,1784.0,1948.0,2157.0,2160.0,2080.0,1890.0,1744.0,1642.0,1579.0,1556.0,1368.0,1552.0,1698.0,1850.0,2029.0,2182.0
2569.0,2544.0,3054.0,2809.0,2122.0,1499.0,1007.0,679.0,489.0,1217.0,2009.0,2460.0,2480.0,2418.0,2489.0,2384.0,2422.0,1897.0,1383.0,778.0,645.0,676.0,1003.0,1720.0,1817.0,2193.0,1906.0,2165.0,1937.0,2053.0,1763.0,1638.0,1418.0,1248.0,1055.0,996.0,1472.0,1514.0,1931.0,1578.0,1743.0,1838.0,2139.0,2112.0,1836.0,1694.0,1524.0,1488.0,1280.0,796.0,908.0,1197.0,1486.0,1711.0,1781.0,1840.0,1880.0,1897.0,1920.0,1749.0,2058.0,2088.0,2112.0,2148.0,2076.0,2025.0,1970.0,1935.0,1914.0,1784.0,1948.0,2157.0,2160.0,2080.0,1890.0,1744.0,1642.0,1579.0,1556.0,1368.0,1552.0,1698.0,1850.0,2029.0,2182.0,2038.0,1921.0,1868.0,1863.0,1680.0,1813.0,2077.0,2236.0,2316.0,2256.0,2196.0,2150.0,2113.0,2087.0,1894.0
2384.0,2422.0,1897.0,1383.0,778.0,645.0,676.0,1003.0,1720.0,1817.0,2193.0,1906.0,2165.0,1937.0,2053.0,1763.0,1638.0,1418.0,1248.0,1055.0,996.0,1472.0,1514.0,1931.0,1578.0,1743.0,1838.0,2139.0,2112.0,1836.0,1694.0,1524.0,1488.0,1280.0,796.0,908.0,1197.0,1486.0,1711.0,1781.0,1840.0,1880.0,1897.0,1920.0,1749.0,2058.0,2088.0,2112.0,2148.0,2076.0,2025.0,1970.0,1935.0,1914.0,1784.0,1948.0,2157.0,2160.0,2080.0,1890.0,1744.0,1642.0,1579.0,1556.0,1368.0,1552.0,1698.0,1850.0,2029.0,2182.0,2038.0,1921.0,1868.0,1863.0,1680.0,1813.0,2077.0,2236.0,2316.0,2256.0,2196.0,2150.0,2113.0,2087.0,1894.0,1984.0,2226.0,2360.0,2416.0,2372.0,2297.0,2232.0,2184.0,2148.0,1939.0,2267.0,2307.0,2352.0,2373.0,2354.0
1763.0,1638.0,1418.0,1248.0,1055.0,996.0,1472.0,1514.0,1931.0,1578.0,1743.0,1838.0,2139.0,2112.0,1836.0,1694.0,1524.0,1488.0,1280.0,796.0,908.0,1197.0,1486.0,1711.0,1781.0,1840.0,1880.0,1897.0,1920.0,1749.0,2058.0,2088.0,2112.0,2148.0,2076.0,2025.0,1970.0,1935.0,1914.0,1784.0,1948.0,2157.0,2160.0,2080.0,1890.0,1744.0,1642.0,1579.0,1556.0,1368.0,1552.0,1698.0,1850.0,2029.0,2182.0,2038.0,1921.0,1868.0,1863.0,1680.0,1813.0,2077.0,2236.0,2316.0,2256.0,2196.0,2150.0,2113.0,2087.0,1894.0,1984.0,2226.0,2360.0,2416.0,2372.0,2297.0,2232.0,2184.0,2148.0,1939.0,2267.0,2307.0,2352.0,2373.0,2354.0,2295.0,2242.0,2202.0,2165.0,1968.0,2048.0,2284.0,2416.0,2448.0,2416.0,2332.0,2268.0,2212.0,2172.0,1958.0
1694.0,1524.0,1488.0,1280.0,796.0,908.0,1197.0,1486.0,1711.0,1781.0,1840.0,1880.0,1897.0,1920.0,1749.0,2058.0,2088.0,2112.0,2148.0,2076.0,2025.0,1970.0,1935.0,1914.0,1784.0,1948.0,2157.0,2160.0,2080.0,1890.0,1744.0,1642.0,1579.0,1556.0,1368.0,1552.0,1698.0,1850.0,2029.0,2182.0,2038.0,1921.0,1868.0,1863.0,1680.0,1813.0,2077.0,2236.0,2316.0,2256.0,2196.0,2150.0,2113.0,2087.0,1894.0,1984.0,2226.0,2360.0,2416.0,2372.0,2297.0,2232.0,2184.0,2148.0,1939.0,2267.0,2307.0,2352.0,2373.0,2354.0,2295.0,2242.0,2202.0,2165.0,1968.0,2048.0,2284.0,2416.0,2448.0,2416.0,2332.0,2268.0,2212.0,2172.0,1958.0,2041.0,2271.0,2397.0,2422.0,2396.0,2325.0,2252.0,2198.0,2150.0,1952.0,2089.0,2214.0,2320.0,2432.0,2430.0
2058.0,2088.0,2112.0,2148.0,2076.0,2025.0,1970.0,1935.0,1914.0,1784.0,1948.0,2157.0,2160.0,2080.0,1890.0,1744.0,1642.0,1579.0,1556.0,1368.0,1552.0,1698.0,1850.0,2029.0,2182.0,2038.0,1921.0,1868.0,1863.0,1680.0,1813.0,2077.0,2236.0,2316.0,2256.0,2196.0,2150.0,2113.0,2087.0,1894.0,1984.0,2226.0,2360.0,2416.0,2372.0,2297.0,2232.0,2184.0,2148.0,1939.0,2267.0,2307.0,2352.0,2373.0,2354.0,2295.0,2242.0,2202.0,2165.0,1968.0,2048.0,2284.0,2416.0,2448.0,2416.0,2332.0,2268.0,2212.0,2172.0,1958.0,2041.0,2271.0,2397.0,2422.0,2396.0,2325.0,2252.0,2198.0,2150.0,1952.0,2089.0,2214.0,2320.0,2432.0,2430.0,2360.0,2280.0,2208.0,2157.0,1932.0,1988.0,2216.0,2336.0,2362.0,2336.0,2254.0,2181.0,2126.0,2076.0,1876.0
1744.0,1642.0,1579.0,1556.0,1368.0,1552.0,1698.0,1850.0,2029.0,2182.0,2038.0,1921.0,1868.0,1863.0,1680.0,1813.0,2077.0,2236.0,2316.0,2256.0,2196.0,2150.0,2113.0,2087.0,1894.0,1984.0,2226.0,2360.0,2416.0,2372.0,2297.0,2232.0,2184.0,2148.0,1939.0,2267.0,2307.0,2352.0,2373.0,2354.0,2295.0,2242.0,2202.0,2165.0,1968.0,2048.0,2284.0,2416.0,2448.0,2416.0,2332.0,2268.0,2212.0,2172.0,1958.0,2041.0,2271.0,2397.0,2422.0,2396.0,2325.0,2252.0,2198.0,2150.0,1952.0,2089.0,2214.0,2320.0,2432.0,2430.0,2360.0,2280.0,2208.0,2157.0,1932.0,1988.0,2216.0,2336.0,2362.0,2336.0,2254.0,2181.0,2126.0,2076.0,1876.0,2185.0,2234.0,2287.0,2235.0,2304.0,2264.0,2214.0,2152.0,2108.0,1887.0,1972.0,2184.0,2292.0,2320.0,2295.0
1813.0,2077.0,2236.0,2316.0,2256.0,2196.0,2150.0,2113.0,2087.0,1894.0,1984.0,2226.0,2360.0,2416.0,2372.0,2297.0,2232.0,2184.0,2148.0,1939.0,2267.0,2307.0,2352.0,2373.0,2354.0,2295.0,2242.0,2202.0,2165.0,1968.0,2048.0,2284.0,2416.0,2448.0,2416.0,2332.0,2268.0,2212.0,2172.0,1958.0,2041.0,2271.0,2397.0,2422.0,2396.0,2325.0,2252.0,2198.0,2150.0,1952.0,2089.0,2214.0,2320.0,2432.0,2430.0,2360.0,2280.0,2208.0,2157.0,1932.0,1988.0,2216.0,2336.0,2362.0,2336.0,2254.0,2181.0,2126.0,2076.0,1876.0,2185.0,2234.0,2287.0,2235.0,2304.0,2264.0,2214.0,2152.0,2108.0,1887.0,1972.0,2184.0,2292.0,2320.0,2295.0,2221.0,2138.0,2092.0,2053.0,1839.0,1918.0,2147.0,2277.0,2299.0,2280.0,2204.0,2140.0,2082.0,2036.0,1831.0
2297.0,2232.0,2184.0,2148.0,1939.0,2267.0,2307.0,2352.0,2373.0,2354.0,2295.0,2242.0,2202.0,2165.0,1968.0,2048.0,2284.0,2416.0,2448.0,2416.0,2332.0,2268.0,2212.0,2172.0,1958.0,2041.0,2271.0,2397.0,2422.0,2396.0,2325.0,2252.0,2198.0,2150.0,1952.0,2089.0,2214.0,2320.0,2432.0,2430.0,2360.0,2280.0,2208.0,2157.0,1932.0,1988.0,2216.0,2336.0,2362.0,2336.0,2254.0,2181.0,2126.0,2076.0,1876.0,2185.0,2234.0,2287.0,2235.0,2304.0,2264.0,2214.0,2152.0,2108.0,1887.0,1972.0,2184.0,2292.0,2320.0,2295.0,2221.0,2138.0,2092.0,2053.0,1839.0,1918.0,2147.0,2277.0,2299.0,2280.0,2204.0,2140.0,2082.0,2036.0,1831.0,1906.0,2144.0,2268.0,2296.0,2277.0,2208.0,2124.0,2065.0,2022.0,1822.0,1968.0,2081.0,2204.0,2309.0,2314.0
2048.0,2284.0,2416.0,2448.0,2416.0,2332.0,2268.0,2212.0,2172.0,1958.0,2041.0,2271.0,2397.0,2422.0,2396.0,2325.0,2252.0,2198.0,2150.0,1952.0,2089.0,2214.0,2320.0,2432.0,2430.0,2360.0,2280.0,2208.0,2157.0,1932.0,1988.0,2216.0,2336.0,2362.0,2336.0,2254.0,2181.0,2126.0,2076.0,1876.0,2185.0,2234.0,2287.0,2235.0,2304.0,2264.0,2214.0,2152.0,2108.0,1887.0,1972.0,2184.0,2292.0,2320.0,2295.0,2221.0,2138.0,2092.0,2053.0,1839.0,1918.0,2147.0,2277.0,2299.0,2280.0,2204.0,2140.0,2082.0,2036.0,1831.0,1906.0,2144.0,2268.0,2296.0,2277.0,2208.0,2124.0,2065.0,2022.0,1822.0,1968.0,2081.0,2204.0,2309.0,2314.0,2260.0,2168.0,2098.0,2032.0,1809.0,2112.0,2157.0,2195.0,2214.0,2174.0,2148.0,2088.0,2039.0,2007.0,1796.0
2325.0,2252.0,2198.0,2150.0,1952.0,2089.0,2214.0,2320.0,2432.0,2430.0,2360.0,2280.0,2208.0,2157.0,1932.0,1988.0,2216.0,2336.0,2362.0,2336.0,2254.0,2181.0,2126.0,2076.0,1876.0,2185.0,2234.0,2287.0,2235.0,2304.0,2264.0,2214.0,2152.0,2108.0,1887.0,1972.0,2184.0,2292.0,2320.0,2295.0,2221.0,2138.0,2092.0,2053.0,1839.0,1918.0,2147.0,2277.0,2299.0,2280.0,2204.0,2140.0,2082.0,2036.0,1831.0,1906.0,2144.0,2268.0,2296.0,2277.0,2208.0,2124.0,2065.0,2022.0,1822.0,1968.0,2081.0,2204.0,2309.0,2314.0,2260.0,2168.0,2098.0,2032.0,1809.0,2112.0,2157.0,2195.0,2214.0,2174.0,2148.0,2088.0,2039.0,2007.0,1796.0,1884.0,2116.0,2245.0,2266.0,2211.0,2177.0,2098.0,2039.0,1995.0,1788.0,1893.0,2113.0,2230.0,2251.0,2203.0
1988.0,2216.0,2336.0,2362.0,2336.0,2254.0,2181.0,2126.0,2076.0,1876.0,2185.0,2234.0,2287.0,2235.0,2304.0,2264.0,2214.0,2152.0,2108.0,1887.0,1972.0,2184.0,2292.0,2320.0,2295.0,2221.0,2138.0,2092.0,2053.0,1839.0,1918.0,2147.0,2277.0,2299.0,2280.0,2204.0,2140.0,2082.0,2036.0,1831.0,1906.0,2144.0,2268.0,2296.0,2277.0,2208.0,2124.0,2065.0,2022.0,1822.0,1968.0,2081.0,2204.0,2309.0,2314.0,2260.0,2168.0,2098.0,2032.0,1809.0,2112.0,2157.0,2195.0,2214.0,2174.0,2148.0,2088.0,2039.0,2007.0,1796.0,1884.0,2116.0,2245.0,2266.0,2211.0,2177.0,2098.0,2039.0,1995.0,1788.0,1893.0,2113.0,2230.0,2251.0,2203.0,2176.0,2098.0,2033.0,1989.0,1784.0,1872.0,2108.0,2220.0,2256.0,2202.0,2177.0,2096.0,2045.0,2000.0,1804.0
2264.0,2214.0,2152.0,2108.0,1887.0,1972.0,2184.0,2292.0,2320.0,2295.0,2221.0,2138.0,2092.0,2053.0,1839.0,1918.0,2147.0,2277.0,2299.0,2280.0,2204.0,2140.0,2082.0,2036.0,1831.0,1906.0,2144.0,2268.0,2296.0,2277.0,2208.0,2124.0,2065.0,2022.0,1822.0,1968.0,2081.0,2204.0,2309.0,2314.0,2260.0,2168.0,2098.0,2032.0,1809.0,2112.0,2157.0,2195.0,2214.0,2174.0,2148.0,2088.0,2039.0,2007.0,1796.0,1884.0,2116.0,2245.0,2266.0,2211.0,2177.0,2098.0,2039.0,1995.0,1788.0,1893.0,2113.0,2230.0,2251.0,2203.0,2176.0,2098.0,2033.0,1989.0,1784.0,1872.0,2108.0,2220.0,2256.0,2202.0,2177.0,2096.0,2045.0,2000.0,1804.0,1884.0,2124.0,2252.0,2272.0,2229.0,2201.0,2129.0,2058.0,2016.0,1802.0,2164.0,2181.0,2095.0,2224.0,2228.0
1918.0,2147.0,2277.0,2299.0,2280.0,2204.0,2140.0,2082.0,2036.0,1831.0,1906.0,2144.0,2268.0,2296.0,2277.0,2208.0,2124.0,2065.0,2022.0,1822.0,1968.0,2081.0,2204.0,2309.0,2314.0,2260.0,2168.0,2098.0,2032.0,1809.0,2112.0,2157.0,2195.0,2214.0,2174.0,2148.0,2088.0,2039.0,2007.0,1796.0,1884.0,2116.0,2245.0,2266.0,2211.0,2177.0,2098.0,2039.0,1995.0,1788.0,1893.0,2113.0,2230.0,2251.0,2203.0,2176.0,2098.0,2033.0,1989.0,1784.0,1872.0,2108.0,2220.0,2256.0,2202.0,2177.0,2096.0,2045.0,2000.0,1804.0,1884.0,2124.0,2252.0,2272.0,2229.0,2201.0,2129.0,2058.0,2016.0,1802.0,2164.0,2181.0,2095.0,2224.0,2228.0,2235.0,2152.0,2083.0,2020.0,1802.0,1884.0,2110.0,2227.0,2251.0,2196.0,2168.0,2090.0,2023.0,1975.0,1768.0
2208.0,2124.0,2065.0,2022.0,1822.0,1968.0,2081.0,2204.0,2309.0,2314.0,2260.0,2168.0,2098.0,2032.0,1809.0,2112.0,2157.0,2195.0,2214.0,2174.0,2148.0,2088.0,2039.0,2007.0,1796.0,1884.0,2116.0,2245.0,2266.0,2211.0,2177.0,2098.0,2039.0,1995.0,1788.0,1893.0,2113.0,2230.0,2251.0,2203.0,2176.0,2098.0,2033.0,1989.0,1784.0,1872.0,2108.0,2220.0,2256.0,2202.0,2177.0,2096.0,2045.0,2000.0,1804.0,1884.0,2124.0,2252.0,2272.0,2229.0,2201.0,2129.0,2058.0,2016.0,1802.0,2164.0,2181.0,2095.0,2224.0,2228.0,2235.0,2152.0,2083.0,2020.0,1802.0,1884.0,2110.0,2227.0,2251.0,2196.0,2168.0,2090.0,2023.0,1975.0,1768.0,1858.0,2101.0,2218.0,2245.0,2196.0,2184.0,2102.0,2032.0,1988.0,1776.0,1886.0,2098.0,2216.0,2241.0,2196.0
2112.0,2157.0,2195.0,2214.0,2174.0,2148.0,2088.0,2039.0,2007.0,1796.0,1884.0,2116.0,2245.0,2266.0,2211.0,2177.0,2098.0,2039.0,1995.0,1788.0,1893.0,2113.0,2230.0,2251.0,2203.0,2176.0,2098.0,2033.0,1989.0,1784.0,1872.0,2108.0,2220.0,2256.0,2202.0,2177.0,2096.0,2045.0,2000.0,1804.0,1884.0,2124.0,2252.0,2272.0,2229.0,2201.0,2129.0,2058.0,2016.0,1802.0,2164.0,2181.0,2095.0,2224.0,2228.0,2235.0,2152.0,2083.0,2020.0,1802.0,1884.0,2110.0,2227.0,2251.0,2196.0,2168.0,2090.0,2023.0,1975.0,1768.0,1858.0,2101.0,2218.0,2245.0,2196.0,2184.0,2102.0,2032.0,1988.0,1776.0,1886.0,2098.0,2216.0,2241.0,2196.0,2180.0,2107.0,2043.0,1998.0,1784.0,1881.0,2113.0,2224.0,2254.0,2196.0,2159.0,2106.0,2032.0,1989.0,1776.0
2177.0,2098.0,2039.0,1995.0,1788.0,1893.0,2113.0,2230.0,2251.0,2203.0,2176.0,2098.0,2033.0,1989.0,1784.0,1872.0,2108.0,2220.0,2256.0,2202.0,2177.0,2096.0,2045.0,2000.0,1804.0,1884.0,2124.0,2252.0,2272.0,2229.0,2201.0,2129.0,2058.0,2016.0,1802.0,2164.0,2181.0,2095.0,2224.0,2228.0,2235.0,2152.0,2083.0,2020.0,1802.0,1884.0,2110.0,2227.0,2251.0,2196.0,2168.0,2090.0,2023.0,1975.0,1768.0,1858.0,2101.0,2218.0,2245.0,2196.0,2184.0,2102.0,2032.0,1988.0,1776.0,1886.0,2098.0,2216.0,2241.0,2196.0,2180.0,2107.0,2043.0,1998.0,1784.0,1881.0,2113.0,2224.0,2254.0,2196.0,2159.0,2106.0,2032.0,1989.0,1776.0,2100.0,2149.0,2187.0,2133.0,2153.0,2164.0,2132.0,2064.0,2000.0,1785.0,1927.0,2049.0,2150.0,2256.0,2236.0
1872.0,2108.0,2220.0,2256.0,2202.0,2177.0,2096.0,2045.0,2000.0,1804.0,1884.0,2124.0,2252.0,2272.0,2229.0,2201.0,2129.0,2058.0,2016.0,1802.0,2164.0,2181.0,2095.0,2224.0,2228.0,2235.0,2152.0,2083.0,2020.0,1802.0,1884.0,2110.0,2227.0,2251.0,2196.0,2168.0,2090.0,2023.0,1975.0,1768.0,1858.0,2101.0,2218.0,2245.0,2196.0,2184.0,2102.0,2032.0,1988.0,1776.0,1886.0,2098.0,2216.0,2241.0,2196.0,2180.0,2107.0,2043.0,1998.0,1784.0,1881.0,2113.0,2224.0,2254.0,2196.0,2159.0,2106.0,2032.0,1989.0,1776.0,2100.0,2149.0,2187.0,2133.0,2153.0,2164.0,2132.0,2064.0,2000.0,1785.0,1927.0,2049.0,2150.0,2256.0,2236.0,2178.0,2137.0,2048.0,1982.0,1759.0,1832.0,2077.0,2188.0,2210.0,2159.0,2113.0,2078.0,2007.0,1950.0,1745.0
2201.0,2129.0,2058.0,2016.0,1802.0,2164.0,2181.0,2095.0,2224.0,2228.0,2235.0,2152.0,2083.0,2020.0,1802.0,1884.0,2110.0,2227.0,2251.0,2196.0,2168.0,2090.0,2023.0,1975.0,1768.0,1858.0,2101.0,2218.0,2245.0,2196.0,2184.0,2102.0,2032.0,1988.0,1776.0,1886.0,2098.0,2216.0,2241.0,2196.0,2180.0,2107.0,2043.0,1998.0,1784.0,1881.0,2113.0,2224.0,2254.0,2196.0,2159.0,2106.0,2032.0,1989.0,1776.0,2100.0,2149.0,2187.0,2133.0,2153.0,2164.0,2132.0,2064.0,2000.0,1785.0,1927.0,2049.0,2150.0,2256.0,2236.0,2178.0,2137.0,2048.0,1982.0,1759.0,1832.0,2077.0,2188.0,2210.0,2159.0,2113.0,2078.0,2007.0,1950.0,1745.0,1822.0,2072.0,2196.0,2218.0,2171.0,2112.0,2084.0,2012.0,1968.0,1752.0,1849.0,2072.0,2185.0,2208.0,2152.0
1884.0,2110.0,2227.0,2251.0,2196.0,2168.0,2090.0,2023.0,1975.0,1768.0,1858.0,2101.0,2218.0,2245.0,2196.0,2184.0,2102.0,2032.0,1988.0,1776.0,1886.0,2098.0,2216.0,2241.0,2196.0,2180.0,2107.0,2043.0,1998.0,1784.0,1881.0,2113.0,2224.0,2254.0,2196.0,2159.0,2106.0,2032.0,1989.0,1776.0,2100.0,2149.0,2187.0,2133.0,2153.0,2164.0,2132.0,2064.0,2000.0,1785.0,1927.0,2049.0,2150.0,2256.0,2236.0,2178.0,2137.0,2048.0,1982.0,1759.0,1832.0,2077.0,2188.0,2210.0,2159.0,2113.0,2078.0,2007.0,1950.0,1745.0,1822.0,2072.0,2196.0,2218.0,2171.0,2112.0,2084.0,2012.0,1968.0,1752.0,1849.0,2072.0,2185.0,2208.0,2152.0,2104.0,2076.0,2008.0,1952.0,1746.0,2061.0,2108.0,2154.0,2172.0,2140.0,2093.0,2078.0,2010.0,1959.0,1753.0
2184.0,2102.0,2032.0,1988.0,1776.0,1886.0,2098.0,2216.0,2241.0,2196.0,2180.0,2107.0,2043.0,1998.0,1784.0,1881.0,2113.0,2224.0,2254.0,2196.0,2159.0,2106.0,2032.0,1989.0,1776.0,2100.0,2149.0,2187.0,2133.0,2153.0,2164.0,2132.0,2064.0,2000.0,1785.0,1927.0,2049.0,2150.0,2256.0,2236.0,2178.0,2137.0,2048.0,1982.0,1759.0,1832.0,2077.0,2188.0,2210.0,2159.0,2113.0,2078.0,2007.0,1950.0,1745.0,1822.0,2072.0,2196.0,2218.0,2171.0,2112.0,2084.0,2012.0,1968.0,1752.0,1849.0,2072.0,2185.0,2208.0,2152.0,2104.0,2076.0,2008.0,1952.0,1746.0,2061.0,2108.0,2154.0,2172.0,2140.0,2093.0,2078.0,2010.0,1959.0,1753.0,1835.0,2086.0,2202.0,2232.0,2178.0,2133.0,2107.0,2026.0,1972.0,1752.0,1904.0,2013.0,2144.0,2251.0,2232.0
1881.0,2113.0,2224.0,2254.0,2196.0,2159.0,2106.0,2032.0,1989.0,1776.0,2100.0,2149.0,2187.0,2133.0,2153.0,2164.0,2132.0,2064.0,2000.0,1785.0,1927.0,2049.0,2150.0,2256.0,2236.0,2178.0,2137.0,2048.0,1982.0,1759.0,1832.0,2077.0,2188.0,2210.0,2159.0,2113.0,2078.0,2007.0,1950.0,1745.0,1822.0,2072.0,2196.0,2218.0,2171.0,2112.0,2084.0,2012.0,1968.0,1752.0,1849.0,2072.0,2185.0,2208.0,2152.0,2104.0,2076.0,2008.0,1952.0,1746.0,2061.0,2108.0,2154.0,2172.0,2140.0,2093.0,2078.0,2010.0,1959.0,1753.0,1835.0,2086.0,2202.0,2232.0,2178.0,2133.0,2107.0,2026.0,1972.0,1752.0,1904.0,2013.0,2144.0,2251.0,2232.0,2182.0,2155.0,2060.0,1974.0,1753.0,1819.0,2064.0,2176.0,2196.0,2140.0,2087.0,2073.0,2000.0,1946.0,1730.0
2164.0,2132.0,2064.0,2000.0,1785.0,1927.0,2049.0,2150.0,2256.0,2236.0,2178.0,2137.0,2048.0,1982.0,1759.0,1832.0,2077.0,2188.0,2210.0,2159.0,2113.0,2078.0,2007.0,1950.0,1745.0,1822.0,2072.0,2196.0,2218.0,2171.0,2112.0,2084.0,2012.0,1968.0,1752.0,1849.0,2072.0,2185.0,2208.0,2152.0,2104.0,2076.0,2008.0,1952.0,1746.0,2061.0,2108.0,2154.0,2172.0,2140.0,2093.0,2078.0,2010.0,1959.0,1753.0,1835.0,2086.0,2202.0,2232.0,2178.0,2133.0,2107.0,2026.0,1972.0,1752.0,1904.0,2013.0,2144.0,2251.0,2232.0,2182.0,2155.0,2060.0,1974.0,1753.0,1819.0,2064.0,2176.0,2196.0,2140.0,2087.0,2073.0,2000.0,1946.0,1730.0,1811.0,2055.0,2184.0,2213.0,2161.0,2117.0,2089.0,2029.0,1960.0,1750.0,2072.0,2121.0,2152.0,2167.0,2133.0
1832.0,2077.0,2188.0,2210.0,2159.0,2113.0,2078.0,2007.0,1950.0,1745.0,1822.0,2072.0,2196.0,2218.0,2171.0,2112.0,2084.0,2012.0,1968.0,1752.0,1849.0,2072.0,2185.0,2208.0,2152.0,2104.0,2076.0,2008.0,1952.0,1746.0,2061.0,2108.0,2154.0,2172.0,2140.0,2093.0,2078.0,2010.0,1959.0,1753.0,1835.0,2086.0,2202.0,2232.0,2178.0,2133.0,2107.0,2026.0,1972.0,1752.0,1904.0,2013.0,2144.0,2251.0,2232.0,2182.0,2155.0,2060.0,1974.0,1753.0,1819.0,2064.0,2176.0,2196.0,2140.0,2087.0,2073.0,2000.0,1946.0,1730.0,1811.0,2055.0,2184.0,2213.0,2161.0,2117.0,2089.0,2029.0,1960.0,1750.0,2072.0,2121.0,2152.0,2167.0,2133.0,2092.0,2082.0,2031.0,1977.0,1761.0,1850.0,2096.0,2224.0,2249.0,2193.0,2138.0,2088.0,2056.0,1989.0,1778.0
2112.0,2084.0,2012.0,1968.0,1752.0,1849.0,2072.0,2185.0,2208.0,2152.0,2104.0,2076.0,2008.0,1952.0,1746.0,2061.0,2108.0,2154.0,2172.0,2140.0,2093.0,2078.0,2010.0,1959.0,1753.0,1835.0,2086.0,2202.0,2232.0,2178.0,2133.0,2107.0,2026.0,1972.0,1752.0,1904.0,2013.0,2144.0,2251.0,2232.0,2182.0,2155.0,2060.0,1974.0,1753.0,1819.0,2064.0,2176.0,2196.0,2140.0,2087.0,2073.0,2000.0,1946.0,1730.0,1811.0,2055.0,2184.0,2213.0,2161.0,2117.0,2089.0,2029.0,1960.0,1750.0,2072.0,2121.0,2152.0,2167.0,2133.0,2092.0,2082.0,2031.0,1977.0,1761.0,1850.0,2096.0,2224.0,2249.0,2193.0,2138.0,2088.0,2056.0,1989.0,1778.0,1856.0,2097.0,2161.0,2132.0,2187.0,2206.0,2178.0,2144.0,2061.0,1819.0,1940.0,2048.0,2154.0,2248.0,2220.0
2061.0,2108.0,2154.0,2172.0,2140.0,2093.0,2078.0,2010.0,1959.0,1753.0,1835.0,2086.0,2202.0,2232.0,2178.0,2133.0,2107.0,2026.0,1972.0,1752.0,1904.0,2013.0,2144.0,2251.0,2232.0,2182.0,2155.0,2060.0,1974.0,1753.0,1819.0,2064.0,2176.0,2196.0,2140.0,2087.0,2073.0,2000.0,1946.0,1730.0,1811.0,2055.0,2184.0,2213.0,2161.0,2117.0,2089.0,2029.0,1960.0,1750.0,2072.0,2121.0,2152.0,2167.0,2133.0,2092.0,2082.0,2031.0,1977.0,1761.0,1850.0,2096.0,2224.0,2249.0,2193.0,2138.0,2088.0,2056.0,1989.0,1778.0,1856.0,2097.0,2161.0,2132.0,2187.0,2206.0,2178.0,2144.0,2061.0,1819.0,1940.0,2048.0,2154.0,2248.0,2220.0,2172.0,2102.0,2082.0,1984.0,1746.0,1816.0,2052.0,2176.0,2186.0,2133.0,2080.0,2032.0,2012.0,1946.0,1735.0
2133.0,2107.0,2026.0,1972.0,1752.0,1904.0,2013.0,2144.0,2251.0,2232.0,2182.0,2155.0,2060.0,1974.0,1753.0,1819.0,2064.0,2176.0,2196.0,2140.0,2087.0,2073.0,2000.0,1946.0,1730.0,1811.0,2055.0,2184.0,2213.0,2161.0,2117.0,2089.0,2029.0,1960.0,1750.0,2072.0,2121.0,2152.0,2167.0,2133.0,2092.0,2082.0,2031.0,1977.0,1761.0,1850.0,2096.0,2224.0,2249.0,2193.0,2138.0,2088.0,2056.0,1989.0,1778.0,1856.0,2097.0,2161.0,2132.0,2187.0,2206.0,2178.0,2144.0,2061.0,1819.0,1940.0,2048.0,2154.0,2248.0,2220.0,2172.0,2102.0,2082.0,1984.0,1746.0,1816.0,2052.0,2176.0,2186.0,2133.0,2080.0,2032.0,2012.0,1946.0,1735.0,2042.0,2099.0,2144.0,2096.0,2128.0,2132.0,2100.0,2083.0,2014.0,1792.0,1878.0,2090.0,2223.0,2234.0,2180.0
1819.0,2064.0,2176.0,2196.0,2140.0,2087.0,2073.0,2000.0,1946.0,1730.0,1811.0,2055.0,2184.0,2213.0,2161.0,2117.0,2089.0,2029.0,1960.0,1750.0,2072.0,2121.0,2152.0,2167.0,2133.0,2092.0,2082.0,2031.0,1977.0,1761.0,1850.0,2096.0,2224.0,2249.0,2193.0,2138.0,2088.0,2056.0,1989.0,1778.0,1856.0,2097.0,2161.0,2132.0,2187.0,2206.0,2178.0,2144.0,2061.0,1819.0,1940.0,2048.0,2154.0,2248.0,2220.0,2172.0,2102.0,2082.0,1984.0,1746.0,1816.0,2052.0,2176.0,2186.0,2133.0,2080.0,2032.0,2012.0,1946.0,1735.0,2042.0,2099.0,2144.0,2096.0,2128.0,2132.0,2100.0,2083.0,2014.0,1792.0,1878.0,2090.0,2223.0,2234.0,2180.0,2120.0,2074.0,2064.0,1991.0,1776.0,1794.0,2093.0,2212.0,2249.0,2193.0,2147.0,2104.0,2084.0,2018.0,1793.0
2117.0,2089.0,2029.0,1960.0,1750.0,2072.0,2121.0,2152.0,2167.0,2133.0,2092.0,2082.0,2031.0,1977.0,1761.0,1850.0,2096.0,2224.0,2249.0,2193.0,2138.0,2088.0,2056.0,1989.0,1778.0,1856.0,2097.0,2161.0,2132.0,2187.0,2206.0,2178.0,2144.0,2061.0,1819.0,1940.0,2048.0,2154.0,2248.0,2220.0,2172.0,2102.0,2082.0,1984.0,1746.0,1816.0,2052.0,2176.0,2186.0,2133.0,2080.0,2032.0,2012.0,1946.0,1735.0,2042.0,2099.0,2144.0,2096.0,2128.0,2132.0,2100.0,2083.0,2014.0,1792.0,1878.0,2090.0,2223.0,2234.0,2180.0,2120.0,2074.0,2064.0,1991.0,1776.0,1794.0,2093.0,2212.0,2249.0,2193.0,2147.0,2104.0,2084.0,2018.0,1793.0,1872.0,2121.0,2243.0,2259.0,2206.0,2160.0,2114.0,2101.0,2029.0,1808.0,1939.0,2050.0,2186.0,2284.0,2264.0
1850.0,2096.0,2224.0,2249.0,2193.0,2138.0,2088.0,2056.0,1989.0,1778.0,1856.0,2097.0,2161.0,2132.0,2187.0,2206.0,2178.0,2144.0,2061.0,1819.0,1940.0,2048.0,2154.0,2248.0,2220.0,2172.0,2102.0,2082.0,1984.0,1746.0,1816.0,2052.0,2176.0,2186.0,2133.0,2080.0,2032.0,2012.0,1946.0,1735.0,2042.0,2099.0,2144.0,2096.0,2128.0,2132.0,2100.0,2083.0,2014.0,1792.0,1878.0,2090.0,2223.0,2234.0,2180.0,2120.0,2074.0,2064.0,1991.0,1776.0,1794.0,2093.0,2212.0,2249.0,2193.0,2147.0,2104.0,2084.0,2018.0,1793.0,1872.0,2121.0,2243.0,2259.0,2206.0,2160.0,2114.0,2101.0,2029.0,1808.0,1939.0,2050.0,2186.0,2284.0,2264.0,2209.0,2148.0,2111.0,2041.0,1800.0,2083.0,2138.0,2176.0,2201.0,2153.0,2118.0,2077.0,2068.0,2024.0,1809.0
2206.0,2178.0,2144.0,2061.0,1819.0,1940.0,2048.0,2154.0,2248.0,2220.0,2172.0,2102.0,2082.0,1984.0,1746.0,1816.0,2052.0,2176.0,2186.0,2133.0,2080.0,2032.0,2012.0,1946.0,1735.0,2042.0,2099.0,2144.0,2096.0,2128.0,2132.0,2100.0,2083.0,2014.0,1792.0,1878.0,2090.0,2223.0,2234.0,2180.0,2120.0,2074.0,2064.0,1991.0,1776.0,1794.0,2093.0,2212.0,2249.0,2193.0,2147.0,2104.0,2084.0,2018.0,1793.0,1872.0,2121.0,2243.0,2259.0,2206.0,2160.0,2114.0,2101.0,2029.0,1808.0,1939.0,2050.0,2186.0,2284.0,2264.0,2209.0,2148.0,2111.0,2041.0,1800.0,2083.0,2138.0,2176.0,2201.0,2153.0,2118.0,2077.0,2068.0,2024.0,1809.0,1882.0,2119.0,2244.0,2264.0,2218.0,2157.0,2112.0,2055.0,2030.0,1801.0,1882.0,2106.0,2219.0,2254.0,2194.0
1816.0,2052.0,2176.0,2186.0,2133.0,2080.0,2032.0,2012.0,1946.0,1735.0,2042.0,2099.0,2144.0,2096.0,2128.0,2132.0,2100.0,2083.0,2014.0,1792.0,1878.0,2090.0,2223.0,2234.0,2180.0,2120.0,2074.0,2064.0,1991.0,1776.0,1794.0,2093.0,2212.0,2249.0,2193.0,2147.0,2104.0,2084.0,2018.0,1793.0,1872.0,2121.0,2243.0,2259.0,2206.0,2160.0,2114.0,2101.0,2029.0,1808.0,1939.0,2050.0,2186.0,2284.0,2264.0,2209.0,2148.0,2111.0,2041.0,1800.0,2083.0,2138.0,2176.0,2201.0,2153.0,2118.0,2077.0,2068.0,2024.0,1809.0,1882.0,2119.0,2244.0,2264.0,2218.0,2157.0,2112.0,2055.0,2030.0,1801.0,1882.0,2106.0,2219.0,2254.0,2194.0,2145.0,2097.0,2057.0,2030.0,1795.0,1866.0,2097.0,2224.0,2244.0,2194.0,2144.0,2103.0,2048.0,2026.0,1801.0
2132.0,2100.0,2083.0,2014.0,1792.0,1878.0,2090.0,2223.0,2234.0,2180.0,2120.0,2074.0,2064.0,1991.0,1776.0,1794.0,2093.0,2212.0,2249.0,2193.0,2147.0,2104.0,2084.0,2018.0,1793.0,1872.0,2121.0,2243.0,2259.0,2206.0,2160.0,2114.0,2101.0,2029.0,1808.0,1939.0,2050.0,2186.0,2284.0,2264.0,2209.0,2148.0,2111.0,2041.0,1800.0,2083.0,2138.0,2176.0,2201.0,2153.0,2118.0,2077.0,2068.0,2024.0,1809.0,1882.0,2119.0,2244.0,2264.0,2218.0,2157.0,2112.0,2055.0,2030.0,1801.0,1882.0,2106.0,2219.0,2254.0,2194.0,2145.0,2097.0,2057.0,2030.0,1795.0,1866.0,2097.0,2224.0,2244.0,2194.0,2144.0,2103.0,2048.0,2026.0,1801.0,1861.0,2099.0,2220.0,2248.0,2194.0,2151.0,2097.0,2048.0,2028.0,1802.0,2150.0,2162.0,2083.0,2199.0,2209.0
1794.0,2093.0,2212.0,2249.0,2193.0,2147.0,2104.0,2084.0,2018.0,1793.0,1872.0,2121.0,2243.0,2259.0,2206.0,2160.0,2114.0,2101.0,2029.0,1808.0,1939.0,2050.0,2186.0,2284.0,2264.0,2209.0,2148.0,2111.0,2041.0,1800.0,2083.0,2138.0,2176.0,2201.0,2153.0,2118.0,2077.0,2068.0,2024.0,1809.0,1882.0,2119.0,2244.0,2264.0,2218.0,2157.0,2112.0,2055.0,2030.0,1801.0,1882.0,2106.0,2219.0,2254.0,2194.0,2145.0,2097.0,2057.0,2030.0,1795.0,1866.0,2097.0,2224.0,2244.0,2194.0,2144.0,2103.0,2048.0,2026.0,1801.0,1861.0,2099.0,2220.0,2248.0,2194.0,2151.0,2097.0,2048.0,2028.0,1802.0,2150.0,2162.0,2083.0,2199.0,2209.0,2185.0,2138.0,2080.0,2052.0,1817.0,1871.0,2106.0,2208.0,2235.0,2174.0,2109.0,2064.0,2011.0,2008.0,1772.0
2160.0,2114.0,2101.0,2029.0,1808.0,1939.0,2050.0,2186.0,2284.0,2264.0,2209.0,2148.0,2111.0,2041.0,1800.0,2083.0,2138.0,2176.0,2201.0,2153.0,2118.0,2077.0,2068.0,2024.0,1809.0,1882.0,2119.0,2244.0,2264.0,2218.0,2157.0,2112.0,2055.0,2030.0,1801.0,1882.0,2106.0,2219.0,2254.0,2194.0,2145.0,2097.0,2057.0,2030.0,1795.0,1866.0,2097.0,2224.0,2244.0,2194.0,2144.0,2103.0,2048.0,2026.0,1801.0,1861.0,2099.0,2220.0,2248.0,2194.0,2151.0,2097.0,2048.0,2028.0,1802.0,2150.0,2162.0,2083.0,2199.0,2209.0,2185.0,2138.0,2080.0,2052.0,1817.0,1871.0,2106.0,2208.0,2235.0,2174.0,2109.0,2064.0,2011.0,2008.0,1772.0,1837.0,2076.0,2195.0,2220.0,2280.0,2108.0,2006.0,1956.0,1956.0,1748.0,1851.0,2101.0,2208.0,2231.0,2180.0
2083.0,2138.0,2176.0,2201.0,2153.0,2118.0,2077.0,2068.0,2024.0,1809.0,1882.0,2119.0,2244.0,2264.0,2218.0,2157.0,2112.0,2055.0,2030.0,1801.0,1882.0,2106.0,2219.0,2254.0,2194.0,2145.0,2097.0,2057.0,2030.0,1795.0,1866.0,2097.0,2224.0,2244.0,2194.0,2144.0,2103.0,2048.0,2026.0,1801.0,1861.0,2099.0,2220.0,2248.0,2194.0,2151.0,2097.0,2048.0,2028.0,1802.0,2150.0,2162.0,2083.0,2199.0,2209.0,2185.0,2138.0,2080.0,2052.0,1817.0,1871.0,2106.0,2208.0,2235.0,2174.0,2109.0,2064.0,2011.0,2008.0,1772.0,1837.0,2076.0,2195.0,2220.0,2280.0,2108.0,2006.0,1956.0,1956.0,1748.0,1851.0,2101.0,2208.0,2231.0,2180.0,2126.0,2080.0,2022.0,2020.0,1798.0,1849.0,2080.0,2186.0,2208.0,2148.0,2100.0,2048.0,1996.0,1968.0,1761.0
2157.0,2112.0,2055.0,2030.0,1801.0,1882.0,2106.0,2219.0,2254.0,2194.0,2145.0,2097.0,2057.0,2030.0,1795.0,1866.0,2097.0,2224.0,2244.0,2194.0,2144.0,2103.0,2048.0,2026.0,1801.0,1861.0,2099.0,2220.0,2248.0,2194.0,2151.0,2097.0,2048.0,2028.0,1802.0,2150.0,2162.0,2083.0,2199.0,2209.0,2185.0,2138.0,2080.0,2052.0,1817.0,1871.0,2106.0,2208.0,2235.0,2174.0,2109.0,2064.0,2011.0,2008.0,1772.0,1837.0,2076.0,2195.0,2220.0,2280.0,2108.0,2006.0,1956.0,1956.0,1748.0,1851.0,2101.0,2208.0,2231.0,2180.0,2126.0,2080.0,2022.0,2020.0,1798.0,1849.0,2080.0,2186.0,2208.0,2148.0,2100.0,2048.0,1996.0,1968.0,1761.0,2040.0,2090.0,2121.0,2064.0,2097.0,2100.0,2078.0,2036.0,1993.0,1800.0,1917.0,2022.0,2140.0,2242.0,2219.0
1866.0,2097.0,2224.0,2244.0,2194.0,2144.0,2103.0,2048.0,2026.0,1801.0,1861.0,2099.0,2220.0,2248.0,2194.0,2151.0,2097.0,2048.0,2028.0,1802.0,2150.0,2162.0,2083.0,2199.0,2209.0,2185.0,2138.0,2080.0,2052.0,1817.0,1871.0,2106.0,2208.0,2235.0,2174.0,2109.0,2064.0,2011.0,2008.0,1772.0,1837.0,2076.0,2195.0,2220.0,2280.0,2108.0,2006.0,1956.0,1956.0,1748.0,1851.0,2101.0,2208.0,2231.0,2180.0,2126.0,2080.0,2022.0,2020.0,1798.0,1849.0,2080.0,2186.0,2208.0,2148.0,2100.0,2048.0,1996.0,1968.0,1761.0,2040.0,2090.0,2121.0,2064.0,2097.0,2100.0,2078.0,2036.0,1993.0,1800.0,1917.0,2022.0,2140.0,2242.0,2219.0,2160.0,2092.0,2030.0,1962.0,1770.0,1814.0,2048.0,2168.0,2185.0,2139.0,2086.0,2039.0,1992.0,1949.0,1779.0
2151.0,2097.0,2048.0,2028.0,1802.0,2150.0,2162.0,2083.0,2199.0,2209.0,2185.0,2138.0,2080.0,2052.0,1817.0,1871.0,2106.0,2208.0,2235.0,2174.0,2109.0,2064.0,2011.0,2008.0,1772.0,1837.0,2076.0,2195.0,2220.0,2280.0,2108.0,2006.0,1956.0,1956.0,1748.0,1851.0,2101.0,2208.0,2231.0,2180.0,2126.0,2080.0,2022.0,2020.0,1798.0,1849.0,2080.0,2186.0,2208.0,2148.0,2100.0,2048.0,1996.0,1968.0,1761.0,2040.0,2090.0,2121.0,2064.0,2097.0,2100.0,2078.0,2036.0,1993.0,1800.0,1917.0,2022.0,2140.0,2242.0,2219.0,2160.0,2092.0,2030.0,1962.0,1770.0,1814.0,2048.0,2168.0,2185.0,2139.0,2086.0,2039.0,1992.0,1949.0,1779.0,1830.0,2078.0,2183.0,2214.0,2167.0,2116.0,2064.0,2016.0,1972.0,1794.0,1857.0,2079.0,2185.0,2204.0,2160.0
1871.0,2106.0,2208.0,2235.0,2174.0,2109.0,2064.0,2011.0,2008.0,1772.0,1837.0,2076.0,2195.0,2220.0,2280.0,2108.0,2006.0,1956.0,1956.0,1748.0,1851.0,2101.0,2208.0,2231.0,2180.0,2126.0,2080.0,2022.0,2020.0,1798.0,1849.0,2080.0,2186.0,2208.0,2148.0,2100.0,2048.0,1996.0,1968.0,1761.0,2040.0,2090.0,2121.0,2064.0,2097.0,2100.0,2078.0,2036.0,1993.0,1800.0,1917.0,2022.0,2140.0,2242.0,2219.0,2160.0,2092.0,2030.0,1962.0,1770.0,1814.0,2048.0,2168.0,2185.0,2139.0,2086.0,2039.0,1992.0,1949.0,1779.0,1830.0,2078.0,2183.0,2214.0,2167.0,2116.0,2064.0,2016.0,1972.0,1794.0,1857.0,2079.0,2185.0,2204.0,2160.0,2109.0,2058.0,2013.0,1964.0,1799.0,2068.0,2120.0,2152.0,2181.0,2148.0,2102.0,2059.0,2012.0,1975.0,1808.0
2108.0,2006.0,1956.0,1956.0,1748.0,1851.0,2101.0,2208.0,2231.0,2180.0,2126.0,2080.0,2022.0,2020.0,1798.0,1849.0,2080.0,2186.0,2208.0,2148.0,2100.0,2048.0,1996.0,1968.0,1761.0,2040.0,2090.0,2121.0,2064.0,2097.0,2100.0,2078.0,2036.0,1993.0,1800.0,1917.0,2022.0,2140.0,2242.0,2219.0,2160.0,2092.0,2030.0,1962.0,1770.0,1814.0,2048.0,2168.0,2185.0,2139.0,2086.0,2039.0,1992.0,1949.0,1779.0,1830.0,2078.0,2183.0,2214.0,2167.0,2116.0,2064.0,2016.0,1972.0,1794.0,1857.0,2079.0,2185.0,2204.0,2160.0,2109.0,2058.0,2013.0,1964.0,1799.0,2068.0,2120.0,2152.0,2181.0,2148.0,2102.0,2059.0,2012.0,1975.0,1808.0,1858.0,2101.0,2207.0,2226.0,2180.0,2120.0,2064.0,2025.0,1976.0,1823.0,1934.0,2032.0,2151.0,2249.0,2228.0
1849.0,2080.0,2186.0,2208.0,2148.0,2100.0,2048.0,1996.0,1968.0,1761.0,2040.0,2090.0,2121.0,2064.0,2097.0,2100.0,2078.0,2036.0,1993.0,1800.0,1917.0,2022.0,2140.0,2242.0,2219.0,2160.0,2092.0,2030.0,1962.0,1770.0,1814.0,2048.0,2168.0,2185.0,2139.0,2086.0,2039.0,1992.0,1949.0,1779.0,1830.0,2078.0,2183.0,2214.0,2167.0,2116.0,2064.0,2016.0,1972.0,1794.0,1857.0,2079.0,2185.0,2204.0,2160.0,2109.0,2058.0,2013.0,1964.0,1799.0,2068.0,2120.0,2152.0,2181.0,2148.0,2102.0,2059.0,2012.0,1975.0,1808.0,1858.0,2101.0,2207.0,2226.0,2180.0,2120.0,2064.0,2025.0,1976.0,1823.0,1934.0,2032.0,2151.0,2249.0,2228.0,2183.0,2130.0,2064.0,2001.0,1821.0,1868.0,2096.0,2196.0,2218.0,2162.0,2115.0,2063.0,2021.0,1976.0,1816.0
2100.0,2078.0,2036.0,1993.0,1800.0,1917.0,2022.0,2140.0,2242.0,2219.0,2160.0,2092.0,2030.0,1962.0,1770.0,1814.0,2048.0,2168.0,2185.0,2139.0,2086.0,2039.0,1992.0,1949.0,1779.0,1830.0,2078.0,2183.0,2214.0,2167.0,2116.0,2064.0,2016.0,1972.0,1794.0,1857.0,2079.0,2185.0,2204.0,2160.0,2109.0,2058.0,2013.0,1964.0,1799.0,2068.0,2120.0,2152.0,2181.0,2148.0,2102.0,2059.0,2012.0,1975.0,1808.0,1858.0,2101.0,2207.0,2226.0,2180.0,2120.0,2064.0,2025.0,1976.0,1823.0,1934.0,2032.0,2151.0,2249.0,2228.0,2183.0,2130.0,2064.0,2001.0,1821.0,1868.0,2096.0,2196.0,2218.0,2162.0,2115.0,2063.0,2021.0,1976.0,1816.0,1867.0,2099.0,2209.0,2232.0,2186.0,2133.0,2089.0,2034.0,1992.0,1815.0,2112.0,2148.0,2168.0,2186.0,2139.0
1814.0,2048.0,2168.0,2185.0,2139.0,2086.0,2039.0,1992.0,1949.0,1779.0,1830.0,2078.0,2183.0,2214.0,2167.0,2116.0,2064.0,2016.0,1972.0,1794.0,1857.0,2079.0,2185.0,2204.0,2160.0,2109.0,2058.0,2013.0,1964.0,1799.0,2068.0,2120.0,2152.0,2181.0,2148.0,2102.0,2059.0,2012.0,1975.0,1808.0,1858.0,2101.0,2207.0,2226.0,2180.0,2120.0,2064.0,2025.0,1976.0,1823.0,1934.0,2032.0,2151.0,2249.0,2228.0,2183.0,2130.0,2064.0,2001.0,1821.0,1868.0,2096.0,2196.0,2218.0,2162.0,2115.0,2063.0,2021.0,1976.0,1816.0,1867.0,2099.0,2209.0,2232.0,2186.0,2133.0,2089.0,2034.0,1992.0,1815.0,2112.0,2148.0,2168.0,2186.0,2139.0,2110.0,2064.0,2027.0,1986.0,1826.0,1884.0,2118.0,2224.0,2240.0,2189.0,2140.0,2092.0,2043.0,1996.0,1808.0
2116.0,2064.0,2016.0,1972.0,1794.0,1857.0,2079.0,2185.0,2204.0,2160.0,2109.0,2058.0,2013.0,1964.0,1799.0,2068.0,2120.0,2152.0,2181.0,2148.0,2102.0,2059.0,2012.0,1975.0,1808.0,1858.0,2101.0,2207.0,2226.0,2180.0,2120.0,2064.0,2025.0,1976.0,1823.0,1934.0,2032.0,2151.0,2249.0,2228.0,2183.0,2130.0,2064.0,2001.0,1821.0,1868.0,2096.0,2196.0,2218.0,2162.0,2115.0,2063.0,2021.0,1976.0,1816.0,1867.0,2099.0,2209.0,2232.0,2186.0,2133.0,2089.0,2034.0,1992.0,1815.0,2112.0,2148.0,2168.0,2186.0,2139.0,2110.0,2064.0,2027.0,1986.0,1826.0,1884.0,2118.0,2224.0,2240.0,2189.0,2140.0,2092.0,2043.0,1996.0,1808.0,1896.0,2137.0,2229.0,2246.0,2195.0,2153.0,2096.0,2040.0,2001.0,1801.0,1969.0,2052.0,2158.0,2258.0,2239.0
2068.0,2120.0,2152.0,2181.0,2148.0,2102.0,2059.0,2012.0,1975.0,1808.0,1858.0,2101.0,2207.0,2226.0,2180.0,2120.0,2064.0,2025.0,1976.0,1823.0,1934.0,2032.0,2151.0,2249.0,2228.0,2183.0,2130.0,2064.0,2001.0,1821.0,1868.0,2096.0,2196.0,2218.0,2162.0,2115.0,2063.0,2021.0,1976.0,1816.0,1867.0,2099.0,2209.0,2232.0,2186.0,2133.0,2089.0,2034.0,1992.0,1815.0,2112.0,2148.0,2168.0,2186.0,2139.0,2110.0,2064.0,2027.0,1986.0,1826.0,1884.0,2118.0,2224.0,2240.0,2189.0,2140.0,2092.0,2043.0,1996.0,1808.0,1896.0,2137.0,2229.0,2246.0,2195.0,2153.0,2096.0,2040.0,2001.0,1801.0,1969.0,2052.0,2158.0,2258.0,2239.0,2196.0,2127.0,2064.0,2000.0,1792.0,1871.0,2098.0,2188.0,2209.0,2157.0,2108.0,2058.0,2007.0,1961.0,1767.0
2120.0,2064.0,2025.0,1976.0,1823.0,1934.0,2032.0,2151.0,2249.0,2228.0,2183.0,2130.0,2064.0,2001.0,1821.0,1868.0,2096.0,2196.0,2218.0,2162.0,2115.0,2063.0,2021.0,1976.0,1816.0,1867.0,2099.0,2209.0,2232.0,2186.0,2133.0,2089.0,2034.0,1992.0,1815.0,2112.0,2148.0,2168.0,2186.0,2139.0,2110.0,2064.0,2027.0,1986.0,1826.0,1884.0,2118.0,2224.0,2240.0,2189.0,2140.0,2092.0,2043.0,1996.0,1808.0,1896.0,2137.0,2229.0,2246.0,2195.0,2153.0,2096.0,2040.0,2001.0,1801.0,1969.0,2052.0,2158.0,2258.0,2239.0,2196.0,2127.0,2064.0,2000.0,1792.0,1871.0,2098.0,2188.0,2209.0,2157.0,2108.0,2058.0,2007.0,1961.0,1767.0,2043.0,2124.0,2157.0,2094.0,2124.0,2137.0,2105.0,2066.0,2014.0,1812.0,1944.0,2123.0,2215.0,2227.0,2176.0
1868.0,2096.0,2196.0,2218.0,2162.0,2115.0,2063.0,2021.0,1976.0,1816.0,1867.0,2099.0,2209.0,2232.0,2186.0,2133.0,2089.0,2034.0,1992.0,1815.0,2112.0,2148.0,2168.0,2186.0,2139.0,2110.0,2064.0,2027.0,1986.0,1826.0,1884.0,2118.0,2224.0,2240.0,2189.0,2140.0,2092.0,2043.0,1996.0,1808.0,1896.0,2137.0,2229.0,2246.0,2195.0,2153.0,2096.0,2040.0,2001.0,1801.0,1969.0,2052.0,2158.0,2258.0,2239.0,2196.0,2127.0,2064.0,2000.0,1792.0,1871.0,2098.0,2188.0,2209.0,2157.0,2108.0,2058.0,2007.0,1961.0,1767.0,2043.0,2124.0,2157.0,2094.0,2124.0,2137.0,2105.0,2066.0,2014.0,1812.0,1944.0,2123.0,2215.0,2227.0,2176.0,2128.0,2080.0,2025.0,1978.0,1792.0,1900.0,2134.0,2228.0,2249.0,2191.0,2150.0,2096.0,2052.0,1994.0,1804.0
2133.0,2089.0,2034.0,1992.0,1815.0,2112.0,2148.0,2168.0,2186.0,2139.0,2110.0,2064.0,2027.0,1986.0,1826.0,1884.0,2118.0,2224.0,2240.0,2189.0,2140.0,2092.0,2043.0,1996.0,1808.0,1896.0,2137.0,2229.0,2246.0,2195.0,2153.0,2096.0,2040.0,2001.0,1801.0,1969.0,2052.0,2158.0,2258.0,2239.0,2196.0,2127.0,2064.0,2000.0,1792.0,1871.0,2098.0,2188.0,2209.0,2157.0,2108.0,2058.0,2007.0,1961.0,1767.0,2043.0,2124.0,2157.0,2094.0,2124.0,2137.0,2105.0,2066.0,2014.0,1812.0,1944.0,2123.0,2215.0,2227.0,2176.0,2128.0,2080.0,2025.0,1978.0,1792.0,1900.0,2134.0,2228.0,2249.0,2191.0,2150.0,2096.0,2052.0,1994.0,1804.0,1912.0,2144.0,2233.0,2240.0,2187.0,2138.0,2088.0,2043.0,1996.0,1801.0,2010.0,2087.0,2165.0,2262.0,2235.0
1884.0,2118.0,2224.0,2240.0,2189.0,2140.0,2092.0,2043.0,1996.0,1808.0,1896.0,2137.0,2229.0,2246.0,2195.0,2153.0,2096.0,2040.0,2001.0,1801.0,1969.0,2052.0,2158.0,2258.0,2239.0,2196.0,2127.0,2064.0,2000.0,1792.0,1871.0,2098.0,2188.0,2209.0,2157.0,2108.0,2058.0,2007.0,1961.0,1767.0,2043.0,2124.0,2157.0,2094.0,2124.0,2137.0,2105.0,2066.0,2014.0,1812.0,1944.0,2123.0,2215.0,2227.0,2176.0,2128.0,2080.0,2025.0,1978.0,1792.0,1900.0,2134.0,2228.0,2249.0,2191.0,2150.0,2096.0,2052.0,1994.0,1804.0,1912.0,2144.0,2233.0,2240.0,2187.0,2138.0,2088.0,2043.0,1996.0,1801.0,2010.0,2087.0,2165.0,2262.0,2235.0,2189.0,2128.0,2075.0,1998.0,1793.0,2140.0,2163.0,2168.0,2165.0,2116.0,2068.0,2036.0,1993.0,1946.0,1764.0
2153.0,2096.0,2040.0,2001.0,1801.0,1969.0,2052.0,2158.0,2258.0,2239.0,2196.0,2127.0,2064.0,2000.0,1792.0,1871.0,2098.0,2188.0,2209.0,2157.0,2108.0,2058.0,2007.0,1961.0,1767.0,2043.0,2124.0,2157.0,2094.0,2124.0,2137.0,2105.0,2066.0,2014.0,1812.0,1944.0,2123.0,2215.0,2227.0,2176.0,2128.0,2080.0,2025.0,1978.0,1792.0,1900.0,2134.0,2228.0,2249.0,2191.0,2150.0,2096.0,2052.0,1994.0,1804.0,1912.0,2144.0,2233.0,2240.0,2187.0,2138.0,2088.0,2043.0,1996.0,1801.0,2010.0,2087.0,2165.0,2262.0,2235.0,2189.0,2128.0,2075.0,1998.0,1793.0,2140.0,2163.0,2168.0,2165.0,2116.0,2068.0,2036.0,1993.0,1946.0,1764.0,1840.0,2124.0,2201.0,2212.0,2148.0,2095.0,2050.0,2001.0,1959.0,1764.0,1857.0,2122.0,2205.0,2204.0,2152.0
1871.0,2098.0,2188.0,2209.0,2157.0,2108.0,2058.0,2007.0,1961.0,1767.0,2043.0,2124.0,2157.0,2094.0,2124.0,2137.0,2105.0,2066.0,2014.0,1812.0,1944.0,2123.0,2215.0,2227.0,2176.0,2128.0,2080.0,2025.0,1978.0,1792.0,1900.0,2134.0,2228.0,2249.0,2191.0,2150.0,2096.0,2052.0,1994.0,1804.0,1912.0,2144.0,2233.0,2240.0,2187.0,2138.0,2088.0,2043.0,1996.0,1801.0,2010.0,2087.0,2165.0,2262.0,2235.0,2189.0,2128.0,2075.0,1998.0,1793.0,2140.0,2163.0,2168.0,2165.0,2116.0,2068.0,2036.0,1993.0,1946.0,1764.0,1840.0,2124.0,2201.0,2212.0,2148.0,2095.0,2050.0,2001.0,1959.0,1764.0,1857.0,2122.0,2205.0,2204.0,2152.0,2104.0,2059.0,2013.0,1962.0,1780.0,1852.0,2153.0,2224.0,2225.0,2161.0,2110.0,2067.0,2008.0,1960.0,1760.0
2137.0,2105.0,2066.0,2014.0,1812.0,1944.0,2123.0,2215.0,2227.0,2176.0,2128.0,2080.0,2025.0,1978.0,1792.0,1900.0,2134.0,2228.0,2249.0,2191.0,2150.0,2096.0,2052.0,1994.0,1804.0,1912.0,2144.0,2233.0,2240.0,2187.0,2138.0,2088.0,2043.0,1996.0,1801.0,2010.0,2087.0,2165.0,2262.0,2235.0,2189.0,2128.0,2075.0,1998.0,1793.0,2140.0,2163.0,2168.0,2165.0,2116.0,2068.0,2036.0,1993.0,1946.0,1764.0,1840.0,2124.0,2201.0,2212.0,2148.0,2095.0,2050.0,2001.0,1959.0,1764.0,1857.0,2122.0,2205.0,2204.0,2152.0,2104.0,2059.0,2013.0,1962.0,1780.0,1852.0,2153.0,2224.0,2225.0,2161.0,2110.0,2067.0,2008.0,1960.0,1760.0,1841.0,2112.0,2201.0,2194.0,2131.0,2076.0,2031.0,1986.0,1932.0,1749.0,2104.0,2159.0,2037.0,2144.0,2144.0
1900.0,2134.0,2228.0,2249.0,2191.0,2150.0,2096.0,2052.0,1994.0,1804.0,1912.0,2144.0,2233.0,2240.0,2187.0,2138.0,2088.0,2043.0,1996.0,1801.0,2010.0,2087.0,2165.0,2262.0,2235.0,2189.0,2128.0,2075.0,1998.0,1793.0,2140.0,2163.0,2168.0,2165.0,2116.0,2068.0,2036.0,1993.0,1946.0,1764.0,1840.0,2124.0,2201.0,2212.0,2148.0,2095.0,2050.0,2001.0,1959.0,1764.0,1857.0,2122.0,2205.0,2204.0,2152.0,2104.0,2059.0,2013.0,1962.0,1780.0,1852.0,2153.0,2224.0,2225.0,2161.0,2110.0,2067.0,2008.0,1960.0,1760.0,1841.0,2112.0,2201.0,2194.0,2131.0,2076.0,2031.0,1986.0,1932.0,1749.0,2104.0,2159.0,2037.0,2144.0,2144.0,2110.0,2074.0,2017.0,1958.0,1756.0,1829.0,2093.0,2192.0,2195.0,2128.0,2078.0,2024.0,1988.0,1936.0,1752.0
2138.0,2088.0,2043.0,1996.0,1801.0,2010.0,2087.0,2165.0,2262.0,2235.0,2189.0,2128.0,2075.0,1998.0,1793.0,2140.0,2163.0,2168.0,2165.0,2116.0,2068.0,2036.0,1993.0,1946.0,1764.0,1840.0,2124.0,2201.0,2212.0,2148.0,2095.0,2050.0,2001.0,1959.0,1764.0,1857.0,2122.0,2205.0,2204.0,2152.0,2104.0,2059.0,2013.0,1962.0,1780.0,1852.0,2153.0,2224.0,2225.0,2161.0,2110.0,2067.0,2008.0,1960.0,1760.0,1841.0,2112.0,2201.0,2194.0,2131.0,2076.0,2031.0,1986.0,1932.0,1749.0,2104.0,2159.0,2037.0,2144.0,2144.0,2110.0,2074.0,2017.0,1958.0,1756.0,1829.0,2093.0,2192.0,2195.0,2128.0,2078.0,2024.0,1988.0,1936.0,1752.0,1831.0,2123.0,2208.0,2208.0,2144.0,2096.0,2050.0,2008.0,1964.0,1765.0,1862.0,2102.0,2220.0,2214.0,2149.0
2140.0,2163.0,2168.0,2165.0,2116.0,2068.0,2036.0,1993.0,1946.0,1764.0,1840.0,2124.0,2201.0,2212.0,2148.0,2095.0,2050.0,2001.0,1959.0,1764.0,1857.0,2122.0,2205.0,2204.0,2152.0,2104.0,2059.0,2013.0,1962.0,1780.0,1852.0,2153.0,2224.0,2225.0,2161.0,2110.0,2067.0,2008.0,1960.0,1760.0,1841.0,2112.0,2201.0,2194.0,2131.0,2076.0,2031.0,1986.0,1932.0,1749.0,2104.0,2159.0,2037.0,2144.0,2144.0,2110.0,2074.0,2017.0,1958.0,1756.0,1829.0,2093.0,2192.0,2195.0,2128.0,2078.0,2024.0,1988.0,1936.0,1752.0,1831.0,2123.0,2208.0,2208.0,2144.0,2096.0,2050.0,2008.0,1964.0,1765.0,1862.0,2102.0,2220.0,2214.0,2149.0,2098.0,2049.0,2010.0,1956.0,1764.0,1840.0,2104.0,2230.0,2222.0,2160.0,2102.0,2061.0,2012.0,1959.0,1782.0
2095.0,2050.0,2001.0,1959.0,1764.0,1857.0,2122.0,2205.0,2204.0,2152.0,2104.0,2059.0,2013.0,1962.0,1780.0,1852.0,2153.0,2224.0,2225.0,2161.0,2110.0,2067.0,2008.0,1960.0,1760.0,1841.0,2112.0,2201.0,2194.0,2131.0,2076.0,2031.0,1986.0,1932.0,1749.0,2104.0,2159.0,2037.0,2144.0,2144.0,2110.0,2074.0,2017.0,1958.0,1756.0,1829.0,2093.0,2192.0,2195.0,2128.0,2078.0,2024.0,1988.0,1936.0,1752.0,1831.0,2123.0,2208.0,2208.0,2144.0,2096.0,2050.0,2008.0,1964.0,1765.0,1862.0,2102.0,2220.0,2214.0,2149.0,2098.0,2049.0,2010.0,1956.0,1764.0,1840.0,2104.0,2230.0,2222.0,2160.0,2102.0,2061.0,2012.0,1959.0,1782.0,2084.0,2144.0,2207.0,2120.0,2125.0,2134.0,2109.0,2068.0,2013.0,1819.0,1958.0,2058.0,2218.0,2274.0,2233.0
1852.0,2153.0,2224.0,2225.0,2161.0,2110.0,2067.0,2008.0,1960.0,1760.0,1841.0,2112.0,2201.0,2194.0,2131.0,2076.0,2031.0,1986.0,1932.0,1749.0,2104.0,2159.0,2037.0,2144.0,2144.0,2110.0,2074.0,2017.0,1958.0,1756.0,1829.0,2093.0,2192.0,2195.0,2128.0,2078.0,2024.0,1988.0,1936.0,1752.0,1831.0,2123.0,2208.0,2208.0,2144.0,2096.0,2050.0,2008.0,1964.0,1765.0,1862.0,2102.0,2220.0,2214.0,2149.0,2098.0,2049.0,2010.0,1956.0,1764.0,1840.0,2104.0,2230.0,2222.0,2160.0,2102.0,2061.0,2012.0,1959.0,1782.0,2084.0,2144.0,2207.0,2120.0,2125.0,2134.0,2109.0,2068.0,2013.0,1819.0,1958.0,2058.0,2218.0,2274.0,2233.0,2165.0,2102.0,2050.0,1983.0,1784.0,1846.0,2107.0,2236.0,2224.0,2155.0,2104.0,2017.0,1997.0,1968.0,1800.0
2076.0,2031.0,1986.0,1932.0,1749.0,2104.0,2159.0,2037.0,2144.0,2144.0,2110.0,2074.0,2017.0,1958.0,1756.0,1829.0,2093.0,2192.0,2195.0,2128.0,2078.0,2024.0,1988.0,1936.0,1752.0,1831.0,2123.0,2208.0,2208.0,2144.0,2096.0,2050.0,2008.0,1964.0,1765.0,1862.0,2102.0,2220.0,2214.0,2149.0,2098.0,2049.0,2010.0,1956.0,1764.0,1840.0,2104.0,2230.0,2222.0,2160.0,2102.0,2061.0,2012.0,1959.0,1782.0,2084.0,2144.0,2207.0,2120.0,2125.0,2134.0,2109.0,2068.0,2013.0,1819.0,1958.0,2058.0,2218.0,2274.0,2233.0,2165.0,2102.0,2050.0,1983.0,1784.0,1846.0,2107.0,2236.0,2224.0,2155.0,2104.0,2017.0,1997.0,1968.0,1800.0,1891.0,2148.0,2302.0,2272.0,2188.0,2124.0,2065.0,2025.0,1970.0,1792.0,1888.0,2135.0,2272.0,2268.0,2196.0
1829.0,2093.0,2192.0,2195.0,2128.0,2078.0,2024.0,1988.0,1936.0,1752.0,1831.0,2123.0,2208.0,2208.0,2144.0,2096.0,2050.0,2008.0,1964.0,1765.0,1862.0,2102.0,2220.0,2214.0,2149.0,2098.0,2049.0,2010.0,1956.0,1764.0,1840.0,2104.0,2230.0,2222.0,2160.0,2102.0,2061.0,2012.0,1959.0,1782.0,2084.0,2144.0,2207.0,2120.0,2125.0,2134.0,2109.0,2068.0,2013.0,1819.0,1958.0,2058.0,2218.0,2274.0,2233.0,2165.0,2102.0,2050.0,1983.0,1784.0,1846.0,2107.0,2236.0,2224.0,2155.0,2104.0,2017.0,1997.0,1968.0,1800.0,1891.0,2148.0,2302.0,2272.0,2188.0,2124.0,2065.0,2025.0,1970.0,1792.0,1888.0,2135.0,2272.0,2268.0,2196.0,2129.0,2088.0,2040.0,1989.0,1798.0,2099.0,2169.0,2232.0,2234.0,2162.0,2117.0,2072.0,2041.0,1992.0,1813.0
2096.0,2050.0,2008.0,1964.0,1765.0,1862.0,2102.0,2220.0,2214.0,2149.0,2098.0,2049.0,2010.0,1956.0,1764.0,1840.0,2104.0,2230.0,2222.0,2160.0,2102.0,2061.0,2012.0,1959.0,1782.0,2084.0,2144.0,2207.0,2120.0,2125.0,2134.0,2109.0,2068.0,2013.0,1819.0,1958.0,2058.0,2218.0,2274.0,2233.0,2165.0,2102.0,2050.0,1983.0,1784.0,1846.0,2107.0,2236.0,2224.0,2155.0,2104.0,2017.0,1997.0,1968.0,1800.0,1891.0,2148.0,2302.0,2272.0,2188.0,2124.0,2065.0,2025.0,1970.0,1792.0,1888.0,2135.0,2272.0,2268.0,2196.0,2129.0,2088.0,2040.0,1989.0,1798.0,2099.0,2169.0,2232.0,2234.0,2162.0,2117.0,2072.0,2041.0,1992.0,1813.0,1888.0,2152.0,2274.0,2280.0,2203.0,2142.0,2088.0,2039.0,1998.0,1814.0,1968.0,2088.0,2265.0,2328.0,2269.0
1840.0,2104.0,2230.0,2222.0,2160.0,2102.0,2061.0,2012.0,1959.0,1782.0,2084.0,2144.0,2207.0,2120.0,2125.0,2134.0,2109.0,2068.0,2013.0,1819.0,1958.0,2058.0,2218.0,2274.0,2233.0,2165.0,2102.0,2050.0,1983.0,1784.0,1846.0,2107.0,2236.0,2224.0,2155.0,2104.0,2017.0,1997.0,1968.0,1800.0,1891.0,2148.0,2302.0,2272.0,2188.0,2124.0,2065.0,2025.0,1970.0,1792.0,1888.0,2135.0,2272.0,2268.0,2196.0,2129.0,2088.0,2040.0,1989.0,1798.0,2099.0,2169.0,2232.0,2234.0,2162.0,2117.0,2072.0,2041.0,1992.0,1813.0,1888.0,2152.0,2274.0,2280.0,2203.0,2142.0,2088.0,2039.0,1998.0,1814.0,1968.0,2088.0,2265.0,2328.0,2269.0,2210.0,2144.0,2087.0,2018.0,1823.0,1885.0,2136.0,2242.0,2268.0,2195.0,2124.0,2071.0,2020.0,1977.0,1795.0
2134.0,2109.0,2068.0,2013.0,1819.0,1958.0,2058.0,2218.0,2274.0,2233.0,2165.0,2102.0,2050.0,1983.0,1784.0,1846.0,2107.0,2236.0,2224.0,2155.0,2104.0,2017.0,1997.0,1968.0,1800.0,1891.0,2148.0,2302.0,2272.0,2188.0,2124.0,2065.0,2025.0,1970.0,1792.0,1888.0,2135.0,2272.0,2268.0,2196.0,2129.0,2088.0,2040.0,1989.0,1798.0,2099.0,2169.0,2232.0,2234.0,2162.0,2117.0,2072.0,2041.0,1992.0,1813.0,1888.0,2152.0,2274.0,2280.0,2203.0,2142.0,2088.0,2039.0,1998.0,1814.0,1968.0,2088.0,2265.0,2328.0,2269.0,2210.0,2144.0,2087.0,2018.0,1823.0,1885.0,2136.0,2242.0,2268.0,2195.0,2124.0,2071.0,2020.0,1977.0,1795.0,1866.0,2136.0,2236.0,2270.0,2192.0,2136.0,2084.0,2031.0,1988.0,1796.0,2115.0,2168.0,2196.0,2237.0,2162.0
1846.0,2107.0,2236.0,2224.0,2155.0,2104.0,2017.0,1997.0,1968.0,1800.0,1891.0,2148.0,2302.0,2272.0,2188.0,2124.0,2065.0,2025.0,1970.0,1792.0,1888.0,2135.0,2272.0,2268.0,2196.0,2129.0,2088.0,2040.0,1989.0,1798.0,2099.0,2169.0,2232.0,2234.0,2162.0,2117.0,2072.0,2041.0,1992.0,1813.0,1888.0,2152.0,2274.0,2280.0,2203.0,2142.0,2088.0,2039.0,1998.0,1814.0,1968.0,2088.0,2265.0,2328.0,2269.0,2210.0,2144.0,2087.0,2018.0,1823.0,1885.0,2136.0,2242.0,2268.0,2195.0,2124.0,2071.0,2020.0,1977.0,1795.0,1866.0,2136.0,2236.0,2270.0,2192.0,2136.0,2084.0,2031.0,1988.0,1796.0,2115.0,2168.0,2196.0,2237.0,2162.0,2105.0,2063.0,2027.0,1991.0,1808.0,1875.0,2149.0,2248.0,2288.0,2200.0,2132.0,2080.0,2024.0,1980.0,1793.0
2124.0,2065.0,2025.0,1970.0,1792.0,1888.0,2135.0,2272.0,2268.0,2196.0,2129.0,2088.0,2040.0,1989.0,1798.0,2099.0,2169.0,2232.0,2234.0,2162.0,2117.0,2072.0,2041.0,1992.0,1813.0,1888.0,2152.0,2274.0,2280.0,2203.0,2142.0,2088.0,2039.0,1998.0,1814.0,1968.0,2088.0,2265.0,2328.0,2269.0,2210.0,2144.0,2087.0,2018.0,1823.0,1885.0,2136.0,2242.0,2268.0,2195.0,2124.0,2071.0,2020.0,1977.0,1795.0,1866.0,2136.0,2236.0,2270.0,2192.0,2136.0,2084.0,2031.0,1988.0,1796.0,2115.0,2168.0,2196.0,2237.0,2162.0,2105.0,2063.0,2027.0,1991.0,1808.0,1875.0,2149.0,2248.0,2288.0,2200.0,2132.0,2080.0,2024.0,1980.0,1793.0,1870.0,2133.0,2241.0,2283.0,2200.0,2138.0,2088.0,2042.0,1994.0,1816.0,1947.0,2064.0,2213.0,2332.0,2272.0
2099.0,2169.0,2232.0,2234.0,2162.0,2117.0,2072.0,2041.0,1992.0,1813.0,1888.0,2152.0,2274.0,2280.0,2203.0,2142.0,2088.0,2039.0,1998.0,1814.0,1968.0,2088.0,2265.0,2328.0,2269.0,2210.0,2144.0,2087.0,2018.0,1823.0,1885.0,2136.0,2242.0,2268.0,2195.0,2124.0,2071.0,2020.0,1977.0,1795.0,1866.0,2136.0,2236.0,2270.0,2192.0,2136.0,2084.0,2031.0,1988.0,1796.0,2115.0,2168.0,2196.0,2237.0,2162.0,2105.0,2063.0,2027.0,1991.0,1808.0,1875.0,2149.0,2248.0,2288.0,2200.0,2132.0,2080.0,2024.0,1980.0,1793.0,1870.0,2133.0,2241.0,2283.0,2200.0,2138.0,2088.0,2042.0,1994.0,1816.0,1947.0,2064.0,2213.0,2332.0,2272.0,2195.0,2132.0,2068.0,2019.0,1819.0,1881.0,2140.0,2235.0,2278.0,2192.0,2126.0,2065.0,2016.0,1976.0,1795.0
2142.0,2088.0,2039.0,1998.0,1814.0,1968.0,2088.0,2265.0,2328.0,2269.0,2210.0,2144.0,2087.0,2018.0,1823.0,1885.0,2136.0,2242.0,2268.0,2195.0,2124.0,2071.0,2020.0,1977.0,1795.0,1866.0,2136.0,2236.0,2270.0,2192.0,2136.0,2084.0,2031.0,1988.0,1796.0,2115.0,2168.0,2196.0,2237.0,2162.0,2105.0,2063.0,2027.0,1991.0,1808.0,1875.0,2149.0,2248.0,2288.0,2200.0,2132.0,2080.0,2024.0,1980.0,1793.0,1870.0,2133.0,2241.0,2283.0,2200.0,2138.0,2088.0,2042.0,1994.0,1816.0,1947.0,2064.0,2213.0,2332.0,2272.0,2195.0,2132.0,2068.0,2019.0,1819.0,1881.0,2140.0,2235.0,2278.0,2192.0,2126.0,2065.0,2016.0,1976.0,1795.0,2085.0,2146.0,2192.0,2164.0,2164.0,2145.0,2120.0,2071.0,2023.0,1830.0,1918.0,2160.0,2250.0,2282.0,2208.0
1885.0,2136.0,2242.0,2268.0,2195.0,2124.0,2071.0,2020.0,1977.0,1795.0,1866.0,2136.0,2236.0,2270.0,2192.0,2136.0,2084.0,2031.0,1988.0,1796.0,2115.0,2168.0,2196.0,2237.0,2162.0,2105.0,2063.0,2027.0,1991.0,1808.0,1875.0,2149.0,2248.0,2288.0,2200.0,2132.0,2080.0,2024.0,1980.0,1793.0,1870.0,2133.0,2241.0,2283.0,2200.0,2138.0,2088.0,2042.0,1994.0,1816.0,1947.0,2064.0,2213.0,2332.0,2272.0,2195.0,2132.0,2068.0,2019.0,1819.0,1881.0,2140.0,2235.0,2278.0,2192.0,2126.0,2065.0,2016.0,1976.0,1795.0,2085.0,2146.0,2192.0,2164.0,2164.0,2145.0,2120.0,2071.0,2023.0,1830.0,1918.0,2160.0,2250.0,2282.0,2208.0,2137.0,2075.0,2032.0,1982.0,1808.0,1877.0,2144.0,2260.0,2292.0,2380.0,2310.0,2056.0,1930.0,1866.0,1732.0
2136.0,2084.0,2031.0,1988.0,1796.0,2115.0,2168.0,2196.0,2237.0,2162.0,2105.0,2063.0,2027.0,1991.0,1808.0,1875.0,2149.0,2248.0,2288.0,2200.0,2132.0,2080.0,2024.0,1980.0,1793.0,1870.0,2133.0,2241.0,2283.0,2200.0,2138.0,2088.0,2042.0,1994.0,1816.0,1947.0,2064.0,2213.0,2332.0,2272.0,2195.0,2132.0,2068.0,2019.0,1819.0,1881.0,2140.0,2235.0,2278.0,2192.0,2126.0,2065.0,2016.0,1976.0,1795.0,2085.0,2146.0,2192.0,2164.0,2164.0,2145.0,2120.0,2071.0,2023.0,1830.0,1918.0,2160.0,2250.0,2282.0,2208.0,2137.0,2075.0,2032.0,1982.0,1808.0,1877.0,2144.0,2260.0,2292.0,2380.0,2310.0,2056.0,1930.0,1866.0,1732.0,1836.0,2150.0,2276.0,2304.0,2270.0,2193.0,2128.0,2073.0,2027.0,1848.0,1995.0,2092.0,2252.0,2339.0,2340.0
1875.0,2149.0,2248.0,2288.0,2200.0,2132.0,2080.0,2024.0,1980.0,1793.0,1870.0,2133.0,2241.0,2283.0,2200.0,2138.0,2088.0,2042.0,1994.0,1816.0,1947.0,2064.0,2213.0,2332.0,2272.0,2195.0,2132.0,2068.0,2019.0,1819.0,1881.0,2140.0,2235.0,2278.0,2192.0,2126.0,2065.0,2016.0,1976.0,1795.0,2085.0,2146.0,2192.0,2164.0,2164.0,2145.0,2120.0,2071.0,2023.0,1830.0,1918.0,2160.0,2250.0,2282.0,2208.0,2137.0,2075.0,2032.0,1982.0,1808.0,1877.0,2144.0,2260.0,2292.0,2380.0,2310.0,2056.0,1930.0,1866.0,1732.0,1836.0,2150.0,2276.0,2304.0,2270.0,2193.0,2128.0,2073.0,2027.0,1848.0,1995.0,2092.0,2252.0,2339.0,2340.0,2252.0,2169.0,2098.0,2018.0,1831.0,2116.0,2170.0,2194.0,2218.0,2185.0,2127.0,2076.0,2028.0,1978.0,1814.0
2138.0,2088.0,2042.0,1994.0,1816.0,1947.0,2064.0,2213.0,2332.0,2272.0,2195.0,2132.0,2068.0,2019.0,1819.0,1881.0,2140.0,2235.0,2278.0,2192.0,2126.0,2065.0,2016.0,1976.0,1795.0,2085.0,2146.0,2192.0,2164.0,2164.0,2145.0,2120.0,2071.0,2023.0,1830.0,1918.0,2160.0,2250.0,2282.0,2208.0,2137.0,2075.0,2032.0,1982.0,1808.0,1877.0,2144.0,2260.0,2292.0,2380.0,2310.0,2056.0,1930.0,1866.0,1732.0,1836.0,2150.0,2276.0,2304.0,2270.0,2193.0,2128.0,2073.0,2027.0,1848.0,1995.0,2092.0,2252.0,2339.0,2340.0,2252.0,2169.0,2098.0,2018.0,1831.0,2116.0,2170.0,2194.0,2218.0,2185.0,2127.0,2076.0,2028.0,1978.0,1814.0,1912.0,2157.0,2261.0,2276.0,2245.0,2169.0,2094.0,2048.0,1989.0,1826.0,1911.0,2167.0,2262.0,2274.0,2256.0
1881.0,2140.0,2235.0,2278.0,2192.0,2126.0,2065.0,2016.0,1976.0,1795.0,2085.0,2146.0,2192.0,2164.0,2164.0,2145.0,2120.0,2071.0,2023.0,1830.0,1918.0,2160.0,2250.0,2282.0,2208.0,2137.0,2075.0,2032.0,1982.0,1808.0,1877.0,2144.0,2260.0,2292.0,2380.0,2310.0,2056.0,1930.0,1866.0,1732.0,1836.0,2150.0,2276.0,2304.0,2270.0,2193.0,2128.0,2073.0,2027.0,1848.0,1995.0,2092.0,2252.0,2339.0,2340.0,2252.0,2169.0,2098.0,2018.0,1831.0,2116.0,2170.0,2194.0,2218.0,2185.0,2127.0,2076.0,2028.0,1978.0,1814.0,1912.0,2157.0,2261.0,2276.0,2245.0,2169.0,2094.0,2048.0,1989.0,1826.0,1911.0,2167.0,2262.0,2274.0,2256.0,2172.0,2100.0,2040.0,1991.0,1821.0,1913.0,2152.0,2246.0,2267.0,2242.0,2165.0,2096.0,2048.0,1992.0,1825.0
2145.0,2120.0,2071.0,2023.0,1830.0,1918.0,2160.0,2250.0,2282.0,2208.0,2137.0,2075.0,2032.0,1982.0,1808.0,1877.0,2144.0,2260.0,2292.0,2380.0,2310.0,2056.0,1930.0,1866.0,1732.0,1836.0,2150.0,2276.0,2304.0,2270.0,2193.0,2128.0,2073.0,2027.0,1848.0,1995.0,2092.0,2252.0,2339.0,2340.0,2252.0,2169.0,2098.0,2018.0,1831.0,2116.0,2170.0,2194.0,2218.0,2185.0,2127.0,2076.0,2028.0,1978.0,1814.0,1912.0,2157.0,2261.0,2276.0,2245.0,2169.0,2094.0,2048.0,1989.0,1826.0,1911.0,2167.0,2262.0,2274.0,2256.0,2172.0,2100.0,2040.0,1991.0,1821.0,1913.0,2152.0,2246.0,2267.0,2242.0,2165.0,2096.0,2048.0,1992.0,1825.0,1900.0,2147.0,2252.0,2260.0,2240.0,2160.0,2092.0,2039.0,1985.0,1808.0,2155.0,2140.0,2108.0,2228.0,2252.0
1877.0,2144.0,2260.0,2292.0,2380.0,2310.0,2056.0,1930.0,1866.0,1732.0,1836.0,2150.0,2276.0,2304.0,2270.0,2193.0,2128.0,2073.0,2027.0,1848.0,1995.0,2092.0,2252.0,2339.0,2340.0,2252.0,2169.0,2098.0,2018.0,1831.0,2116.0,2170.0,2194.0,2218.0,2185.0,2127.0,2076.0,2028.0,1978.0,1814.0,1912.0,2157.0,2261.0,2276.0,2245.0,2169.0,2094.0,2048.0,1989.0,1826.0,1911.0,2167.0,2262.0,2274.0,2256.0,2172.0,2100.0,2040.0,1991.0,1821.0,1913.0,2152.0,2246.0,2267.0,2242.0,2165.0,2096.0,2048.0,1992.0,1825.0,1900.0,2147.0,2252.0,2260.0,2240.0,2160.0,2092.0,2039.0,1985.0,1808.0,2155.0,2140.0,2108.0,2228.0,2252.0,2200.0,2124.0,2067.0,1996.0,1807.0,1886.0,2124.0,2231.0,2236.0,2204.0,2136.0,2062.0,2003.0,1939.0,1762.0
2193.0,2128.0,2073.0,2027.0,1848.0,1995.0,2092.0,2252.0,2339.0,2340.0,2252.0,2169.0,2098.0,2018.0,1831.0,2116.0,2170.0,2194.0,2218.0,2185.0,2127.0,2076.0,2028.0,1978.0,1814.0,1912.0,2157.0,2261.0,2276.0,2245.0,2169.0,2094.0,2048.0,1989.0,1826.0,1911.0,2167.0,2262.0,2274.0,2256.0,2172.0,2100.0,2040.0,1991.0,1821.0,1913.0,2152.0,2246.0,2267.0,2242.0,2165.0,2096.0,2048.0,1992.0,1825.0,1900.0,2147.0,2252.0,2260.0,2240.0,2160.0,2092.0,2039.0,1985.0,1808.0,2155.0,2140.0,2108.0,2228.0,2252.0,2200.0,2124.0,2067.0,1996.0,1807.0,1886.0,2124.0,2231.0,2236.0,2204.0,2136.0,2062.0,2003.0,1939.0,1762.0,1856.0,2120.0,2208.0,2224.0,2172.0,2124.0,2052.0,1996.0,1940.0,1760.0,1859.0,2100.0,2199.0,2208.0,2160.0
2116.0,2170.0,2194.0,2218.0,2185.0,2127.0,2076.0,2028.0,1978.0,1814.0,1912.0,2157.0,2261.0,2276.0,2245.0,2169.0,2094.0,2048.0,1989.0,1826.0,1911.0,2167.0,2262.0,2274.0,2256.0,2172.0,2100.0,2040.0,1991.0,1821.0,1913.0,2152.0,2246.0,2267.0,2242.0,2165.0,2096.0,2048.0,1992.0,1825.0,1900.0,2147.0,2252.0,2260.0,2240.0,2160.0,2092.0,2039.0,1985.0,1808.0,2155.0,2140.0,2108.0,2228.0,2252.0,2200.0,2124.0,2067.0,1996.0,1807.0,1886.0,2124.0,2231.0,2236.0,2204.0,2136.0,2062.0,2003.0,1939.0,1762.0,1856.0,2120.0,2208.0,2224.0,2172.0,2124.0,2052.0,1996.0,1940.0,1760.0,1859.0,2100.0,2199.0,2208.0,2160.0,2124.0,2048.0,2000.0,1940.0,1772.0,1852.0,2112.0,2208.0,2224.0,2167.0,2133.0,2061.0,2000.0,1937.0,1760.0
2169.0,2094.0,2048.0,1989.0,1826.0,1911.0,2167.0,2262.0,2274.0,2256.0,2172.0,2100.0,2040.0,1991.0,1821.0,1913.0,2152.0,2246.0,2267.0,2242.0,2165.0,2096.0,2048.0,1992.0,1825.0,1900.0,2147.0,2252.0,2260.0,2240.0,2160.0,2092.0,2039.0,1985.0,1808.0,2155.0,2140.0,2108.0,2228.0,2252.0,2200.0,2124.0,2067.0,1996.0,1807.0,1886.0,2124.0,2231.0,2236.0,2204.0,2136.0,2062.0,2003.0,1939.0,1762.0,1856.0,2120.0,2208.0,2224.0,2172.0,2124.0,2052.0,1996.0,1940.0,1760.0,1859.0,2100.0,2199.0,2208.0,2160.0,2124.0,2048.0,2000.0,1940.0,1772.0,1852.0,2112.0,2208.0,2224.0,2167.0,2133.0,2061.0,2000.0,1937.0,1760.0,2058.0,2128.0,2153.0,2088.0,2084.0,2122.0,2073.0,2021.0,1948.0,1771.0,1908.0,2016.0,2162.0,2245.0,2212.0
1913.0,2152.0,2246.0,2267.0,2242.0,2165.0,2096.0,2048.0,1992.0,1825.0,1900.0,2147.0,2252.0,2260.0,2240.0,2160.0,2092.0,2039.0,1985.0,1808.0,2155.0,2140.0,2108.0,2228.0,2252.0,2200.0,2124.0,2067.0,1996.0,1807.0,1886.0,2124.0,2231.0,2236.0,2204.0,2136.0,2062.0,2003.0,1939.0,1762.0,1856.0,2120.0,2208.0,2224.0,2172.0,2124.0,2052.0,1996.0,1940.0,1760.0,1859.0,2100.0,2199.0,2208.0,2160.0,2124.0,2048.0,2000.0,1940.0,1772.0,1852.0,2112.0,2208.0,2224.0,2167.0,2133.0,2061.0,2000.0,1937.0,1760.0,2058.0,2128.0,2153.0,2088.0,2084.0,2122.0,2073.0,2021.0,1948.0,1771.0,1908.0,2016.0,2162.0,2245.0,2212.0,2178.0,2089.0,2004.0,1928.0,1736.0,1818.0,2067.0,2160.0,2182.0,2116.0,2104.0,2027.0,1969.0,1900.0,1738.0
2160.0,2092.0,2039.0,1985.0,1808.0,2155.0,2140.0,2108.0,2228.0,2252.0,2200.0,2124.0,2067.0,1996.0,1807.0,1886.0,2124.0,2231.0,2236.0,2204.0,2136.0,2062.0,2003.0,1939.0,1762.0,1856.0,2120.0,2208.0,2224.0,2172.0,2124.0,2052.0,1996.0,1940.0,1760.0,1859.0,2100.0,2199.0,2208.0,2160.0,2124.0,2048.0,2000.0,1940.0,1772.0,1852.0,2112.0,2208.0,2224.0,2167.0,2133.0,2061.0,2000.0,1937.0,1760.0,2058.0,2128.0,2153.0,2088.0,2084.0,2122.0,2073.0,2021.0,1948.0,1771.0,1908.0,2016.0,2162.0,2245.0,2212.0,2178.0,2089.0,2004.0,1928.0,1736.0,1818.0,2067.0,2160.0,2182.0,2116.0,2104.0,2027.0,1969.0,1900.0,1738.0,1832.0,2086.0,2198.0,2210.0,2156.0,2137.0,2064.0,2000.0,1948.0,1768.0,1859.0,2106.0,2202.0,2218.0,2160.0
1886.0,2124.0,2231.0,2236.0,2204.0,2136.0,2062.0,2003.0,1939.0,1762.0,1856.0,2120.0,2208.0,2224.0,2172.0,2124.0,2052.0,1996.0,1940.0,1760.0,1859.0,2100.0,2199.0,2208.0,2160.0,2124.0,2048.0,2000.0,1940.0,1772.0,1852.0,2112.0,2208.0,2224.0,2167.0,2133.0,2061.0,2000.0,1937.0,1760.0,2058.0,2128.0,2153.0,2088.0,2084.0,2122.0,2073.0,2021.0,1948.0,1771.0,1908.0,2016.0,2162.0,2245.0,2212.0,2178.0,2089.0,2004.0,1928.0,1736.0,1818.0,2067.0,2160.0,2182.0,2116.0,2104.0,2027.0,1969.0,1900.0,1738.0,1832.0,2086.0,2198.0,2210.0,2156.0,2137.0,2064.0,2000.0,1948.0,1768.0,1859.0,2106.0,2202.0,2218.0,2160.0,2146.0,2061.0,2004.0,1943.0,1769.0,2077.0,2141.0,2180.0,2191.0,2148.0,2133.0,2079.0,2019.0,1957.0,1788.0
2124.0,2052.0,1996.0,1940.0,1760.0,1859.0,2100.0,2199.0,2208.0,2160.0,2124.0,2048.0,2000.0,1940.0,1772.0,1852.0,2112.0,2208.0,2224.0,2167.0,2133.0,2061.0,2000.0,1937.0,1760.0,2058.0,2128.0,2153.0,2088.0,2084.0,2122.0,2073.0,2021.0,1948.0,1771.0,1908.0,2016.0,2162.0,2245.0,2212.0,2178.0,2089.0,2004.0,1928.0,1736.0,1818.0,2067.0,2160.0,2182.0,2116.0,2104.0,2027.0,1969.0,1900.0,1738.0,1832.0,2086.0,2198.0,2210.0,2156.0,2137.0,2064.0,2000.0,1948.0,1768.0,1859.0,2106.0,2202.0,2218.0,2160.0,2146.0,2061.0,2004.0,1943.0,1769.0,2077.0,2141.0,2180.0,2191.0,2148.0,2133.0,2079.0,2019.0,1957.0,1788.0,1875.0,2139.0,2232.0,2256.0,2190.0,2160.0,2092.0,2029.0,1962.0,1786.0,1938.0,2050.0,2184.0,2272.0,2241.0
1852.0,2112.0,2208.0,2224.0,2167.0,2133.0,2061.0,2000.0,1937.0,1760.0,2058.0,2128.0,2153.0,2088.0,2084.0,2122.0,2073.0,2021.0,1948.0,1771.0,1908.0,2016.0,2162.0,2245.0,2212.0,2178.0,2089.0,2004.0,1928.0,1736.0,1818.0,2067.0,2160.0,2182.0,2116.0,2104.0,2027.0,1969.0,1900.0,1738.0,1832.0,2086.0,2198.0,2210.0,2156.0,2137.0,2064.0,2000.0,1948.0,1768.0,1859.0,2106.0,2202.0,2218.0,2160.0,2146.0,2061.0,2004.0,1943.0,1769.0,2077.0,2141.0,2180.0,2191.0,2148.0,2133.0,2079.0,2019.0,1957.0,1788.0,1875.0,2139.0,2232.0,2256.0,2190.0,2160.0,2092.0,2029.0,1962.0,1786.0,1938.0,2050.0,2184.0,2272.0,2241.0,2194.0,2129.0,2052.0,1972.0,1788.0,1860.0,2124.0,2204.0,2212.0,2150.0,2103.0,2066.0,2000.0,1932.0,1756.0
2122.0,2073.0,2021.0,1948.0,1771.0,1908.0,2016.0,2162.0,2245.0,2212.0,2178.0,2089.0,2004.0,1928.0,1736.0,1818.0,2067.0,2160.0,2182.0,2116.0,2104.0,2027.0,1969.0,1900.0,1738.0,1832.0,2086.0,2198.0,2210.0,2156.0,2137.0,2064.0,2000.0,1948.0,1768.0,1859.0,2106.0,2202.0,2218.0,2160.0,2146.0,2061.0,2004.0,1943.0,1769.0,2077.0,2141.0,2180.0,2191.0,2148.0,2133.0,2079.0,2019.0,1957.0,1788.0,1875.0,2139.0,2232.0,2256.0,2190.0,2160.0,2092.0,2029.0,1962.0,1786.0,1938.0,2050.0,2184.0,2272.0,2241.0,2194.0,2129.0,2052.0,1972.0,1788.0,1860.0,2124.0,2204.0,2212.0,2150.0,2103.0,2066.0,2000.0,1932.0,1756.0,1845.0,2102.0,2195.0,2204.0,2145.0,2101.0,2058.0,1996.0,1928.0,1757.0,2078.0,2133.0,2148.0,2163.0,2118.0
1818.0,2067.0,2160.0,2182.0,2116.0,2104.0,2027.0,1969.0,1900.0,1738.0,1832.0,2086.0,2198.0,2210.0,2156.0,2137.0,2064.0,2000.0,1948.0,1768.0,1859.0,2106.0,2202.0,2218.0,2160.0,2146.0,2061.0,2004.0,1943.0,1769.0,2077.0,2141.0,2180.0,2191.0,2148.0,2133.0,2079.0,2019.0,1957.0,1788.0,1875.0,2139.0,2232.0,2256.0,2190.0,2160.0,2092.0,2029.0,1962.0,1786.0,1938.0,2050.0,2184.0,2272.0,2241.0,2194.0,2129.0,2052.0,1972.0,1788.0,1860.0,2124.0,2204.0,2212.0,2150.0,2103.0,2066.0,2000.0,1932.0,1756.0,1845.0,2102.0,2195.0,2204.0,2145.0,2101.0,2058.0,1996.0,1928.0,1757.0,2078.0,2133.0,2148.0,2163.0,2118.0,2076.0,2064.0,1999.0,1933.0,1762.0,1850.0,2102.0,2208.0,2232.0,2173.0,2122.0,2089.0,2027.0,1956.0,1780.0
2137.0,2064.0,2000.0,1948.0,1768.0,1859.0,2106.0,2202.0,2218.0,2160.0,2146.0,2061.0,2004.0,1943.0,1769.0,2077.0,2141.0,2180.0,2191.0,2148.0,2133.0,2079.0,2019.0,1957.0,1788.0,1875.0,2139.0,2232.0,2256.0,2190.0,2160.0,2092.0,2029.0,1962.0,1786.0,1938.0,2050.0,2184.0,2272.0,2241.0,2194.0,2129.0,2052.0,1972.0,1788.0,1860.0,2124.0,2204.0,2212.0,2150.0,2103.0,2066.0,2000.0,1932.0,1756.0,1845.0,2102.0,2195.0,2204.0,2145.0,2101.0,2058.0,1996.0,1928.0,1757.0,2078.0,2133.0,2148.0,2163.0,2118.0,2076.0,2064.0,1999.0,1933.0,1762.0,1850.0,2102.0,2208.0,2232.0,2173.0,2122.0,2089.0,2027.0,1956.0,1780.0,1863.0,2119.0,2220.0,2231.0,2175.0,2117.0,2102.0,2024.0,1949.0,1769.0,1912.0,2031.0,2180.0,2268.0,2239.0
2077.0,2141.0,2180.0,2191.0,2148.0,2133.0,2079.0,2019.0,1957.0,1788.0,1875.0,2139.0,2232.0,2256.0,2190.0,2160.0,2092.0,2029.0,1962.0,1786.0,1938.0,2050.0,2184.0,2272.0,2241.0,2194.0,2129.0,2052.0,1972.0,1788.0,1860.0,2124.0,2204.0,2212.0,2150.0,2103.0,2066.0,2000.0,1932.0,1756.0,1845.0,2102.0,2195.0,2204.0,2145.0,2101.0,2058.0,1996.0,1928.0,1757.0,2078.0,2133.0,2148.0,2163.0,2118.0,2076.0,2064.0,1999.0,1933.0,1762.0,1850.0,2102.0,2208.0,2232.0,2173.0,2122.0,2089.0,2027.0,1956.0,1780.0,1863.0,2119.0,2220.0,2231.0,2175.0,2117.0,2102.0,2024.0,1949.0,1769.0,1912.0,2031.0,2180.0,2268.0,2239.0,2187.0,2151.0,2072.0,1978.0,1786.0,1864.0,2115.0,2215.0,2220.0,2168.0,2112.0,2104.0,2027.0,1947.0,1771.0
2160.0,2092.0,2029.0,1962.0,1786.0,1938.0,2050.0,2184.0,2272.0,2241.0,2194.0,2129.0,2052.0,1972.0,1788.0,1860.0,2124.0,2204.0,2212.0,2150.0,2103.0,2066.0,2000.0,1932.0,1756.0,1845.0,2102.0,2195.0,2204.0,2145.0,2101.0,2058.0,1996.0,1928.0,1757.0,2078.0,2133.0,2148.0,2163.0,2118.0,2076.0,2064.0,1999.0,1933.0,1762.0,1850.0,2102.0,2208.0,2232.0,2173.0,2122.0,2089.0,2027.0,1956.0,1780.0,1863.0,2119.0,2220.0,2231.0,2175.0,2117.0,2102.0,2024.0,1949.0,1769.0,1912.0,2031.0,2180.0,2268.0,2239.0,2187.0,2151.0,2072.0,1978.0,1786.0,1864.0,2115.0,2215.0,2220.0,2168.0,2112.0,2104.0,2027.0,1947.0,1771.0,2070.0,2147.0,2176.0,2156.0,2116.0,2130.0,2137.0,2076.0,2000.0,1810.0,1901.0,2138.0,2230.0,2233.0,2172.0
1860.0,2124.0,2204.0,2212.0,2150.0,2103.0,2066.0,2000.0,1932.0,1756.0,1845.0,2102.0,2195.0,2204.0,2145.0,2101.0,2058.0,1996.0,1928.0,1757.0,2078.0,2133.0,2148.0,2163.0,2118.0,2076.0,2064.0,1999.0,1933.0,1762.0,1850.0,2102.0,2208.0,2232.0,2173.0,2122.0,2089.0,2027.0,1956.0,1780.0,1863.0,2119.0,2220.0,2231.0,2175.0,2117.0,2102.0,2024.0,1949.0,1769.0,1912.0,2031.0,2180.0,2268.0,2239.0,2187.0,2151.0,2072.0,1978.0,1786.0,1864.0,2115.0,2215.0,2220.0,2168.0,2112.0,2104.0,2027.0,1947.0,1771.0,2070.0,2147.0,2176.0,2156.0,2116.0,2130.0,2137.0,2076.0,2000.0,1810.0,1901.0,2138.0,2230.0,2233.0,2172.0,2121.0,2100.0,2033.0,1946.0,1772.0,1865.0,2128.0,2221.0,2239.0,2174.0,2118.0,2094.0,2036.0,1960.0,1778.0
2101.0,2058.0,1996.0,1928.0,1757.0,2078.0,2133.0,2148.0,2163.0,2118.0,2076.0,2064.0,1999.0,1933.0,1762.0,1850.0,2102.0,2208.0,2232.0,2173.0,2122.0,2089.0,2027.0,1956.0,1780.0,1863.0,2119.0,2220.0,2231.0,2175.0,2117.0,2102.0,2024.0,1949.0,1769.0,1912.0,2031.0,2180.0,2268.0,2239.0,2187.0,2151.0,2072.0,1978.0,1786.0,1864.0,2115.0,2215.0,2220.0,2168.0,2112.0,2104.0,2027.0,1947.0,1771.0,2070.0,2147.0,2176.0,2156.0,2116.0,2130.0,2137.0,2076.0,2000.0,1810.0,1901.0,2138.0,2230.0,2233.0,2172.0,2121.0,2100.0,2033.0,1946.0,1772.0,1865.0,2128.0,2221.0,2239.0,2174.0,2118.0,2094.0,2036.0,1960.0,1778.0,1869.0,2124.0,2220.0,2221.0,2164.0,2119.0,2090.0,2048.0,1960.0,1783.0,1909.0,2029.0,2188.0,2264.0,2232.0
1850.0,2102.0,2208.0,2232.0,2173.0,2122.0,2089.0,2027.0,1956.0,1780.0,1863.0,2119.0,2220.0,2231.0,2175.0,2117.0,2102.0,2024.0,1949.0,1769.0,1912.0,2031.0,2180.0,2268.0,2239.0,2187.0,2151.0,2072.0,1978.0,1786.0,1864.0,2115.0,2215.0,2220.0,2168.0,2112.0,2104.0,2027.0,1947.0,1771.0,2070.0,2147.0,2176.0,2156.0,2116.0,2130.0,2137.0,2076.0,2000.0,1810.0,1901.0,2138.0,2230.0,2233.0,2172.0,2121.0,2100.0,2033.0,1946.0,1772.0,1865.0,2128.0,2221.0,2239.0,2174.0,2118.0,2094.0,2036.0,1960.0,1778.0,1869.0,2124.0,2220.0,2221.0,2164.0,2119.0,2090.0,2048.0,1960.0,1783.0,1909.0,2029.0,2188.0,2264.0,2232.0,2173.0,2112.0,2072.0,1974.0,1776.0,2052.0,2120.0,2144.0,2156.0,2104.0,2072.0,2025.0,2016.0,1928.0,1758.0
2117.0,2102.0,2024.0,1949.0,1769.0,1912.0,2031.0,2180.0,2268.0,2239.0,2187.0,2151.0,2072.0,1978.0,1786.0,1864.0,2115.0,2215.0,2220.0,2168.0,2112.0,2104.0,2027.0,1947.0,1771.0,2070.0,2147.0,2176.0,2156.0,2116.0,2130.0,2137.0,2076.0,2000.0,1810.0,1901.0,2138.0,2230.0,2233.0,2172.0,2121.0,2100.0,2033.0,1946.0,1772.0,1865.0,2128.0,2221.0,2239.0,2174.0,2118.0,2094.0,2036.0,1960.0,1778.0,1869.0,2124.0,2220.0,2221.0,2164.0,2119.0,2090.0,2048.0,1960.0,1783.0,1909.0,2029.0,2188.0,2264.0,2232.0,2173.0,2112.0,2072.0,1974.0,1776.0,2052.0,2120.0,2144.0,2156.0,2104.0,2072.0,2025.0,2016.0,1928.0,1758.0,1842.0,2101.0,2194.0,2216.0,2180.0,2124.0,2073.0,2052.0,1967.0,1782.0,1876.0,2122.0,2213.0,2220.0,2160.0
1864.0,2115.0,2215.0,2220.0,2168.0,2112.0,2104.0,2027.0,1947.0,1771.0,2070.0,2147.0,2176.0,2156.0,2116.0,2130.0,2137.0,2076.0,2000.0,1810.0,1901.0,2138.0,2230.0,2233.0,2172.0,2121.0,2100.0,2033.0,1946.0,1772.0,1865.0,2128.0,2221.0,2239.0,2174.0,2118.0,2094.0,2036.0,1960.0,1778.0,1869.0,2124.0,2220.0,2221.0,2164.0,2119.0,2090.0,2048.0,1960.0,1783.0,1909.0,2029.0,2188.0,2264.0,2232.0,2173.0,2112.0,2072.0,1974.0,1776.0,2052.0,2120.0,2144.0,2156.0,2104.0,2072.0,2025.0,2016.0,1928.0,1758.0,1842.0,2101.0,2194.0,2216.0,2180.0,2124.0,2073.0,2052.0,1967.0,1782.0,1876.0,2122.0,2213.0,2220.0,2160.0,2107.0,2051.0,2046.0,1953.0,1770.0,1855.0,2112.0,2216.0,2231.0,2179.0,2125.0,2080.0,2061.0,1972.0,1792.0
2130.0,2137.0,2076.0,2000.0,1810.0,1901.0,2138.0,2230.0,2233.0,2172.0,2121.0,2100.0,2033.0,1946.0,1772.0,1865.0,2128.0,2221.0,2239.0,2174.0,2118.0,2094.0,2036.0,1960.0,1778.0,1869.0,2124.0,2220.0,2221.0,2164.0,2119.0,2090.0,2048.0,1960.0,1783.0,1909.0,2029.0,2188.0,2264.0,2232.0,2173.0,2112.0,2072.0,1974.0,1776.0,2052.0,2120.0,2144.0,2156.0,2104.0,2072.0,2025.0,2016.0,1928.0,1758.0,1842.0,2101.0,2194.0,2216.0,2180.0,2124.0,2073.0,2052.0,1967.0,1782.0,1876.0,2122.0,2213.0,2220.0,2160.0,2107.0,2051.0,2046.0,1953.0,1770.0,1855.0,2112.0,2216.0,2231.0,2179.0,2125.0,2080.0,2061.0,1972.0,1792.0,1870.0,2129.0,2231.0,2242.0,2182.0,2138.0,2085.0,2073.0,1976.0,1789.0,2133.0,2118.0,2117.0,2219.0,2217.0
1865.0,2128.0,2221.0,2239.0,2174.0,2118.0,2094.0,2036.0,1960.0,1778.0,1869.0,2124.0,2220.0,2221.0,2164.0,2119.0,2090.0,2048.0,1960.0,1783.0,1909.0,2029.0,2188.0,2264.0,2232.0,2173.0,2112.0,2072.0,1974.0,1776.0,2052.0,2120.0,2144.0,2156.0,2104.0,2072.0,2025.0,2016.0,1928.0,1758.0,1842.0,2101.0,2194.0,2216.0,2180.0,2124.0,2073.0,2052.0,1967.0,1782.0,1876.0,2122.0,2213.0,2220.0,2160.0,2107.0,2051.0,2046.0,1953.0,1770.0,1855.0,2112.0,2216.0,2231.0,2179.0,2125.0,2080.0,2061.0,1972.0,1792.0,1870.0,2129.0,2231.0,2242.0,2182.0,2138.0,2085.0,2073.0,1976.0,1789.0,2133.0,2118.0,2117.0,2219.0,2217.0,2177.0,2131.0,2126.0,2010.0,1817.0,1888.0,2136.0,2240.0,2242.0,2180.0,2124.0,2074.0,2068.0,1986.0,1792.0
2119.0,2090.0,2048.0,1960.0,1783.0,1909.0,2029.0,2188.0,2264.0,2232.0,2173.0,2112.0,2072.0,1974.0,1776.0,2052.0,2120.0,2144.0,2156.0,2104.0,2072.0,2025.0,2016.0,1928.0,1758.0,1842.0,2101.0,2194.0,2216.0,2180.0,2124.0,2073.0,2052.0,1967.0,1782.0,1876.0,2122.0,2213.0,2220.0,2160.0,2107.0,2051.0,2046.0,1953.0,1770.0,1855.0,2112.0,2216.0,2231.0,2179.0,2125.0,2080.0,2061.0,1972.0,1792.0,1870.0,2129.0,2231.0,2242.0,2182.0,2138.0,2085.0,2073.0,1976.0,1789.0,2133.0,2118.0,2117.0,2219.0,2217.0,2177.0,2131.0,2126.0,2010.0,1817.0,1888.0,2136.0,2240.0,2242.0,2180.0,2124.0,2074.0,2068.0,1986.0,1792.0,1877.0,2120.0,2230.0,2231.0,2169.0,2122.0,2072.0,2068.0,1977.0,1796.0,1886.0,2137.0,2226.0,2232.0,2177.0
2052.0,2120.0,2144.0,2156.0,2104.0,2072.0,2025.0,2016.0,1928.0,1758.0,1842.0,2101.0,2194.0,2216.0,2180.0,2124.0,2073.0,2052.0,1967.0,1782.0,1876.0,2122.0,2213.0,2220.0,2160.0,2107.0,2051.0,2046.0,1953.0,1770.0,1855.0,2112.0,2216.0,2231.0,2179.0,2125.0,2080.0,2061.0,1972.0,1792.0,1870.0,2129.0,2231.0,2242.0,2182.0,2138.0,2085.0,2073.0,1976.0,1789.0,2133.0,2118.0,2117.0,2219.0,2217.0,2177.0,2131.0,2126.0,2010.0,1817.0,1888.0,2136.0,2240.0,2242.0,2180.0,2124.0,2074.0,2068.0,1986.0,1792.0,1877.0,2120.0,2230.0,2231.0,2169.0,2122.0,2072.0,2068.0,1977.0,1796.0,1886.0,2137.0,2226.0,2232.0,2177.0,2126.0,2080.0,2053.0,1996.0,1803.0,1880.0,2126.0,2232.0,2243.0,2187.0,2144.0,2086.0,2052.0,1996.0,1818.0
2124.0,2073.0,2052.0,1967.0,1782.0,1876.0,2122.0,2213.0,2220.0,2160.0,2107.0,2051.0,2046.0,1953.0,1770.0,1855.0,2112.0,2216.0,2231.0,2179.0,2125.0,2080.0,2061.0,1972.0,1792.0,1870.0,2129.0,2231.0,2242.0,2182.0,2138.0,2085.0,2073.0,1976.0,1789.0,2133.0,2118.0,2117.0,2219.0,2217.0,2177.0,2131.0,2126.0,2010.0,1817.0,1888.0,2136.0,2240.0,2242.0,2180.0,2124.0,2074.0,2068.0,1986.0,1792.0,1877.0,2120.0,2230.0,2231.0,2169.0,2122.0,2072.0,2068.0,1977.0,1796.0,1886.0,2137.0,2226.0,2232.0,2177.0,2126.0,2080.0,2053.0,1996.0,1803.0,1880.0,2126.0,2232.0,2243.0,2187.0,2144.0,2086.0,2052.0,1996.0,1818.0,2095.0,2156.0,2184.0,2201.0,2108.0,2119.0,2100.0,2066.0,2018.0,1818.0,1932.0,2028.0,2177.0,2254.0,2214.0
1855.0,2112.0,2216.0,2231.0,2179.0,2125.0,2080.0,2061.0,1972.0,1792.0,1870.0,2129.0,2231.0,2242.0,2182.0,2138.0,2085.0,2073.0,1976.0,1789.0,2133.0,2118.0,2117.0,2219.0,2217.0,2177.0,2131.0,2126.0,2010.0,1817.0,1888.0,2136.0,2240.0,2242.0,2180.0,2124.0,2074.0,2068.0,1986.0,1792.0,1877.0,2120.0,2230.0,2231.0,2169.0,2122.0,2072.0,2068.0,1977.0,1796.0,1886.0,2137.0,2226.0,2232.0,2177.0,2126.0,2080.0,2053.0,1996.0,1803.0,1880.0,2126.0,2232.0,2243.0,2187.0,2144.0,2086.0,2052.0,1996.0,1818.0,2095.0,2156.0,2184.0,2201.0,2108.0,2119.0,2100.0,2066.0,2018.0,1818.0,1932.0,2028.0,2177.0,2254.0,2214.0,2157.0,2090.0,2042.0,1993.0,1787.0,1850.0,2096.0,2196.0,2204.0,2152.0,2099.0,2048.0,2003.0,1973.0,1780.0
2138.0,2085.0,2073.0,1976.0,1789.0,2133.0,2118.0,2117.0,2219.0,2217.0,2177.0,2131.0,2126.0,2010.0,1817.0,1888.0,2136.0,2240.0,2242.0,2180.0,2124.0,2074.0,2068.0,1986.0,1792.0,1877.0,2120.0,2230.0,2231.0,2169.0,2122.0,2072.0,2068.0,1977.0,1796.0,1886.0,2137.0,2226.0,2232.0,2177.0,2126.0,2080.0,2053.0,1996.0,1803.0,1880.0,2126.0,2232.0,2243.0,2187.0,2144.0,2086.0,2052.0,1996.0,1818.0,2095.0,2156.0,2184.0,2201.0,2108.0,2119.0,2100.0,2066.0,2018.0,1818.0,1932.0,2028.0,2177.0,2254.0,2214.0,2157.0,2090.0,2042.0,1993.0,1787.0,1850.0,2096.0,2196.0,2204.0,2152.0,2099.0,2048.0,2003.0,1973.0,1780.0,1851.0,2100.0,2193.0,2216.0,2152.0,2098.0,2051.0,2008.0,1995.0,1801.0,1875.0,2105.0,2208.0,2216.0,2169.0
1888.0,2136.0,2240.0,2242.0,2180.0,2124.0,2074.0,2068.0,1986.0,1792.0,1877.0,2120.0,2230.0,2231.0,2169.0,2122.0,2072.0,2068.0,1977.0,1796.0,1886.0,2137.0,2226.0,2232.0,2177.0,2126.0,2080.0,2053.0,1996.0,1803.0,1880.0,2126.0,2232.0,2243.0,2187.0,2144.0,2086.0,2052.0,1996.0,1818.0,2095.0,2156.0,2184.0,2201.0,2108.0,2119.0,2100.0,2066.0,2018.0,1818.0,1932.0,2028.0,2177.0,2254.0,2214.0,2157.0,2090.0,2042.0,1993.0,1787.0,1850.0,2096.0,2196.0,2204.0,2152.0,2099.0,2048.0,2003.0,1973.0,1780.0,1851.0,2100.0,2193.0,2216.0,2152.0,2098.0,2051.0,2008.0,1995.0,1801.0,1875.0,2105.0,2208.0,2216.0,2169.0,2114.0,2067.0,2030.0,1992.0,1805.0,2073.0,2139.0,2165.0,2192.0,2139.0,2092.0,2054.0,2016.0,1990.0,1808.0
2122.0,2072.0,2068.0,1977.0,1796.0,1886.0,2137.0,2226.0,2232.0,2177.0,2126.0,2080.0,2053.0,1996.0,1803.0,1880.0,2126.0,2232.0,2243.0,2187.0,2144.0,2086.0,2052.0,1996.0,1818.0,2095.0,2156.0,2184.0,2201.0,2108.0,2119.0,2100.0,2066.0,2018.0,1818.0,1932.0,2028.0,2177.0,2254.0,2214.0,2157.0,2090.0,2042.0,1993.0,1787.0,1850.0,2096.0,2196.0,2204.0,2152.0,2099.0,2048.0,2003.0,1973.0,1780.0,1851.0,2100.0,2193.0,2216.0,2152.0,2098.0,2051.0,2008.0,1995.0,1801.0,1875.0,2105.0,2208.0,2216.0,2169.0,2114.0,2067.0,2030.0,1992.0,1805.0,2073.0,2139.0,2165.0,2192.0,2139.0,2092.0,2054.0,2016.0,1990.0,1808.0,1879.0,2123.0,2224.0,2236.0,2171.0,2120.0,2062.0,2022.0,1968.0,1812.0,1920.0,2020.0,2173.0,2256.0,2283.0
1880.0,2126.0,2232.0,2243.0,2187.0,2144.0,2086.0,2052.0,1996.0,1818.0,2095.0,2156.0,2184.0,2201.0,2108.0,2119.0,2100.0,2066.0,2018.0,1818.0,1932.0,2028.0,2177.0,2254.0,2214.0,2157.0,2090.0,2042.0,1993.0,1787.0,1850.0,2096.0,2196.0,2204.0,2152.0,2099.0,2048.0,2003.0,1973.0,1780.0,1851.0,2100.0,2193.0,2216.0,2152.0,2098.0,2051.0,2008.0,1995.0,1801.0,1875.0,2105.0,2208.0,2216.0,2169.0,2114.0,2067.0,2030.0,1992.0,1805.0,2073.0,2139.0,2165.0,2192.0,2139.0,2092.0,2054.0,2016.0,1990.0,1808.0,1879.0,2123.0,2224.0,2236.0,2171.0,2120.0,2062.0,2022.0,1968.0,1812.0,1920.0,2020.0,2173.0,2256.0,2283.0,2136.0,2078.0,2025.0,1976.0,1804.0,1874.0,2112.0,2189.0,2193.0,2136.0,2084.0,2033.0,1997.0,1933.0,1818.0
2119.0,2100.0,2066.0,2018.0,1818.0,1932.0,2028.0,2177.0,2254.0,2214.0,2157.0,2090.0,2042.0,1993.0,1787.0,1850.0,2096.0,2196.0,2204.0,2152.0,2099.0,2048.0,2003.0,1973.0,1780.0,1851.0,2100.0,2193.0,2216.0,2152.0,2098.0,2051.0,2008.0,1995.0,1801.0,1875.0,2105.0,2208.0,2216.0,2169.0,2114.0,2067.0,2030.0,1992.0,1805.0,2073.0,2139.0,2165.0,2192.0,2139.0,2092.0,2054.0,2016.0,1990.0,1808.0,1879.0,2123.0,2224.0,2236.0,2171.0,2120.0,2062.0,2022.0,1968.0,1812.0,1920.0,2020.0,2173.0,2256.0,2283.0,2136.0,2078.0,2025.0,1976.0,1804.0,1874.0,2112.0,2189.0,2193.0,2136.0,2084.0,2033.0,1997.0,1933.0,1818.0,1845.0,2094.0,2185.0,2191.0,2144.0,2084.0,2032.0,1991.0,1930.0,1792.0,2058.0,2115.0,2133.0,2152.0,2115.0
1850.0,2096.0,2196.0,2204.0,2152.0,2099.0,2048.0,2003.0,1973.0,1780.0,1851.0,2100.0,2193.0,2216.0,2152.0,2098.0,2051.0,2008.0,1995.0,1801.0,1875.0,2105.0,2208.0,2216.0,2169.0,2114.0,2067.0,2030.0,1992.0,1805.0,2073.0,2139.0,2165.0,2192.0,2139.0,2092.0,2054.0,2016.0,1990.0,1808.0,1879.0,2123.0,2224.0,2236.0,2171.0,2120.0,2062.0,2022.0,1968.0,1812.0,1920.0,2020.0,2173.0,2256.0,2283.0,2136.0,2078.0,2025.0,1976.0,1804.0,1874.0,2112.0,2189.0,2193.0,2136.0,2084.0,2033.0,1997.0,1933.0,1818.0,1845.0,2094.0,2185.0,2191.0,2144.0,2084.0,2032.0,1991.0,1930.0,1792.0,2058.0,2115.0,2133.0,2152.0,2115.0,2080.0,2036.0,2007.0,1942.0,1824.0,1876.0,2127.0,2214.0,2226.0,2180.0,2116.0,2067.0,2022.0,1955.0,1844.0
2098.0,2051.0,2008.0,1995.0,1801.0,1875.0,2105.0,2208.0,2216.0,2169.0,2114.0,2067.0,2030.0,1992.0,1805.0,2073.0,2139.0,2165.0,2192.0,2139.0,2092.0,2054.0,2016.0,1990.0,1808.0,1879.0,2123.0,2224.0,2236.0,2171.0,2120.0,2062.0,2022.0,1968.0,1812.0,1920.0,2020.0,2173.0,2256.0,2283.0,2136.0,2078.0,2025.0,1976.0,1804.0,1874.0,2112.0,2189.0,2193.0,2136.0,2084.0,2033.0,1997.0,1933.0,1818.0,1845.0,2094.0,2185.0,2191.0,2144.0,2084.0,2032.0,1991.0,1930.0,1792.0,2058.0,2115.0,2133.0,2152.0,2115.0,2080.0,2036.0,2007.0,1942.0,1824.0,1876.0,2127.0,2214.0,2226.0,2180.0,2116.0,2067.0,2022.0,1955.0,1844.0,1908.0,2130.0,2208.0,2218.0,2166.0,2122.0,2072.0,2028.0,1968.0,1851.0,1944.0,2033.0,2196.0,2266.0,2242.0
2073.0,2139.0,2165.0,2192.0,2139.0,2092.0,2054.0,2016.0,1990.0,1808.0,1879.0,2123.0,2224.0,2236.0,2171.0,2120.0,2062.0,2022.0,1968.0,1812.0,1920.0,2020.0,2173.0,2256.0,2283.0,2136.0,2078.0,2025.0,1976.0,1804.0,1874.0,2112.0,2189.0,2193.0,2136.0,2084.0,2033.0,1997.0,1933.0,1818.0,1845.0,2094.0,2185.0,2191.0,2144.0,2084.0,2032.0,1991.0,1930.0,1792.0,2058.0,2115.0,2133.0,2152.0,2115.0,2080.0,2036.0,2007.0,1942.0,1824.0,1876.0,2127.0,2214.0,2226.0,2180.0,2116.0,2067.0,2022.0,1955.0,1844.0,1908.0,2130.0,2208.0,2218.0,2166.0,2122.0,2072.0,2028.0,1968.0,1851.0,1944.0,2033.0,2196.0,2266.0,2242.0,2180.0,2112.0,2060.0,1978.0,1871.0,1918.0,2130.0,2200.0,2206.0,2150.0,2098.0,2052.0,2007.0,1948.0,1848.0
2120.0,2062.0,2022.0,1968.0,1812.0,1920.0,2020.0,2173.0,2256.0,2283.0,2136.0,2078.0,2025.0,1976.0,1804.0,1874.0,2112.0,2189.0,2193.0,2136.0,2084.0,2033.0,1997.0,1933.0,1818.0,1845.0,2094.0,2185.0,2191.0,2144.0,2084.0,2032.0,1991.0,1930.0,1792.0,2058.0,2115.0,2133.0,2152.0,2115.0,2080.0,2036.0,2007.0,1942.0,1824.0,1876.0,2127.0,2214.0,2226.0,2180.0,2116.0,2067.0,2022.0,1955.0,1844.0,1908.0,2130.0,2208.0,2218.0,2166.0,2122.0,2072.0,2028.0,1968.0,1851.0,1944.0,2033.0,2196.0,2266.0,2242.0,2180.0,2112.0,2060.0,1978.0,1871.0,1918.0,2130.0,2200.0,2206.0,2150.0,2098.0,2052.0,2007.0,1948.0,1848.0,2094.0,2144.0,2169.0,2188.0,2100.0,2123.0,2100.0,2073.0,2004.0,1902.0,1944.0,2156.0,2226.0,2226.0,2172.0
1874.0,2112.0,2189.0,2193.0,2136.0,2084.0,2033.0,1997.0,1933.0,1818.0,1845.0,2094.0,2185.0,2191.0,2144.0,2084.0,2032.0,1991.0,1930.0,1792.0,2058.0,2115.0,2133.0,2152.0,2115.0,2080.0,2036.0,2007.0,1942.0,1824.0,1876.0,2127.0,2214.0,2226.0,2180.0,2116.0,2067.0,2022.0,1955.0,1844.0,1908.0,2130.0,2208.0,2218.0,2166.0,2122.0,2072.0,2028.0,1968.0,1851.0,1944.0,2033.0,2196.0,2266.0,2242.0,2180.0,2112.0,2060.0,1978.0,1871.0,1918.0,2130.0,2200.0,2206.0,2150.0,2098.0,2052.0,2007.0,1948.0,1848.0,2094.0,2144.0,2169.0,2188.0,2100.0,2123.0,2100.0,2073.0,2004.0,1902.0,1944.0,2156.0,2226.0,2226.0,2172.0,2116.0,2063.0,2013.0,1952.0,1852.0,1924.0,2136.0,2205.0,2216.0,2152.0,2109.0,2063.0,2029.0,1958.0,1856.0
2084.0,2032.0,1991.0,1930.0,1792.0,2058.0,2115.0,2133.0,2152.0,2115.0,2080.0,2036.0,2007.0,1942.0,1824.0,1876.0,2127.0,2214.0,2226.0,2180.0,2116.0,2067.0,2022.0,1955.0,1844.0,1908.0,2130.0,2208.0,2218.0,2166.0,2122.0,2072.0,2028.0,1968.0,1851.0,1944.0,2033.0,2196.0,2266.0,2242.0,2180.0,2112.0,2060.0,1978.0,1871.0,1918.0,2130.0,2200.0,2206.0,2150.0,2098.0,2052.0,2007.0,1948.0,1848.0,2094.0,2144.0,2169.0,2188.0,2100.0,2123.0,2100.0,2073.0,2004.0,1902.0,1944.0,2156.0,2226.0,2226.0,2172.0,2116.0,2063.0,2013.0,1952.0,1852.0,1924.0,2136.0,2205.0,2216.0,2152.0,2109.0,2063.0,2029.0,1958.0,1856.0,1912.0,2134.0,2221.0,2224.0,2169.0,2126.0,2069.0,2024.0,1958.0,1818.0,1942.0,2012.0,2172.0,2258.0,2223.0
1876.0,2127.0,2214.0,2226.0,2180.0,2116.0,2067.0,2022.0,1955.0,1844.0,1908.0,2130.0,2208.0,2218.0,2166.0,2122.0,2072.0,2028.0,1968.0,1851.0,1944.0,2033.0,2196.0,2266.0,2242.0,2180.0,2112.0,2060.0,1978.0,1871.0,1918.0,2130.0,2200.0,2206.0,2150.0,2098.0,2052.0,2007.0,1948.0,1848.0,2094.0,2144.0,2169.0,2188.0,2100.0,2123.0,2100.0,2073.0,2004.0,1902.0,1944.0,2156.0,2226.0,2226.0,2172.0,2116.0,2063.0,2013.0,1952.0,1852.0,1924.0,2136.0,2205.0,2216.0,2152.0,2109.0,2063.0,2029.0,1958.0,1856.0,1912.0,2134.0,2221.0,2224.0,2169.0,2126.0,2069.0,2024.0,1958.0,1818.0,1942.0,2012.0,2172.0,2258.0,2223.0,2178.0,2112.0,2049.0,1960.0,1810.0,2082.0,2132.0,2149.0,2153.0,2112.0,2076.0,2038.0,2000.0,1936.0,1789.0
2122.0,2072.0,2028.0,1968.0,1851.0,1944.0,2033.0,2196.0,2266.0,2242.0,2180.0,2112.0,2060.0,1978.0,1871.0,1918.0,2130.0,2200.0,2206.0,2150.0,2098.0,2052.0,2007.0,1948.0,1848.0,2094.0,2144.0,2169.0,2188.0,2100.0,2123.0,2100.0,2073.0,2004.0,1902.0,1944.0,2156.0,2226.0,2226.0,2172.0,2116.0,2063.0,2013.0,1952.0,1852.0,1924.0,2136.0,2205.0,2216.0,2152.0,2109.0,2063.0,2029.0,1958.0,1856.0,1912.0,2134.0,2221.0,2224.0,2169.0,2126.0,2069.0,2024.0,1958.0,1818.0,1942.0,2012.0,2172.0,2258.0,2223.0,2178.0,2112.0,2049.0,1960.0,1810.0,2082.0,2132.0,2149.0,2153.0,2112.0,2076.0,2038.0,2000.0,1936.0,1789.0,1912.0,2136.0,2217.0,2228.0,2168.0,2128.0,2070.0,2029.0,1965.0,1826.0,1936.0,2157.0,2233.0,2229.0,2174.0
1918.0,2130.0,2200.0,2206.0,2150.0,2098.0,2052.0,2007.0,1948.0,1848.0,2094.0,2144.0,2169.0,2188.0,2100.0,2123.0,2100.0,2073.0,2004.0,1902.0,1944.0,2156.0,2226.0,2226.0,2172.0,2116.0,2063.0,2013.0,1952.0,1852.0,1924.0,2136.0,2205.0,2216.0,2152.0,2109.0,2063.0,2029.0,1958.0,1856.0,1912.0,2134.0,2221.0,2224.0,2169.0,2126.0,2069.0,2024.0,1958.0,1818.0,1942.0,2012.0,2172.0,2258.0,2223.0,2178.0,2112.0,2049.0,1960.0,1810.0,2082.0,2132.0,2149.0,2153.0,2112.0,2076.0,2038.0,2000.0,1936.0,1789.0,1912.0,2136.0,2217.0,2228.0,2168.0,2128.0,2070.0,2029.0,1965.0,1826.0,1936.0,2157.0,2233.0,2229.0,2174.0,2125.0,2067.0,2030.0,1962.0,1808.0,1936.0,2156.0,2228.0,2232.0,2172.0,2118.0,2077.0,2030.0,1976.0,1813.0
2123.0,2100.0,2073.0,2004.0,1902.0,1944.0,2156.0,2226.0,2226.0,2172.0,2116.0,2063.0,2013.0,1952.0,1852.0,1924.0,2136.0,2205.0,2216.0,2152.0,2109.0,2063.0,2029.0,1958.0,1856.0,1912.0,2134.0,2221.0,2224.0,2169.0,2126.0,2069.0,2024.0,1958.0,1818.0,1942.0,2012.0,2172.0,2258.0,2223.0,2178.0,2112.0,2049.0,1960.0,1810.0,2082.0,2132.0,2149.0,2153.0,2112.0,2076.0,2038.0,2000.0,1936.0,1789.0,1912.0,2136.0,2217.0,2228.0,2168.0,2128.0,2070.0,2029.0,1965.0,1826.0,1936.0,2157.0,2233.0,2229.0,2174.0,2125.0,2067.0,2030.0,1962.0,1808.0,1936.0,2156.0,2228.0,2232.0,2172.0,2118.0,2077.0,2030.0,1976.0,1813.0,1947.0,2163.0,2228.0,2224.0,2160.0,2115.0,2060.0,2018.0,1952.0,1797.0,2181.0,2148.0,2086.0,2181.0,2180.0
1924.0,2136.0,2205.0,2216.0,2152.0,2109.0,2063.0,2029.0,1958.0,1856.0,1912.0,2134.0,2221.0,2224.0,2169.0,2126.0,2069.0,2024.0,1958.0,1818.0,1942.0,2012.0,2172.0,2258.0,2223.0,2178.0,2112.0,2049.0,1960.0,1810.0,2082.0,2132.0,2149.0,2153.0,2112.0,2076.0,2038.0,2000.0,1936.0,1789.0,1912.0,2136.0,2217.0,2228.0,2168.0,2128.0,2070.0,2029.0,1965.0,1826.0,1936.0,2157.0,2233.0,2229.0,2174.0,2125.0,2067.0,2030.0,1962.0,1808.0,1936.0,2156.0,2228.0,2232.0,2172.0,2118.0,2077.0,2030.0,1976.0,1813.0,1947.0,2163.0,2228.0,2224.0,2160.0,2115.0,2060.0,2018.0,1952.0,1797.0,2181.0,2148.0,2086.0,2181.0,2180.0,2147.0,2110.0,2059.0,1985.0,1838.0,1932.0,2192.0,2238.0,2233.0,2161.0,2112.0,2062.0,2020.0,1948.0,1826.0
2126.0,2069.0,2024.0,1958.0,1818.0,1942.0,2012.0,2172.0,2258.0,2223.0,2178.0,2112.0,2049.0,1960.0,1810.0,2082.0,2132.0,2149.0,2153.0,2112.0,2076.0,2038.0,2000.0,1936.0,1789.0,1912.0,2136.0,2217.0,2228.0,2168.0,2128.0,2070.0,2029.0,1965.0,1826.0,1936.0,2157.0,2233.0,2229.0,2174.0,2125.0,2067.0,2030.0,1962.0,1808.0,1936.0,2156.0,2228.0,2232.0,2172.0,2118.0,2077.0,2030.0,1976.0,1813.0,1947.0,2163.0,2228.0,2224.0,2160.0,2115.0,2060.0,2018.0,1952.0,1797.0,2181.0,2148.0,2086.0,2181.0,2180.0,2147.0,2110.0,2059.0,1985.0,1838.0,1932.0,2192.0,2238.0,2233.0,2161.0,2112.0,2062.0,2020.0,1948.0,1826.0,1917.0,2184.0,2243.0,2224.0,2167.0,2112.0,2071.0,2018.0,1961.0,1818.0,1897.0,2171.0,2220.0,2212.0,2147.0
2082.0,2132.0,2149.0,2153.0,2112.0,2076.0,2038.0,2000.0,1936.0,1789.0,1912.0,2136.0,2217.0,2228.0,2168.0,2128.0,2070.0,2029.0,1965.0,1826.0,1936.0,2157.0,2233.0,2229.0,2174.0,2125.0,2067.0,2030.0,1962.0,1808.0,1936.0,2156.0,2228.0,2232.0,2172.0,2118.0,2077.0,2030.0,1976.0,1813.0,1947.0,2163.0,2228.0,2224.0,2160.0,2115.0,2060.0,2018.0,1952.0,1797.0,2181.0,2148.0,2086.0,2181.0,2180.0,2147.0,2110.0,2059.0,1985.0,1838.0,1932.0,2192.0,2238.0,2233.0,2161.0,2112.0,2062.0,2020.0,1948.0,1826.0,1917.0,2184.0,2243.0,2224.0,2167.0,2112.0,2071.0,2018.0,1961.0,1818.0,1897.0,2171.0,2220.0,2212.0,2147.0,2096.0,2048.0,2012.0,1943.0,1808.0,1910.0,2176.0,2232.0,2214.0,2148.0,2092.0,2053.0,2004.0,1927.0,1805.0
2128.0,2070.0,2029.0,1965.0,1826.0,1936.0,2157.0,2233.0,2229.0,2174.0,2125.0,2067.0,2030.0,1962.0,1808.0,1936.0,2156.0,2228.0,2232.0,2172.0,2118.0,2077.0,2030.0,1976.0,1813.0,1947.0,2163.0,2228.0,2224.0,2160.0,2115.0,2060.0,2018.0,1952.0,1797.0,2181.0,2148.0,2086.0,2181.0,2180.0,2147.0,2110.0,2059.0,1985.0,1838.0,1932.0,2192.0,2238.0,2233.0,2161.0,2112.0,2062.0,2020.0,1948.0,1826.0,1917.0,2184.0,2243.0,2224.0,2167.0,2112.0,2071.0,2018.0,1961.0,1818.0,1897.0,2171.0,2220.0,2212.0,2147.0,2096.0,2048.0,2012.0,1943.0,1808.0,1910.0,2176.0,2232.0,2214.0,2148.0,2092.0,2053.0,2004.0,1927.0,1805.0,2082.0,2192.0,2188.0,2183.0,2068.0,2096.0,2093.0,2058.0,1992.0,1848.0,1972.0,2076.0,2224.0,2265.0,2217.0
1936.0,2156.0,2228.0,2232.0,2172.0,2118.0,2077.0,2030.0,1976.0,1813.0,1947.0,2163.0,2228.0,2224.0,2160.0,2115.0,2060.0,2018.0,1952.0,1797.0,2181.0,2148.0,2086.0,2181.0,2180.0,2147.0,2110.0,2059.0,1985.0,1838.0,1932.0,2192.0,2238.0,2233.0,2161.0,2112.0,2062.0,2020.0,1948.0,1826.0,1917.0,2184.0,2243.0,2224.0,2167.0,2112.0,2071.0,2018.0,1961.0,1818.0,1897.0,2171.0,2220.0,2212.0,2147.0,2096.0,2048.0,2012.0,1943.0,1808.0,1910.0,2176.0,2232.0,2214.0,2148.0,2092.0,2053.0,2004.0,1927.0,1805.0,2082.0,2192.0,2188.0,2183.0,2068.0,2096.0,2093.0,2058.0,1992.0,1848.0,1972.0,2076.0,2224.0,2265.0,2217.0,2151.0,2087.0,2034.0,1940.0,1806.0,1892.0,2164.0,2218.0,2204.0,2133.0,2085.0,2042.0,2000.0,1941.0,1813.0
2115.0,2060.0,2018.0,1952.0,1797.0,2181.0,2148.0,2086.0,2181.0,2180.0,2147.0,2110.0,2059.0,1985.0,1838.0,1932.0,2192.0,2238.0,2233.0,2161.0,2112.0,2062.0,2020.0,1948.0,1826.0,1917.0,2184.0,2243.0,2224.0,2167.0,2112.0,2071.0,2018.0,1961.0,1818.0,1897.0,2171.0,2220.0,2212.0,2147.0,2096.0,2048.0,2012.0,1943.0,1808.0,1910.0,2176.0,2232.0,2214.0,2148.0,2092.0,2053.0,2004.0,1927.0,1805.0,2082.0,2192.0,2188.0,2183.0,2068.0,2096.0,2093.0,2058.0,1992.0,1848.0,1972.0,2076.0,2224.0,2265.0,2217.0,2151.0,2087.0,2034.0,1940.0,1806.0,1892.0,2164.0,2218.0,2204.0,2133.0,2085.0,2042.0,2000.0,1941.0,1813.0,1913.0,2147.0,2250.0,2236.0,2168.0,2112.0,2066.0,2039.0,1968.0,1840.0,1949.0,2176.0,2270.0,2244.0,2181.0
1932.0,2192.0,2238.0,2233.0,2161.0,2112.0,2062.0,2020.0,1948.0,1826.0,1917.0,2184.0,2243.0,2224.0,2167.0,2112.0,2071.0,2018.0,1961.0,1818.0,1897.0,2171.0,2220.0,2212.0,2147.0,2096.0,2048.0,2012.0,1943.0,1808.0,1910.0,2176.0,2232.0,2214.0,2148.0,2092.0,2053.0,2004.0,1927.0,1805.0,2082.0,2192.0,2188.0,2183.0,2068.0,2096.0,2093.0,2058.0,1992.0,1848.0,1972.0,2076.0,2224.0,2265.0,2217.0,2151.0,2087.0,2034.0,1940.0,1806.0,1892.0,2164.0,2218.0,2204.0,2133.0,2085.0,2042.0,2000.0,1941.0,1813.0,1913.0,2147.0,2250.0,2236.0,2168.0,2112.0,2066.0,2039.0,1968.0,1840.0,1949.0,2176.0,2270.0,2244.0,2181.0,2122.0,2082.0,2040.0,1965.0,1836.0,2106.0,2178.0,2224.0,2206.0,2138.0,2101.0,2050.0,2030.0,1960.0,1833.0
2112.0,2071.0,2018.0,1961.0,1818.0,1897.0,2171.0,2220.0,2212.0,2147.0,2096.0,2048.0,2012.0,1943.0,1808.0,1910.0,2176.0,2232.0,2214.0,2148.0,2092.0,2053.0,2004.0,1927.0,1805.0,2082.0,2192.0,2188.0,2183.0,2068.0,2096.0,2093.0,2058.0,1992.0,1848.0,1972.0,2076.0,2224.0,2265.0,2217.0,2151.0,2087.0,2034.0,1940.0,1806.0,1892.0,2164.0,2218.0,2204.0,2133.0,2085.0,2042.0,2000.0,1941.0,1813.0,1913.0,2147.0,2250.0,2236.0,2168.0,2112.0,2066.0,2039.0,1968.0,1840.0,1949.0,2176.0,2270.0,2244.0,2181.0,2122.0,2082.0,2040.0,1965.0,1836.0,2106.0,2178.0,2224.0,2206.0,2138.0,2101.0,2050.0,2030.0,1960.0,1833.0,1929.0,2172.0,2276.0,2248.0,2180.0,2120.0,2072.0,2026.0,1956.0,1820.0,1946.0,2029.0,2233.0,2279.0,2222.0
1910.0,2176.0,2232.0,2214.0,2148.0,2092.0,2053.0,2004.0,1927.0,1805.0,2082.0,2192.0,2188.0,2183.0,2068.0,2096.0,2093.0,2058.0,1992.0,1848.0,1972.0,2076.0,2224.0,2265.0,2217.0,2151.0,2087.0,2034.0,1940.0,1806.0,1892.0,2164.0,2218.0,2204.0,2133.0,2085.0,2042.0,2000.0,1941.0,1813.0,1913.0,2147.0,2250.0,2236.0,2168.0,2112.0,2066.0,2039.0,1968.0,1840.0,1949.0,2176.0,2270.0,2244.0,2181.0,2122.0,2082.0,2040.0,1965.0,1836.0,2106.0,2178.0,2224.0,2206.0,2138.0,2101.0,2050.0,2030.0,1960.0,1833.0,1929.0,2172.0,2276.0,2248.0,2180.0,2120.0,2072.0,2026.0,1956.0,1820.0,1946.0,2029.0,2233.0,2279.0,2222.0,2164.0,2100.0,2055.0,1970.0,1828.0,1913.0,2151.0,2264.0,2234.0,2164.0,2100.0,2057.0,2022.0,1958.0,1827.0
2096.0,2093.0,2058.0,1992.0,1848.0,1972.0,2076.0,2224.0,2265.0,2217.0,2151.0,2087.0,2034.0,1940.0,1806.0,1892.0,2164.0,2218.0,2204.0,2133.0,2085.0,2042.0,2000.0,1941.0,1813.0,1913.0,2147.0,2250.0,2236.0,2168.0,2112.0,2066.0,2039.0,1968.0,1840.0,1949.0,2176.0,2270.0,2244.0,2181.0,2122.0,2082.0,2040.0,1965.0,1836.0,2106.0,2178.0,2224.0,2206.0,2138.0,2101.0,2050.0,2030.0,1960.0,1833.0,1929.0,2172.0,2276.0,2248.0,2180.0,2120.0,2072.0,2026.0,1956.0,1820.0,1946.0,2029.0,2233.0,2279.0,2222.0,2164.0,2100.0,2055.0,1970.0,1828.0,1913.0,2151.0,2264.0,2234.0,2164.0,2100.0,2057.0,2022.0,1958.0,1827.0,1924.0,2165.0,2272.0,2252.0,2177.0,2120.0,2069.0,2030.0,1961.0,1829.0,2114.0,2176.0,2240.0,2224.0,2163.0
1892.0,2164.0,2218.0,2204.0,2133.0,2085.0,2042.0,2000.0,1941.0,1813.0,1913.0,2147.0,2250.0,2236.0,2168.0,2112.0,2066.0,2039.0,1968.0,1840.0,1949.0,2176.0,2270.0,2244.0,2181.0,2122.0,2082.0,2040.0,1965.0,1836.0,2106.0,2178.0,2224.0,2206.0,2138.0,2101.0,2050.0,2030.0,1960.0,1833.0,1929.0,2172.0,2276.0,2248.0,2180.0,2120.0,2072.0,2026.0,1956.0,1820.0,1946.0,2029.0,2233.0,2279.0,2222.0,2164.0,2100.0,2055.0,1970.0,1828.0,1913.0,2151.0,2264.0,2234.0,2164.0,2100.0,2057.0,2022.0,1958.0,1827.0,1924.0,2165.0,2272.0,2252.0,2177.0,2120.0,2069.0,2030.0,1961.0,1829.0,2114.0,2176.0,2240.0,2224.0,2163.0,2112.0,2075.0,2051.0,1981.0,1854.0,1943.0,2181.0,2294.0,2282.0,2196.0,2130.0,2080.0,2032.0,1974.0,1829.0
2112.0,2066.0,2039.0,1968.0,1840.0,1949.0,2176.0,2270.0,2244.0,2181.0,2122.0,2082.0,2040.0,1965.0,1836.0,2106.0,2178.0,2224.0,2206.0,2138.0,2101.0,2050.0,2030.0,1960.0,1833.0,1929.0,2172.0,2276.0,2248.0,2180.0,2120.0,2072.0,2026.0,1956.0,1820.0,1946.0,2029.0,2233.0,2279.0,2222.0,2164.0,2100.0,2055.0,1970.0,1828.0,1913.0,2151.0,2264.0,2234.0,2164.0,2100.0,2057.0,2022.0,1958.0,1827.0,1924.0,2165.0,2272.0,2252.0,2177.0,2120.0,2069.0,2030.0,1961.0,1829.0,2114.0,2176.0,2240.0,2224.0,2163.0,2112.0,2075.0,2051.0,1981.0,1854.0,1943.0,2181.0,2294.0,2282.0,2196.0,2130.0,2080.0,2032.0,1974.0,1829.0,1929.0,2164.0,2272.0,2260.0,2178.0,2120.0,2065.0,2020.0,1964.0,1828.0,1961.0,2053.0,2215.0,2296.0,2196.0
2106.0,2178.0,2224.0,2206.0,2138.0,2101.0,2050.0,2030.0,1960.0,1833.0,1929.0,2172.0,2276.0,2248.0,2180.0,2120.0,2072.0,2026.0,1956.0,1820.0,1946.0,2029.0,2233.0,2279.0,2222.0,2164.0,2100.0,2055.0,1970.0,1828.0,1913.0,2151.0,2264.0,2234.0,2164.0,2100.0,2057.0,2022.0,1958.0,1827.0,1924.0,2165.0,2272.0,2252.0,2177.0,2120.0,2069.0,2030.0,1961.0,1829.0,2114.0,2176.0,2240.0,2224.0,2163.0,2112.0,2075.0,2051.0,1981.0,1854.0,1943.0,2181.0,2294.0,2282.0,2196.0,2130.0,2080.0,2032.0,1974.0,1829.0,1929.0,2164.0,2272.0,2260.0,2178.0,2120.0,2065.0,2020.0,1964.0,1828.0,1961.0,2053.0,2215.0,2296.0,2196.0,2069.0,2001.0,2008.0,2049.0,2035.0,2155.0,2358.0,2372.0,2336.0,2186.0,2080.0,1987.0,1927.0,1858.0,1717.0
2120.0,2072.0,2026.0,1956.0,1820.0,1946.0,2029.0,2233.0,2279.0,2222.0,2164.0,2100.0,2055.0,1970.0,1828.0,1913.0,2151.0,2264.0,2234.0,2164.0,2100.0,2057.0,2022.0,1958.0,1827.0,1924.0,2165.0,2272.0,2252.0,2177.0,2120.0,2069.0,2030.0,1961.0,1829.0,2114.0,2176.0,2240.0,2224.0,2163.0,2112.0,2075.0,2051.0,1981.0,1854.0,1943.0,2181.0,2294.0,2282.0,2196.0,2130.0,2080.0,2032.0,1974.0,1829.0,1929.0,2164.0,2272.0,2260.0,2178.0,2120.0,2065.0,2020.0,1964.0,1828.0,1961.0,2053.0,2215.0,2296.0,2196.0,2069.0,2001.0,2008.0,2049.0,2035.0,2155.0,2358.0,2372.0,2336.0,2186.0,2080.0,1987.0,1927.0,1858.0,1717.0,1987.0,2056.0,2084.0,2122.0,2003.0,2013.0,2010.0,1976.0,1928.0,1782.0,1892.0,2112.0,2185.0,2212.0,2127.0
1913.0,2151.0,2264.0,2234.0,2164.0,2100.0,2057.0,2022.0,1958.0,1827.0,1924.0,2165.0,2272.0,2252.0,2177.0,2120.0,2069.0,2030.0,1961.0,1829.0,2114.0,2176.0,2240.0,2224.0,2163.0,2112.0,2075.0,2051.0,1981.0,1854.0,1943.0,2181.0,2294.0,2282.0,2196.0,2130.0,2080.0,2032.0,1974.0,1829.0,1929.0,2164.0,2272.0,2260.0,2178.0,2120.0,2065.0,2020.0,1964.0,1828.0,1961.0,2053.0,2215.0,2296.0,2196.0,2069.0,2001.0,2008.0,2049.0,2035.0,2155.0,2358.0,2372.0,2336.0,2186.0,2080.0,1987.0,1927.0,1858.0,1717.0,1987.0,2056.0,2084.0,2122.0,2003.0,2013.0,2010.0,1976.0,1928.0,1782.0,1892.0,2112.0,2185.0,2212.0,2127.0,2068.0,2020.0,1976.0,1916.0,1786.0,1906.0,2128.0,2212.0,2242.0,2160.0,2099.0,2051.0,2003.0,1940.0,1806.0
2120.0,2069.0,2030.0,1961.0,1829.0,2114.0,2176.0,2240.0,2224.0,2163.0,2112.0,2075.0,2051.0,1981.0,1854.0,1943.0,2181.0,2294.0,2282.0,2196.0,2130.0,2080.0,2032.0,1974.0,1829.0,1929.0,2164.0,2272.0,2260.0,2178.0,2120.0,2065.0,2020.0,1964.0,1828.0,1961.0,2053.0,2215.0,2296.0,2196.0,2069.0,2001.0,2008.0,2049.0,2035.0,2155.0,2358.0,2372.0,2336.0,2186.0,2080.0,1987.0,1927.0,1858.0,1717.0,1987.0,2056.0,2084.0,2122.0,2003.0,2013.0,2010.0,1976.0,1928.0,1782.0,1892.0,2112.0,2185.0,2212.0,2127.0,2068.0,2020.0,1976.0,1916.0,1786.0,1906.0,2128.0,2212.0,2242.0,2160.0,2099.0,2051.0,2003.0,1940.0,1806.0,1898.0,2140.0,2217.0,2255.0,2162.0,2100.0,2045.0,2000.0,1950.0,1808.0,1948.0,2026.0,2202.0,2300.0,2232.0
1943.0,2181.0,2294.0,2282.0,2196.0,2130.0,2080.0,2032.0,1974.0,1829.0,1929.0,2164.0,2272.0,2260.0,2178.0,2120.0,2065.0,2020.0,1964.0,1828.0,1961.0,2053.0,2215.0,2296.0,2196.0,2069.0,2001.0,2008.0,2049.0,2035.0,2155.0,2358.0,2372.0,2336.0,2186.0,2080.0,1987.0,1927.0,1858.0,1717.0,1987.0,2056.0,2084.0,2122.0,2003.0,2013.0,2010.0,1976.0,1928.0,1782.0,1892.0,2112.0,2185.0,2212.0,2127.0,2068.0,2020.0,1976.0,1916.0,1786.0,1906.0,2128.0,2212.0,2242.0,2160.0,2099.0,2051.0,2003.0,1940.0,1806.0,1898.0,2140.0,2217.0,2255.0,2162.0,2100.0,2045.0,2000.0,1950.0,1808.0,1948.0,2026.0,2202.0,2300.0,2232.0,2160.0,2084.0,2026.0,1952.0,1804.0,2073.0,2148.0,2161.0,2204.0,2126.0,2074.0,2030.0,1977.0,1927.0,1792.0
2120.0,2065.0,2020.0,1964.0,1828.0,1961.0,2053.0,2215.0,2296.0,2196.0,2069.0,2001.0,2008.0,2049.0,2035.0,2155.0,2358.0,2372.0,2336.0,2186.0,2080.0,1987.0,1927.0,1858.0,1717.0,1987.0,2056.0,2084.0,2122.0,2003.0,2013.0,2010.0,1976.0,1928.0,1782.0,1892.0,2112.0,2185.0,2212.0,2127.0,2068.0,2020.0,1976.0,1916.0,1786.0,1906.0,2128.0,2212.0,2242.0,2160.0,2099.0,2051.0,2003.0,1940.0,1806.0,1898.0,2140.0,2217.0,2255.0,2162.0,2100.0,2045.0,2000.0,1950.0,1808.0,1948.0,2026.0,2202.0,2300.0,2232.0,2160.0,2084.0,2026.0,1952.0,1804.0,2073.0,2148.0,2161.0,2204.0,2126.0,2074.0,2030.0,1977.0,1927.0,1792.0,1896.0,2136.0,2222.0,2252.0,2166.0,2094.0,2037.0,1989.0,1929.0,1801.0,1897.0,2128.0,2210.0,2224.0,2164.0
2155.0,2358.0,2372.0,2336.0,2186.0,2080.0,1987.0,1927.0,1858.0,1717.0,1987.0,2056.0,2084.0,2122.0,2003.0,2013.0,2010.0,1976.0,1928.0,1782.0,1892.0,2112.0,2185.0,2212.0,2127.0,2068.0,2020.0,1976.0,1916.0,1786.0,1906.0,2128.0,2212.0,2242.0,2160.0,2099.0,2051.0,2003.0,1940.0,1806.0,1898.0,2140.0,2217.0,2255.0,2162.0,2100.0,2045.0,2000.0,1950.0,1808.0,1948.0,2026.0,2202.0,2300.0,2232.0,2160.0,2084.0,2026.0,1952.0,1804.0,2073.0,2148.0,2161.0,2204.0,2126.0,2074.0,2030.0,1977.0,1927.0,1792.0,1896.0,2136.0,2222.0,2252.0,2166.0,2094.0,2037.0,1989.0,1929.0,1801.0,1897.0,2128.0,2210.0,2224.0,2164.0,2085.0,2035.0,1980.0,1928.0,1794.0,1896.0,2138.0,2221.0,2229.0,2176.0,2111.0,2049.0,2005.0,1939.0,1816.0
2013.0,2010.0,1976.0,1928.0,1782.0,1892.0,2112.0,2185.0,2212.0,2127.0,2068.0,2020.0,1976.0,1916.0,1786.0,1906.0,2128.0,2212.0,2242.0,2160.0,2099.0,2051.0,2003.0,1940.0,1806.0,1898.0,2140.0,2217.0,2255.0,2162.0,2100.0,2045.0,2000.0,1950.0,1808.0,1948.0,2026.0,2202.0,2300.0,2232.0,2160.0,2084.0,2026.0,1952.0,1804.0,2073.0,2148.0,2161.0,2204.0,2126.0,2074.0,2030.0,1977.0,1927.0,1792.0,1896.0,2136.0,2222.0,2252.0,2166.0,2094.0,2037.0,1989.0,1929.0,1801.0,1897.0,2128.0,2210.0,2224.0,2164.0,2085.0,2035.0,1980.0,1928.0,1794.0,1896.0,2138.0,2221.0,2229.0,2176.0,2111.0,2049.0,2005.0,1939.0,1816.0,1903.0,2140.0,2225.0,2220.0,2189.0,2105.0,2053.0,1996.0,1934.0,1803.0,2133.0,2105.0,2116.0,2214.0,2214.0
1906.0,2128.0,2212.0,2242.0,2160.0,2099.0,2051.0,2003.0,1940.0,1806.0,1898.0,2140.0,2217.0,2255.0,2162.0,2100.0,2045.0,2000.0,1950.0,1808.0,1948.0,2026.0,2202.0,2300.0,2232.0,2160.0,2084.0,2026.0,1952.0,1804.0,2073.0,2148.0,2161.0,2204.0,2126.0,2074.0,2030.0,1977.0,1927.0,1792.0,1896.0,2136.0,2222.0,2252.0,2166.0,2094.0,2037.0,1989.0,1929.0,1801.0,1897.0,2128.0,2210.0,2224.0,2164.0,2085.0,2035.0,1980.0,1928.0,1794.0,1896.0,2138.0,2221.0,2229.0,2176.0,2111.0,2049.0,2005.0,1939.0,1816.0,1903.0,2140.0,2225.0,2220.0,2189.0,2105.0,2053.0,1996.0,1934.0,1803.0,2133.0,2105.0,2116.0,2214.0,2214.0,2156.0,2086.0,2035.0,1946.0,1816.0,1906.0,2134.0,2210.0,2208.0,2172.0,2084.0,2033.0,1978.0,1912.0,1795.0
2100.0,2045.0,2000.0,1950.0,1808.0,1948.0,2026.0,2202.0,2300.0,2232.0,2160.0,2084.0,2026.0,1952.0,1804.0,2073.0,2148.0,2161.0,2204.0,2126.0,2074.0,2030.0,1977.0,1927.0,1792.0,1896.0,2136.0,2222.0,2252.0,2166.0,2094.0,2037.0,1989.0,1929.0,1801.0,1897.0,2128.0,2210.0,2224.0,2164.0,2085.0,2035.0,1980.0,1928.0,1794.0,1896.0,2138.0,2221.0,2229.0,2176.0,2111.0,2049.0,2005.0,1939.0,1816.0,1903.0,2140.0,2225.0,2220.0,2189.0,2105.0,2053.0,1996.0,1934.0,1803.0,2133.0,2105.0,2116.0,2214.0,2214.0,2156.0,2086.0,2035.0,1946.0,1816.0,1906.0,2134.0,2210.0,2208.0,2172.0,2084.0,2033.0,1978.0,1912.0,1795.0,1888.0,2128.0,2202.0,2210.0,2252.0,2096.0,2009.0,1956.0,1896.0,1793.0,1928.0,2164.0,2240.0,2240.0,2212.0
2073.0,2148.0,2161.0,2204.0,2126.0,2074.0,2030.0,1977.0,1927.0,1792.0,1896.0,2136.0,2222.0,2252.0,2166.0,2094.0,2037.0,1989.0,1929.0,1801.0,1897.0,2128.0,2210.0,2224.0,2164.0,2085.0,2035.0,1980.0,1928.0,1794.0,1896.0,2138.0,2221.0,2229.0,2176.0,2111.0,2049.0,2005.0,1939.0,1816.0,1903.0,2140.0,2225.0,2220.0,2189.0,2105.0,2053.0,1996.0,1934.0,1803.0,2133.0,2105.0,2116.0,2214.0,2214.0,2156.0,2086.0,2035.0,1946.0,1816.0,1906.0,2134.0,2210.0,2208.0,2172.0,2084.0,2033.0,1978.0,1912.0,1795.0,1888.0,2128.0,2202.0,2210.0,2252.0,2096.0,2009.0,1956.0,1896.0,1793.0,1928.0,2164.0,2240.0,2240.0,2212.0,2120.0,2052.0,2002.0,1943.0,1824.0,1922.0,2162.0,2234.0,2243.0,2224.0,2142.0,2070.0,2006.0,1945.0,1816.0
2094.0,2037.0,1989.0,1929.0,1801.0,1897.0,2128.0,2210.0,2224.0,2164.0,2085.0,2035.0,1980.0,1928.0,1794.0,1896.0,2138.0,2221.0,2229.0,2176.0,2111.0,2049.0,2005.0,1939.0,1816.0,1903.0,2140.0,2225.0,2220.0,2189.0,2105.0,2053.0,1996.0,1934.0,1803.0,2133.0,2105.0,2116.0,2214.0,2214.0,2156.0,2086.0,2035.0,1946.0,1816.0,1906.0,2134.0,2210.0,2208.0,2172.0,2084.0,2033.0,1978.0,1912.0,1795.0,1888.0,2128.0,2202.0,2210.0,2252.0,2096.0,2009.0,1956.0,1896.0,1793.0,1928.0,2164.0,2240.0,2240.0,2212.0,2120.0,2052.0,2002.0,1943.0,1824.0,1922.0,2162.0,2234.0,2243.0,2224.0,2142.0,2070.0,2006.0,1945.0,1816.0,2094.0,2170.0,2194.0,2200.0,2112.0,2116.0,2094.0,2054.0,1980.0,1853.0,1984.0,2060.0,2221.0,2282.0,2269.0
1896.0,2138.0,2221.0,2229.0,2176.0,2111.0,2049.0,2005.0,1939.0,1816.0,1903.0,2140.0,2225.0,2220.0,2189.0,2105.0,2053.0,1996.0,1934.0,1803.0,2133.0,2105.0,2116.0,2214.0,2214.0,2156.0,2086.0,2035.0,1946.0,1816.0,1906.0,2134.0,2210.0,2208.0,2172.0,2084.0,2033.0,1978.0,1912.0,1795.0,1888.0,2128.0,2202.0,2210.0,2252.0,2096.0,2009.0,1956.0,1896.0,1793.0,1928.0,2164.0,2240.0,2240.0,2212.0,2120.0,2052.0,2002.0,1943.0,1824.0,1922.0,2162.0,2234.0,2243.0,2224.0,2142.0,2070.0,2006.0,1945.0,1816.0,2094.0,2170.0,2194.0,2200.0,2112.0,2116.0,2094.0,2054.0,1980.0,1853.0,1984.0,2060.0,2221.0,2282.0,2269.0,2185.0,2104.0,2024.0,1947.0,1806.0,1904.0,2142.0,2208.0,2212.0,2170.0,2119.0,2052.0,1999.0,1933.0,1805.0
2105.0,2053.0,1996.0,1934.0,1803.0,2133.0,2105.0,2116.0,2214.0,2214.0,2156.0,2086.0,2035.0,1946.0,1816.0,1906.0,2134.0,2210.0,2208.0,2172.0,2084.0,2033.0,1978.0,1912.0,1795.0,1888.0,2128.0,2202.0,2210.0,2252.0,2096.0,2009.0,1956.0,1896.0,1793.0,1928.0,2164.0,2240.0,2240.0,2212.0,2120.0,2052.0,2002.0,1943.0,1824.0,1922.0,2162.0,2234.0,2243.0,2224.0,2142.0,2070.0,2006.0,1945.0,1816.0,2094.0,2170.0,2194.0,2200.0,2112.0,2116.0,2094.0,2054.0,1980.0,1853.0,1984.0,2060.0,2221.0,2282.0,2269.0,2185.0,2104.0,2024.0,1947.0,1806.0,1904.0,2142.0,2208.0,2212.0,2170.0,2119.0,2052.0,1999.0,1933.0,1805.0,1912.0,2152.0,2236.0,2236.0,2198.0,2138.0,2073.0,2009.0,1954.0,1813.0,1932.0,2161.0,2231.0,2235.0,2170.0
1906.0,2134.0,2210.0,2208.0,2172.0,2084.0,2033.0,1978.0,1912.0,1795.0,1888.0,2128.0,2202.0,2210.0,2252.0,2096.0,2009.0,1956.0,1896.0,1793.0,1928.0,2164.0,2240.0,2240.0,2212.0,2120.0,2052.0,2002.0,1943.0,1824.0,1922.0,2162.0,2234.0,2243.0,2224.0,2142.0,2070.0,2006.0,1945.0,1816.0,2094.0,2170.0,2194.0,2200.0,2112.0,2116.0,2094.0,2054.0,1980.0,1853.0,1984.0,2060.0,2221.0,2282.0,2269.0,2185.0,2104.0,2024.0,1947.0,1806.0,1904.0,2142.0,2208.0,2212.0,2170.0,2119.0,2052.0,1999.0,1933.0,1805.0,1912.0,2152.0,2236.0,2236.0,2198.0,2138.0,2073.0,2009.0,1954.0,1813.0,1932.0,2161.0,2231.0,2235.0,2170.0,2146.0,2070.0,2018.0,1953.0,1818.0,2101.0,2168.0,2192.0,2192.0,2147.0,2124.0,2064.0,2004.0,1943.0,1813.0
2096.0,2009.0,1956.0,1896.0,1793.0,1928.0,2164.0,2240.0,2240.0,2212.0,2120.0,2052.0,2002.0,1943.0,1824.0,1922.0,2162.0,2234.0,2243.0,2224.0,2142.0,2070.0,2006.0,1945.0,1816.0,2094.0,2170.0,2194.0,2200.0,2112.0,2116.0,2094.0,2054.0,1980.0,1853.0,1984.0,2060.0,2221.0,2282.0,2269.0,2185.0,2104.0,2024.0,1947.0,1806.0,1904.0,2142.0,2208.0,2212.0,2170.0,2119.0,2052.0,1999.0,1933.0,1805.0,1912.0,2152.0,2236.0,2236.0,2198.0,2138.0,2073.0,2009.0,1954.0,1813.0,1932.0,2161.0,2231.0,2235.0,2170.0,2146.0,2070.0,2018.0,1953.0,1818.0,2101.0,2168.0,2192.0,2192.0,2147.0,2124.0,2064.0,2004.0,1943.0,1813.0,1915.0,2171.0,2240.0,2249.0,2186.0,2156.0,2076.0,2008.0,1943.0,1806.0,1946.0,2035.0,2218.0,2288.0,2252.0
1922.0,2162.0,2234.0,2243.0,2224.0,2142.0,2070.0,2006.0,1945.0,1816.0,2094.0,2170.0,2194.0,2200.0,2112.0,2116.0,2094.0,2054.0,1980.0,1853.0,1984.0,2060.0,2221.0,2282.0,2269.0,2185.0,2104.0,2024.0,1947.0,1806.0,1904.0,2142.0,2208.0,2212.0,2170.0,2119.0,2052.0,1999.0,1933.0,1805.0,1912.0,2152.0,2236.0,2236.0,2198.0,2138.0,2073.0,2009.0,1954.0,1813.0,1932.0,2161.0,2231.0,2235.0,2170.0,2146.0,2070.0,2018.0,1953.0,1818.0,2101.0,2168.0,2192.0,2192.0,2147.0,2124.0,2064.0,2004.0,1943.0,1813.0,1915.0,2171.0,2240.0,2249.0,2186.0,2156.0,2076.0,2008.0,1943.0,1806.0,1946.0,2035.0,2218.0,2288.0,2252.0,2216.0,2120.0,2050.0,1965.0,1818.0,1913.0,2160.0,2228.0,2238.0,2168.0,2144.0,2069.0,1996.0,1932.0,1794.0
2116.0,2094.0,2054.0,1980.0,1853.0,1984.0,2060.0,2221.0,2282.0,2269.0,2185.0,2104.0,2024.0,1947.0,1806.0,1904.0,2142.0,2208.0,2212.0,2170.0,2119.0,2052.0,1999.0,1933.0,1805.0,1912.0,2152.0,2236.0,2236.0,2198.0,2138.0,2073.0,2009.0,1954.0,1813.0,1932.0,2161.0,2231.0,2235.0,2170.0,2146.0,2070.0,2018.0,1953.0,1818.0,2101.0,2168.0,2192.0,2192.0,2147.0,2124.0,2064.0,2004.0,1943.0,1813.0,1915.0,2171.0,2240.0,2249.0,2186.0,2156.0,2076.0,2008.0,1943.0,1806.0,1946.0,2035.0,2218.0,2288.0,2252.0,2216.0,2120.0,2050.0,1965.0,1818.0,1913.0,2160.0,2228.0,2238.0,2168.0,2144.0,2069.0,1996.0,1932.0,1794.0,1926.0,2152.0,2226.0,2218.0,2160.0,2132.0,2064.0,2008.0,1932.0,1807.0,2108.0,2170.0,2178.0,2181.0,2136.0
1904.0,2142.0,2208.0,2212.0,2170.0,2119.0,2052.0,1999.0,1933.0,1805.0,1912.0,2152.0,2236.0,2236.0,2198.0,2138.0,2073.0,2009.0,1954.0,1813.0,1932.0,2161.0,2231.0,2235.0,2170.0,2146.0,2070.0,2018.0,1953.0,1818.0,2101.0,2168.0,2192.0,2192.0,2147.0,2124.0,2064.0,2004.0,1943.0,1813.0,1915.0,2171.0,2240.0,2249.0,2186.0,2156.0,2076.0,2008.0,1943.0,1806.0,1946.0,2035.0,2218.0,2288.0,2252.0,2216.0,2120.0,2050.0,1965.0,1818.0,1913.0,2160.0,2228.0,2238.0,2168.0,2144.0,2069.0,1996.0,1932.0,1794.0,1926.0,2152.0,2226.0,2218.0,2160.0,2132.0,2064.0,2008.0,1932.0,1807.0,2108.0,2170.0,2178.0,2181.0,2136.0,2113.0,2066.0,1997.0,1936.0,1798.0,1929.0,2160.0,2225.0,2226.0,2163.0,2132.0,2072.0,2011.0,1938.0,1800.0
2138.0,2073.0,2009.0,1954.0,1813.0,1932.0,2161.0,2231.0,2235.0,2170.0,2146.0,2070.0,2018.0,1953.0,1818.0,2101.0,2168.0,2192.0,2192.0,2147.0,2124.0,2064.0,2004.0,1943.0,1813.0,1915.0,2171.0,2240.0,2249.0,2186.0,2156.0,2076.0,2008.0,1943.0,1806.0,1946.0,2035.0,2218.0,2288.0,2252.0,2216.0,2120.0,2050.0,1965.0,1818.0,1913.0,2160.0,2228.0,2238.0,2168.0,2144.0,2069.0,1996.0,1932.0,1794.0,1926.0,2152.0,2226.0,2218.0,2160.0,2132.0,2064.0,2008.0,1932.0,1807.0,2108.0,2170.0,2178.0,2181.0,2136.0,2113.0,2066.0,1997.0,1936.0,1798.0,1929.0,2160.0,2225.0,2226.0,2163.0,2132.0,2072.0,2011.0,1938.0,1800.0,1923.0,2160.0,2235.0,2230.0,2176.0,2137.0,2084.0,2006.0,1933.0,1796.0,1960.0,2038.0,2197.0,2260.0,2216.0
2101.0,2168.0,2192.0,2192.0,2147.0,2124.0,2064.0,2004.0,1943.0,1813.0,1915.0,2171.0,2240.0,2249.0,2186.0,2156.0,2076.0,2008.0,1943.0,1806.0,1946.0,2035.0,2218.0,2288.0,2252.0,2216.0,2120.0,2050.0,1965.0,1818.0,1913.0,2160.0,2228.0,2238.0,2168.0,2144.0,2069.0,1996.0,1932.0,1794.0,1926.0,2152.0,2226.0,2218.0,2160.0,2132.0,2064.0,2008.0,1932.0,1807.0,2108.0,2170.0,2178.0,2181.0,2136.0,2113.0,2066.0,1997.0,1936.0,1798.0,1929.0,2160.0,2225.0,2226.0,2163.0,2132.0,2072.0,2011.0,1938.0,1800.0,1923.0,2160.0,2235.0,2230.0,2176.0,2137.0,2084.0,2006.0,1933.0,1796.0,1960.0,2038.0,2197.0,2260.0,2216.0,2172.0,2109.0,2032.0,1939.0,1795.0,1907.0,2136.0,2209.0,2200.0,2140.0,2092.0,2062.0,1989.0,1912.0,1778.0
2156.0,2076.0,2008.0,1943.0,1806.0,1946.0,2035.0,2218.0,2288.0,2252.0,2216.0,2120.0,2050.0,1965.0,1818.0,1913.0,2160.0,2228.0,2238.0,2168.0,2144.0,2069.0,1996.0,1932.0,1794.0,1926.0,2152.0,2226.0,2218.0,2160.0,2132.0,2064.0,2008.0,1932.0,1807.0,2108.0,2170.0,2178.0,2181.0,2136.0,2113.0,2066.0,1997.0,1936.0,1798.0,1929.0,2160.0,2225.0,2226.0,2163.0,2132.0,2072.0,2011.0,1938.0,1800.0,1923.0,2160.0,2235.0,2230.0,2176.0,2137.0,2084.0,2006.0,1933.0,1796.0,1960.0,2038.0,2197.0,2260.0,2216.0,2172.0,2109.0,2032.0,1939.0,1795.0,1907.0,2136.0,2209.0,2200.0,2140.0,2092.0,2062.0,1989.0,1912.0,1778.0,2060.0,2144.0,2160.0,2168.0,2034.0,2069.0,2084.0,2018.0,1948.0,1799.0,1924.0,2151.0,2208.0,2200.0,2139.0
1913.0,2160.0,2228.0,2238.0,2168.0,2144.0,2069.0,1996.0,1932.0,1794.0,1926.0,2152.0,2226.0,2218.0,2160.0,2132.0,2064.0,2008.0,1932.0,1807.0,2108.0,2170.0,2178.0,2181.0,2136.0,2113.0,2066.0,1997.0,1936.0,1798.0,1929.0,2160.0,2225.0,2226.0,2163.0,2132.0,2072.0,2011.0,1938.0,1800.0,1923.0,2160.0,2235.0,2230.0,2176.0,2137.0,2084.0,2006.0,1933.0,1796.0,1960.0,2038.0,2197.0,2260.0,2216.0,2172.0,2109.0,2032.0,1939.0,1795.0,1907.0,2136.0,2209.0,2200.0,2140.0,2092.0,2062.0,1989.0,1912.0,1778.0,2060.0,2144.0,2160.0,2168.0,2034.0,2069.0,2084.0,2018.0,1948.0,1799.0,1924.0,2151.0,2208.0,2200.0,2139.0,2085.0,2054.0,1979.0,1897.0,1758.0,1878.0,2123.0,2188.0,2188.0,2121.0,2074.0,2053.0,1976.0,1912.0,1763.0
2132.0,2064.0,2008.0,1932.0,1807.0,2108.0,2170.0,2178.0,2181.0,2136.0,2113.0,2066.0,1997.0,1936.0,1798.0,1929.0,2160.0,2225.0,2226.0,2163.0,2132.0,2072.0,2011.0,1938.0,1800.0,1923.0,2160.0,2235.0,2230.0,2176.0,2137.0,2084.0,2006.0,1933.0,1796.0,1960.0,2038.0,2197.0,2260.0,2216.0,2172.0,2109.0,2032.0,1939.0,1795.0,1907.0,2136.0,2209.0,2200.0,2140.0,2092.0,2062.0,1989.0,1912.0,1778.0,2060.0,2144.0,2160.0,2168.0,2034.0,2069.0,2084.0,2018.0,1948.0,1799.0,1924.0,2151.0,2208.0,2200.0,2139.0,2085.0,2054.0,1979.0,1897.0,1758.0,1878.0,2123.0,2188.0,2188.0,2121.0,2074.0,2053.0,1976.0,1912.0,1763.0,1884.0,2131.0,2207.0,2201.0,2139.0,2095.0,2079.0,2003.0,1928.0,1790.0,1956.0,2017.0,2189.0,2252.0,2221.0
1929.0,2160.0,2225.0,2226.0,2163.0,2132.0,2072.0,2011.0,1938.0,1800.0,1923.0,2160.0,2235.0,2230.0,2176.0,2137.0,2084.0,2006.0,1933.0,1796.0,1960.0,2038.0,2197.0,2260.0,2216.0,2172.0,2109.0,2032.0,1939.0,1795.0,1907.0,2136.0,2209.0,2200.0,2140.0,2092.0,2062.0,1989.0,1912.0,1778.0,2060.0,2144.0,2160.0,2168.0,2034.0,2069.0,2084.0,2018.0,1948.0,1799.0,1924.0,2151.0,2208.0,2200.0,2139.0,2085.0,2054.0,1979.0,1897.0,1758.0,1878.0,2123.0,2188.0,2188.0,2121.0,2074.0,2053.0,1976.0,1912.0,1763.0,1884.0,2131.0,2207.0,2201.0,2139.0,2095.0,2079.0,2003.0,1928.0,1790.0,1956.0,2017.0,2189.0,2252.0,2221.0,2153.0,2129.0,2032.0,1945.0,1786.0,2057.0,2144.0,2152.0,2157.0,2103.0,2072.0,2069.0,2005.0,1945.0,1805.0
2137.0,2084.0,2006.0,1933.0,1796.0,1960.0,2038.0,2197.0,2260.0,2216.0,2172.0,2109.0,2032.0,1939.0,1795.0,1907.0,2136.0,2209.0,2200.0,2140.0,2092.0,2062.0,1989.0,1912.0,1778.0,2060.0,2144.0,2160.0,2168.0,2034.0,2069.0,2084.0,2018.0,1948.0,1799.0,1924.0,2151.0,2208.0,2200.0,2139.0,2085.0,2054.0,1979.0,1897.0,1758.0,1878.0,2123.0,2188.0,2188.0,2121.0,2074.0,2053.0,1976.0,1912.0,1763.0,1884.0,2131.0,2207.0,2201.0,2139.0,2095.0,2079.0,2003.0,1928.0,1790.0,1956.0,2017.0,2189.0,2252.0,2221.0,2153.0,2129.0,2032.0,1945.0,1786.0,2057.0,2144.0,2152.0,2157.0,2103.0,2072.0,2069.0,2005.0,1945.0,1805.0,1922.0,2162.0,2240.0,2240.0,2186.0,2128.0,2114.0,2028.0,1971.0,1806.0,1926.0,2160.0,2224.0,2224.0,2163.0
1907.0,2136.0,2209.0,2200.0,2140.0,2092.0,2062.0,1989.0,1912.0,1778.0,2060.0,2144.0,2160.0,2168.0,2034.0,2069.0,2084.0,2018.0,1948.0,1799.0,1924.0,2151.0,2208.0,2200.0,2139.0,2085.0,2054.0,1979.0,1897.0,1758.0,1878.0,2123.0,2188.0,2188.0,2121.0,2074.0,2053.0,1976.0,1912.0,1763.0,1884.0,2131.0,2207.0,2201.0,2139.0,2095.0,2079.0,2003.0,1928.0,1790.0,1956.0,2017.0,2189.0,2252.0,2221.0,2153.0,2129.0,2032.0,1945.0,1786.0,2057.0,2144.0,2152.0,2157.0,2103.0,2072.0,2069.0,2005.0,1945.0,1805.0,1922.0,2162.0,2240.0,2240.0,2186.0,2128.0,2114.0,2028.0,1971.0,1806.0,1926.0,2160.0,2224.0,2224.0,2163.0,2113.0,2092.0,2022.0,1946.0,1788.0,1913.0,2144.0,2222.0,2217.0,2160.0,2104.0,2079.0,2014.0,1936.0,1792.0
2069.0,2084.0,2018.0,1948.0,1799.0,1924.0,2151.0,2208.0,2200.0,2139.0,2085.0,2054.0,1979.0,1897.0,1758.0,1878.0,2123.0,2188.0,2188.0,2121.0,2074.0,2053.0,1976.0,1912.0,1763.0,1884.0,2131.0,2207.0,2201.0,2139.0,2095.0,2079.0,2003.0,1928.0,1790.0,1956.0,2017.0,2189.0,2252.0,2221.0,2153.0,2129.0,2032.0,1945.0,1786.0,2057.0,2144.0,2152.0,2157.0,2103.0,2072.0,2069.0,2005.0,1945.0,1805.0,1922.0,2162.0,2240.0,2240.0,2186.0,2128.0,2114.0,2028.0,1971.0,1806.0,1926.0,2160.0,2224.0,2224.0,2163.0,2113.0,2092.0,2022.0,1946.0,1788.0,1913.0,2144.0,2222.0,2217.0,2160.0,2104.0,2079.0,2014.0,1936.0,1792.0,1908.0,2144.0,2216.0,2219.0,2164.0,2116.0,2073.0,2026.0,1963.0,1801.0,2138.0,2101.0,2132.0,2212.0,2202.0
1878.0,2123.0,2188.0,2188.0,2121.0,2074.0,2053.0,1976.0,1912.0,1763.0,1884.0,2131.0,2207.0,2201.0,2139.0,2095.0,2079.0,2003.0,1928.0,1790.0,1956.0,2017.0,2189.0,2252.0,2221.0,2153.0,2129.0,2032.0,1945.0,1786.0,2057.0,2144.0,2152.0,2157.0,2103.0,2072.0,2069.0,2005.0,1945.0,1805.0,1922.0,2162.0,2240.0,2240.0,2186.0,2128.0,2114.0,2028.0,1971.0,1806.0,1926.0,2160.0,2224.0,2224.0,2163.0,2113.0,2092.0,2022.0,1946.0,1788.0,1913.0,2144.0,2222.0,2217.0,2160.0,2104.0,2079.0,2014.0,1936.0,1792.0,1908.0,2144.0,2216.0,2219.0,2164.0,2116.0,2073.0,2026.0,1963.0,1801.0,2138.0,2101.0,2132.0,2212.0,2202.0,2158.0,2104.0,2057.0,1975.0,1808.0,1920.0,2156.0,2228.0,2227.0,2160.0,2101.0,2057.0,2027.0,1949.0,1792.0
2095.0,2079.0,2003.0,1928.0,1790.0,1956.0,2017.0,2189.0,2252.0,2221.0,2153.0,2129.0,2032.0,1945.0,1786.0,2057.0,2144.0,2152.0,2157.0,2103.0,2072.0,2069.0,2005.0,1945.0,1805.0,1922.0,2162.0,2240.0,2240.0,2186.0,2128.0,2114.0,2028.0,1971.0,1806.0,1926.0,2160.0,2224.0,2224.0,2163.0,2113.0,2092.0,2022.0,1946.0,1788.0,1913.0,2144.0,2222.0,2217.0,2160.0,2104.0,2079.0,2014.0,1936.0,1792.0,1908.0,2144.0,2216.0,2219.0,2164.0,2116.0,2073.0,2026.0,1963.0,1801.0,2138.0,2101.0,2132.0,2212.0,2202.0,2158.0,2104.0,2057.0,1975.0,1808.0,1920.0,2156.0,2228.0,2227.0,2160.0,2101.0,2057.0,2027.0,1949.0,1792.0,1926.0,2156.0,2243.0,2240.0,2179.0,2132.0,2087.0,2064.0,1988.0,1830.0,1952.0,2187.0,2255.0,2249.0,2194.0
2057.0,2144.0,2152.0,2157.0,2103.0,2072.0,2069.0,2005.0,1945.0,1805.0,1922.0,2162.0,2240.0,2240.0,2186.0,2128.0,2114.0,2028.0,1971.0,1806.0,1926.0,2160.0,2224.0,2224.0,2163.0,2113.0,2092.0,2022.0,1946.0,1788.0,1913.0,2144.0,2222.0,2217.0,2160.0,2104.0,2079.0,2014.0,1936.0,1792.0,1908.0,2144.0,2216.0,2219.0,2164.0,2116.0,2073.0,2026.0,1963.0,1801.0,2138.0,2101.0,2132.0,2212.0,2202.0,2158.0,2104.0,2057.0,1975.0,1808.0,1920.0,2156.0,2228.0,2227.0,2160.0,2101.0,2057.0,2027.0,1949.0,1792.0,1926.0,2156.0,2243.0,2240.0,2179.0,2132.0,2087.0,2064.0,1988.0,1830.0,1952.0,2187.0,2255.0,2249.0,2194.0,2130.0,2092.0,2068.0,1987.0,1823.0,1942.0,2168.0,2238.0,2237.0,2177.0,2130.0,2082.0,2064.0,1988.0,1822.0
2128.0,2114.0,2028.0,1971.0,1806.0,1926.0,2160.0,2224.0,2224.0,2163.0,2113.0,2092.0,2022.0,1946.0,1788.0,1913.0,2144.0,2222.0,2217.0,2160.0,2104.0,2079.0,2014.0,1936.0,1792.0,1908.0,2144.0,2216.0,2219.0,2164.0,2116.0,2073.0,2026.0,1963.0,1801.0,2138.0,2101.0,2132.0,2212.0,2202.0,2158.0,2104.0,2057.0,1975.0,1808.0,1920.0,2156.0,2228.0,2227.0,2160.0,2101.0,2057.0,2027.0,1949.0,1792.0,1926.0,2156.0,2243.0,2240.0,2179.0,2132.0,2087.0,2064.0,1988.0,1830.0,1952.0,2187.0,2255.0,2249.0,2194.0,2130.0,2092.0,2068.0,1987.0,1823.0,1942.0,2168.0,2238.0,2237.0,2177.0,2130.0,2082.0,2064.0,1988.0,1822.0,2097.0,2165.0,2202.0,2202.0,2081.0,2103.0,2110.0,2104.0,2031.0,1856.0,1996.0,2066.0,2220.0,2288.0,2247.0
1913.0,2144.0,2222.0,2217.0,2160.0,2104.0,2079.0,2014.0,1936.0,1792.0,1908.0,2144.0,2216.0,2219.0,2164.0,2116.0,2073.0,2026.0,1963.0,1801.0,2138.0,2101.0,2132.0,2212.0,2202.0,2158.0,2104.0,2057.0,1975.0,1808.0,1920.0,2156.0,2228.0,2227.0,2160.0,2101.0,2057.0,2027.0,1949.0,1792.0,1926.0,2156.0,2243.0,2240.0,2179.0,2132.0,2087.0,2064.0,1988.0,1830.0,1952.0,2187.0,2255.0,2249.0,2194.0,2130.0,2092.0,2068.0,1987.0,1823.0,1942.0,2168.0,2238.0,2237.0,2177.0,2130.0,2082.0,2064.0,1988.0,1822.0,2097.0,2165.0,2202.0,2202.0,2081.0,2103.0,2110.0,2104.0,2031.0,1856.0,1996.0,2066.0,2220.0,2288.0,2247.0,2192.0,2119.0,2072.0,1976.0,1792.0,1898.0,2140.0,2215.0,2208.0,2152.0,2098.0,2056.0,2040.0,1963.0,1792.0
2116.0,2073.0,2026.0,1963.0,1801.0,2138.0,2101.0,2132.0,2212.0,2202.0,2158.0,2104.0,2057.0,1975.0,1808.0,1920.0,2156.0,2228.0,2227.0,2160.0,2101.0,2057.0,2027.0,1949.0,1792.0,1926.0,2156.0,2243.0,2240.0,2179.0,2132.0,2087.0,2064.0,1988.0,1830.0,1952.0,2187.0,2255.0,2249.0,2194.0,2130.0,2092.0,2068.0,1987.0,1823.0,1942.0,2168.0,2238.0,2237.0,2177.0,2130.0,2082.0,2064.0,1988.0,1822.0,2097.0,2165.0,2202.0,2202.0,2081.0,2103.0,2110.0,2104.0,2031.0,1856.0,1996.0,2066.0,2220.0,2288.0,2247.0,2192.0,2119.0,2072.0,1976.0,1792.0,1898.0,2140.0,2215.0,2208.0,2152.0,2098.0,2056.0,2040.0,1963.0,1792.0,1897.0,2143.0,2213.0,2214.0,2151.0,2102.0,2057.0,2021.0,1977.0,1793.0,1917.0,2144.0,2209.0,2205.0,2148.0
1920.0,2156.0,2228.0,2227.0,2160.0,2101.0,2057.0,2027.0,1949.0,1792.0,1926.0,2156.0,2243.0,2240.0,2179.0,2132.0,2087.0,2064.0,1988.0,1830.0,1952.0,2187.0,2255.0,2249.0,2194.0,2130.0,2092.0,2068.0,1987.0,1823.0,1942.0,2168.0,2238.0,2237.0,2177.0,2130.0,2082.0,2064.0,1988.0,1822.0,2097.0,2165.0,2202.0,2202.0,2081.0,2103.0,2110.0,2104.0,2031.0,1856.0,1996.0,2066.0,2220.0,2288.0,2247.0,2192.0,2119.0,2072.0,1976.0,1792.0,1898.0,2140.0,2215.0,2208.0,2152.0,2098.0,2056.0,2040.0,1963.0,1792.0,1897.0,2143.0,2213.0,2214.0,2151.0,2102.0,2057.0,2021.0,1977.0,1793.0,1917.0,2144.0,2209.0,2205.0,2148.0,2100.0,2048.0,2005.0,1957.0,1785.0,2061.0,2144.0,2157.0,2173.0,2120.0,2076.0,2041.0,1984.0,1974.0,1788.0
2132.0,2087.0,2064.0,1988.0,1830.0,1952.0,2187.0,2255.0,2249.0,2194.0,2130.0,2092.0,2068.0,1987.0,1823.0,1942.0,2168.0,2238.0,2237.0,2177.0,2130.0,2082.0,2064.0,1988.0,1822.0,2097.0,2165.0,2202.0,2202.0,2081.0,2103.0,2110.0,2104.0,2031.0,1856.0,1996.0,2066.0,2220.0,2288.0,2247.0,2192.0,2119.0,2072.0,1976.0,1792.0,1898.0,2140.0,2215.0,2208.0,2152.0,2098.0,2056.0,2040.0,1963.0,1792.0,1897.0,2143.0,2213.0,2214.0,2151.0,2102.0,2057.0,2021.0,1977.0,1793.0,1917.0,2144.0,2209.0,2205.0,2148.0,2100.0,2048.0,2005.0,1957.0,1785.0,2061.0,2144.0,2157.0,2173.0,2120.0,2076.0,2041.0,1984.0,1974.0,1788.0,1915.0,2138.0,2204.0,2207.0,2142.0,2088.0,2038.0,1996.0,1970.0,1792.0,1949.0,2025.0,2192.0,2256.0,2208.0
1942.0,2168.0,2238.0,2237.0,2177.0,2130.0,2082.0,2064.0,1988.0,1822.0,2097.0,2165.0,2202.0,2202.0,2081.0,2103.0,2110.0,2104.0,2031.0,1856.0,1996.0,2066.0,2220.0,2288.0,2247.0,2192.0,2119.0,2072.0,1976.0,1792.0,1898.0,2140.0,2215.0,2208.0,2152.0,2098.0,2056.0,2040.0,1963.0,1792.0,1897.0,2143.0,2213.0,2214.0,2151.0,2102.0,2057.0,2021.0,1977.0,1793.0,1917.0,2144.0,2209.0,2205.0,2148.0,2100.0,2048.0,2005.0,1957.0,1785.0,2061.0,2144.0,2157.0,2173.0,2120.0,2076.0,2041.0,1984.0,1974.0,1788.0,1915.0,2138.0,2204.0,2207.0,2142.0,2088.0,2038.0,1996.0,1970.0,1792.0,1949.0,2025.0,2192.0,2256.0,2208.0,2150.0,2105.0,2028.0,2005.0,1808.0,1925.0,2136.0,2200.0,2207.0,2143.0,2092.0,2048.0,1994.0,1983.0,1804.0
2103.0,2110.0,2104.0,2031.0,1856.0,1996.0,2066.0,2220.0,2288.0,2247.0,2192.0,2119.0,2072.0,1976.0,1792.0,1898.0,2140.0,2215.0,2208.0,2152.0,2098.0,2056.0,2040.0,1963.0,1792.0,1897.0,2143.0,2213.0,2214.0,2151.0,2102.0,2057.0,2021.0,1977.0,1793.0,1917.0,2144.0,2209.0,2205.0,2148.0,2100.0,2048.0,2005.0,1957.0,1785.0,2061.0,2144.0,2157.0,2173.0,2120.0,2076.0,2041.0,1984.0,1974.0,1788.0,1915.0,2138.0,2204.0,2207.0,2142.0,2088.0,2038.0,1996.0,1970.0,1792.0,1949.0,2025.0,2192.0,2256.0,2208.0,2150.0,2105.0,2028.0,2005.0,1808.0,1925.0,2136.0,2200.0,2207.0,2143.0,2092.0,2048.0,1994.0,1983.0,1804.0,1924.0,2139.0,2208.0,2216.0,2152.0,2090.0,2049.0,1992.0,1991.0,1802.0,2079.0,2144.0,2150.0,2160.0,2112.0
1898.0,2140.0,2215.0,2208.0,2152.0,2098.0,2056.0,2040.0,1963.0,1792.0,1897.0,2143.0,2213.0,2214.0,2151.0,2102.0,2057.0,2021.0,1977.0,1793.0,1917.0,2144.0,2209.0,2205.0,2148.0,2100.0,2048.0,2005.0,1957.0,1785.0,2061.0,2144.0,2157.0,2173.0,2120.0,2076.0,2041.0,1984.0,1974.0,1788.0,1915.0,2138.0,2204.0,2207.0,2142.0,2088.0,2038.0,1996.0,1970.0,1792.0,1949.0,2025.0,2192.0,2256.0,2208.0,2150.0,2105.0,2028.0,2005.0,1808.0,1925.0,2136.0,2200.0,2207.0,2143.0,2092.0,2048.0,1994.0,1983.0,1804.0,1924.0,2139.0,2208.0,2216.0,2152.0,2090.0,2049.0,1992.0,1991.0,1802.0,2079.0,2144.0,2150.0,2160.0,2112.0,2080.0,2041.0,1992.0,1993.0,1802.0,1930.0,2150.0,2224.0,2233.0,2171.0,2116.0,2075.0,2016.0,2000.0,1824.0
2102.0,2057.0,2021.0,1977.0,1793.0,1917.0,2144.0,2209.0,2205.0,2148.0,2100.0,2048.0,2005.0,1957.0,1785.0,2061.0,2144.0,2157.0,2173.0,2120.0,2076.0,2041.0,1984.0,1974.0,1788.0,1915.0,2138.0,2204.0,2207.0,2142.0,2088.0,2038.0,1996.0,1970.0,1792.0,1949.0,2025.0,2192.0,2256.0,2208.0,2150.0,2105.0,2028.0,2005.0,1808.0,1925.0,2136.0,2200.0,2207.0,2143.0,2092.0,2048.0,1994.0,1983.0,1804.0,1924.0,2139.0,2208.0,2216.0,2152.0,2090.0,2049.0,1992.0,1991.0,1802.0,2079.0,2144.0,2150.0,2160.0,2112.0,2080.0,2041.0,1992.0,1993.0,1802.0,1930.0,2150.0,2224.0,2233.0,2171.0,2116.0,2075.0,2016.0,2000.0,1824.0,1941.0,2166.0,2226.0,2232.0,2168.0,2112.0,2064.0,2008.0,1989.0,1816.0,1973.0,2042.0,2204.0,2257.0,2231.0
2061.0,2144.0,2157.0,2173.0,2120.0,2076.0,2041.0,1984.0,1974.0,1788.0,1915.0,2138.0,2204.0,2207.0,2142.0,2088.0,2038.0,1996.0,1970.0,1792.0,1949.0,2025.0,2192.0,2256.0,2208.0,2150.0,2105.0,2028.0,2005.0,1808.0,1925.0,2136.0,2200.0,2207.0,2143.0,2092.0,2048.0,1994.0,1983.0,1804.0,1924.0,2139.0,2208.0,2216.0,2152.0,2090.0,2049.0,1992.0,1991.0,1802.0,2079.0,2144.0,2150.0,2160.0,2112.0,2080.0,2041.0,1992.0,1993.0,1802.0,1930.0,2150.0,2224.0,2233.0,2171.0,2116.0,2075.0,2016.0,2000.0,1824.0,1941.0,2166.0,2226.0,2232.0,2168.0,2112.0,2064.0,2008.0,1989.0,1816.0,1973.0,2042.0,2204.0,2257.0,2231.0,2166.0,2101.0,2023.0,1984.0,1804.0,1915.0,2134.0,2196.0,2204.0,2134.0,2080.0,2040.0,1970.0,1928.0,1786.0
2088.0,2038.0,1996.0,1970.0,1792.0,1949.0,2025.0,2192.0,2256.0,2208.0,2150.0,2105.0,2028.0,2005.0,1808.0,1925.0,2136.0,2200.0,2207.0,2143.0,2092.0,2048.0,1994.0,1983.0,1804.0,1924.0,2139.0,2208.0,2216.0,2152.0,2090.0,2049.0,1992.0,1991.0,1802.0,2079.0,2144.0,2150.0,2160.0,2112.0,2080.0,2041.0,1992.0,1993.0,1802.0,1930.0,2150.0,2224.0,2233.0,2171.0,2116.0,2075.0,2016.0,2000.0,1824.0,1941.0,2166.0,2226.0,2232.0,2168.0,2112.0,2064.0,2008.0,1989.0,1816.0,1973.0,2042.0,2204.0,2257.0,2231.0,2166.0,2101.0,2023.0,1984.0,1804.0,1915.0,2134.0,2196.0,2204.0,2134.0,2080.0,2040.0,1970.0,1928.0,1786.0,2062.0,2133.0,2153.0,2158.0,2029.0,2060.0,2067.0,2036.0,1987.0,1856.0,1960.0,2172.0,2213.0,2209.0,2155.0
1925.0,2136.0,2200.0,2207.0,2143.0,2092.0,2048.0,1994.0,1983.0,1804.0,1924.0,2139.0,2208.0,2216.0,2152.0,2090.0,2049.0,1992.0,1991.0,1802.0,2079.0,2144.0,2150.0,2160.0,2112.0,2080.0,2041.0,1992.0,1993.0,1802.0,1930.0,2150.0,2224.0,2233.0,2171.0,2116.0,2075.0,2016.0,2000.0,1824.0,1941.0,2166.0,2226.0,2232.0,2168.0,2112.0,2064.0,2008.0,1989.0,1816.0,1973.0,2042.0,2204.0,2257.0,2231.0,2166.0,2101.0,2023.0,1984.0,1804.0,1915.0,2134.0,2196.0,2204.0,2134.0,2080.0,2040.0,1970.0,1928.0,1786.0,2062.0,2133.0,2153.0,2158.0,2029.0,2060.0,2067.0,2036.0,1987.0,1856.0,1960.0,2172.0,2213.0,2209.0,2155.0,2089.0,2048.0,1983.0,1944.0,1809.0,1926.0,2142.0,2204.0,2200.0,2237.0,2091.0,2005.0,1947.0,1906.0,1792.0
2090.0,2049.0,1992.0,1991.0,1802.0,2079.0,2144.0,2150.0,2160.0,2112.0,2080.0,2041.0,1992.0,1993.0,1802.0,1930.0,2150.0,2224.0,2233.0,2171.0,2116.0,2075.0,2016.0,2000.0,1824.0,1941.0,2166.0,2226.0,2232.0,2168.0,2112.0,2064.0,2008.0,1989.0,1816.0,1973.0,2042.0,2204.0,2257.0,2231.0,2166.0,2101.0,2023.0,1984.0,1804.0,1915.0,2134.0,2196.0,2204.0,2134.0,2080.0,2040.0,1970.0,1928.0,1786.0,2062.0,2133.0,2153.0,2158.0,2029.0,2060.0,2067.0,2036.0,1987.0,1856.0,1960.0,2172.0,2213.0,2209.0,2155.0,2089.0,2048.0,1983.0,1944.0,1809.0,1926.0,2142.0,2204.0,2200.0,2237.0,2091.0,2005.0,1947.0,1906.0,1792.0,1923.0,2160.0,2226.0,2225.0,2180.0,2120.0,2076.0,2016.0,1976.0,1852.0,1995.0,2048.0,2198.0,2256.0,2213.0
1930.0,2150.0,2224.0,2233.0,2171.0,2116.0,2075.0,2016.0,2000.0,1824.0,1941.0,2166.0,2226.0,2232.0,2168.0,2112.0,2064.0,2008.0,1989.0,1816.0,1973.0,2042.0,2204.0,2257.0,2231.0,2166.0,2101.0,2023.0,1984.0,1804.0,1915.0,2134.0,2196.0,2204.0,2134.0,2080.0,2040.0,1970.0,1928.0,1786.0,2062.0,2133.0,2153.0,2158.0,2029.0,2060.0,2067.0,2036.0,1987.0,1856.0,1960.0,2172.0,2213.0,2209.0,2155.0,2089.0,2048.0,1983.0,1944.0,1809.0,1926.0,2142.0,2204.0,2200.0,2237.0,2091.0,2005.0,1947.0,1906.0,1792.0,1923.0,2160.0,2226.0,2225.0,2180.0,2120.0,2076.0,2016.0,1976.0,1852.0,1995.0,2048.0,2198.0,2256.0,2213.0,2156.0,2088.0,2018.0,1964.0,1831.0,2093.0,2143.0,2164.0,2164.0,2126.0,2080.0,2051.0,1996.0,1957.0,1846.0
2112.0,2064.0,2008.0,1989.0,1816.0,1973.0,2042.0,2204.0,2257.0,2231.0,2166.0,2101.0,2023.0,1984.0,1804.0,1915.0,2134.0,2196.0,2204.0,2134.0,2080.0,2040.0,1970.0,1928.0,1786.0,2062.0,2133.0,2153.0,2158.0,2029.0,2060.0,2067.0,2036.0,1987.0,1856.0,1960.0,2172.0,2213.0,2209.0,2155.0,2089.0,2048.0,1983.0,1944.0,1809.0,1926.0,2142.0,2204.0,2200.0,2237.0,2091.0,2005.0,1947.0,1906.0,1792.0,1923.0,2160.0,2226.0,2225.0,2180.0,2120.0,2076.0,2016.0,1976.0,1852.0,1995.0,2048.0,2198.0,2256.0,2213.0,2156.0,2088.0,2018.0,1964.0,1831.0,2093.0,2143.0,2164.0,2164.0,2126.0,2080.0,2051.0,1996.0,1957.0,1846.0,1960.0,2184.0,2240.0,2240.0,2176.0,2120.0,2076.0,2016.0,1973.0,1859.0,1964.0,2171.0,2226.0,2219.0,2172.0
1915.0,2134.0,2196.0,2204.0,2134.0,2080.0,2040.0,1970.0,1928.0,1786.0,2062.0,2133.0,2153.0,2158.0,2029.0,2060.0,2067.0,2036.0,1987.0,1856.0,1960.0,2172.0,2213.0,2209.0,2155.0,2089.0,2048.0,1983.0,1944.0,1809.0,1926.0,2142.0,2204.0,2200.0,2237.0,2091.0,2005.0,1947.0,1906.0,1792.0,1923.0,2160.0,2226.0,2225.0,2180.0,2120.0,2076.0,2016.0,1976.0,1852.0,1995.0,2048.0,2198.0,2256.0,2213.0,2156.0,2088.0,2018.0,1964.0,1831.0,2093.0,2143.0,2164.0,2164.0,2126.0,2080.0,2051.0,1996.0,1957.0,1846.0,1960.0,2184.0,2240.0,2240.0,2176.0,2120.0,2076.0,2016.0,1973.0,1859.0,1964.0,2171.0,2226.0,2219.0,2172.0,2114.0,2064.0,1996.0,1960.0,1827.0,1960.0,2174.0,2222.0,2222.0,2162.0,2113.0,2068.0,2006.0,1976.0,1813.0
2060.0,2067.0,2036.0,1987.0,1856.0,1960.0,2172.0,2213.0,2209.0,2155.0,2089.0,2048.0,1983.0,1944.0,1809.0,1926.0,2142.0,2204.0,2200.0,2237.0,2091.0,2005.0,1947.0,1906.0,1792.0,1923.0,2160.0,2226.0,2225.0,2180.0,2120.0,2076.0,2016.0,1976.0,1852.0,1995.0,2048.0,2198.0,2256.0,2213.0,2156.0,2088.0,2018.0,1964.0,1831.0,2093.0,2143.0,2164.0,2164.0,2126.0,2080.0,2051.0,1996.0,1957.0,1846.0,1960.0,2184.0,2240.0,2240.0,2176.0,2120.0,2076.0,2016.0,1973.0,1859.0,1964.0,2171.0,2226.0,2219.0,2172.0,2114.0,2064.0,1996.0,1960.0,1827.0,1960.0,2174.0,2222.0,2222.0,2162.0,2113.0,2068.0,2006.0,1976.0,1813.0,1965.0,2177.0,2234.0,2223.0,2162.0,2116.0,2066.0,2008.0,1959.0,1811.0,2185.0,2124.0,2128.0,2212.0,2192.0
1926.0,2142.0,2204.0,2200.0,2237.0,2091.0,2005.0,1947.0,1906.0,1792.0,1923.0,2160.0,2226.0,2225.0,2180.0,2120.0,2076.0,2016.0,1976.0,1852.0,1995.0,2048.0,2198.0,2256.0,2213.0,2156.0,2088.0,2018.0,1964.0,1831.0,2093.0,2143.0,2164.0,2164.0,2126.0,2080.0,2051.0,1996.0,1957.0,1846.0,1960.0,2184.0,2240.0,2240.0,2176.0,2120.0,2076.0,2016.0,1973.0,1859.0,1964.0,2171.0,2226.0,2219.0,2172.0,2114.0,2064.0,1996.0,1960.0,1827.0,1960.0,2174.0,2222.0,2222.0,2162.0,2113.0,2068.0,2006.0,1976.0,1813.0,1965.0,2177.0,2234.0,2223.0,2162.0,2116.0,2066.0,2008.0,1959.0,1811.0,2185.0,2124.0,2128.0,2212.0,2192.0,2155.0,2112.0,2030.0,1976.0,1815.0,1968.0,2176.0,2223.0,2220.0,2150.0,2103.0,2048.0,1996.0,1940.0,1785.0
2120.0,2076.0,2016.0,1976.0,1852.0,1995.0,2048.0,2198.0,2256.0,2213.0,2156.0,2088.0,2018.0,1964.0,1831.0,2093.0,2143.0,2164.0,2164.0,2126.0,2080.0,2051.0,1996.0,1957.0,1846.0,1960.0,2184.0,2240.0,2240.0,2176.0,2120.0,2076.0,2016.0,1973.0,1859.0,1964.0,2171.0,2226.0,2219.0,2172.0,2114.0,2064.0,1996.0,1960.0,1827.0,1960.0,2174.0,2222.0,2222.0,2162.0,2113.0,2068.0,2006.0,1976.0,1813.0,1965.0,2177.0,2234.0,2223.0,2162.0,2116.0,2066.0,2008.0,1959.0,1811.0,2185.0,2124.0,2128.0,2212.0,2192.0,2155.0,2112.0,2030.0,1976.0,1815.0,1968.0,2176.0,2223.0,2220.0,2150.0,2103.0,2048.0,1996.0,1940.0,1785.0,1952.0,2163.0,2216.0,2207.0,2145.0,2099.0,2058.0,1991.0,1956.0,1792.0,1990.0,2179.0,2213.0,2208.0,2144.0
2093.0,2143.0,2164.0,2164.0,2126.0,2080.0,2051.0,1996.0,1957.0,1846.0,1960.0,2184.0,2240.0,2240.0,2176.0,2120.0,2076.0,2016.0,1973.0,1859.0,1964.0,2171.0,2226.0,2219.0,2172.0,2114.0,2064.0,1996.0,1960.0,1827.0,1960.0,2174.0,2222.0,2222.0,2162.0,2113.0,2068.0,2006.0,1976.0,1813.0,1965.0,2177.0,2234.0,2223.0,2162.0,2116.0,2066.0,2008.0,1959.0,1811.0,2185.0,2124.0,2128.0,2212.0,2192.0,2155.0,2112.0,2030.0,1976.0,1815.0,1968.0,2176.0,2223.0,2220.0,2150.0,2103.0,2048.0,1996.0,1940.0,1785.0,1952.0,2163.0,2216.0,2207.0,2145.0,2099.0,2058.0,1991.0,1956.0,1792.0,1990.0,2179.0,2213.0,2208.0,2144.0,2100.0,2056.0,1996.0,1946.0,1797.0,1984.0,2173.0,2218.0,2203.0,2145.0,2094.0,2053.0,1997.0,1947.0,1787.0
2120.0,2076.0,2016.0,1973.0,1859.0,1964.0,2171.0,2226.0,2219.0,2172.0,2114.0,2064.0,1996.0,1960.0,1827.0,1960.0,2174.0,2222.0,2222.0,2162.0,2113.0,2068.0,2006.0,1976.0,1813.0,1965.0,2177.0,2234.0,2223.0,2162.0,2116.0,2066.0,2008.0,1959.0,1811.0,2185.0,2124.0,2128.0,2212.0,2192.0,2155.0,2112.0,2030.0,1976.0,1815.0,1968.0,2176.0,2223.0,2220.0,2150.0,2103.0,2048.0,1996.0,1940.0,1785.0,1952.0,2163.0,2216.0,2207.0,2145.0,2099.0,2058.0,1991.0,1956.0,1792.0,1990.0,2179.0,2213.0,2208.0,2144.0,2100.0,2056.0,1996.0,1946.0,1797.0,1984.0,2173.0,2218.0,2203.0,2145.0,2094.0,2053.0,1997.0,1947.0,1787.0,2144.0,2186.0,2172.0,2170.0,2032.0,2060.0,2075.0,2033.0,1951.0,1600.0,1991.0,2234.0,2400.0,2416.0,2325.0
1960.0,2174.0,2222.0,2222.0,2162.0,2113.0,2068.0,2006.0,1976.0,1813.0,1965.0,2177.0,2234.0,2223.0,2162.0,2116.0,2066.0,2008.0,1959.0,1811.0,2185.0,2124.0,2128.0,2212.0,2192.0,2155.0,2112.0,2030.0,1976.0,1815.0,1968.0,2176.0,2223.0,2220.0,2150.0,2103.0,2048.0,1996.0,1940.0,1785.0,1952.0,2163.0,2216.0,2207.0,2145.0,2099.0,2058.0,1991.0,1956.0,1792.0,1990.0,2179.0,2213.0,2208.0,2144.0,2100.0,2056.0,1996.0,1946.0,1797.0,1984.0,2173.0,2218.0,2203.0,2145.0,2094.0,2053.0,1997.0,1947.0,1787.0,2144.0,2186.0,2172.0,2170.0,2032.0,2060.0,2075.0,2033.0,1951.0,1600.0,1991.0,2234.0,2400.0,2416.0,2325.0,2211.0,2104.0,1988.0,1898.0,1728.0,1874.0,2112.0,2130.0,2118.0,2052.0,2008.0,1980.0,1910.0,1864.0,1721.0
2116.0,2066.0,2008.0,1959.0,1811.0,2185.0,2124.0,2128.0,2212.0,2192.0,2155.0,2112.0,2030.0,1976.0,1815.0,1968.0,2176.0,2223.0,2220.0,2150.0,2103.0,2048.0,1996.0,1940.0,1785.0,1952.0,2163.0,2216.0,2207.0,2145.0,2099.0,2058.0,1991.0,1956.0,1792.0,1990.0,2179.0,2213.0,2208.0,2144.0,2100.0,2056.0,1996.0,1946.0,1797.0,1984.0,2173.0,2218.0,2203.0,2145.0,2094.0,2053.0,1997.0,1947.0,1787.0,2144.0,2186.0,2172.0,2170.0,2032.0,2060.0,2075.0,2033.0,1951.0,1600.0,1991.0,2234.0,2400.0,2416.0,2325.0,2211.0,2104.0,1988.0,1898.0,1728.0,1874.0,2112.0,2130.0,2118.0,2052.0,2008.0,1980.0,1910.0,1864.0,1721.0,1898.0,2148.0,2180.0,2164.0,2101.0,2058.0,2022.0,1970.0,1930.0,1770.0,1935.0,2180.0,2214.0,2192.0,2131.0
1968.0,2176.0,2223.0,2220.0,2150.0,2103.0,2048.0,1996.0,1940.0,1785.0,1952.0,2163.0,2216.0,2207.0,2145.0,2099.0,2058.0,1991.0,1956.0,1792.0,1990.0,2179.0,2213.0,2208.0,2144.0,2100.0,2056.0,1996.0,1946.0,1797.0,1984.0,2173.0,2218.0,2203.0,2145.0,2094.0,2053.0,1997.0,1947.0,1787.0,2144.0,2186.0,2172.0,2170.0,2032.0,2060.0,2075.0,2033.0,1951.0,1600.0,1991.0,2234.0,2400.0,2416.0,2325.0,2211.0,2104.0,1988.0,1898.0,1728.0,1874.0,2112.0,2130.0,2118.0,2052.0,2008.0,1980.0,1910.0,1864.0,1721.0,1898.0,2148.0,2180.0,2164.0,2101.0,2058.0,2022.0,1970.0,1930.0,1770.0,1935.0,2180.0,2214.0,2192.0,2131.0,2082.0,2054.0,1982.0,1930.0,1774.0,2080.0,2184.0,2174.0,2161.0,2105.0,2072.0,2042.0,1992.0,1945.0,1800.0
2099.0,2058.0,1991.0,1956.0,1792.0,1990.0,2179.0,2213.0,2208.0,2144.0,2100.0,2056.0,1996.0,1946.0,1797.0,1984.0,2173.0,2218.0,2203.0,2145.0,2094.0,2053.0,1997.0,1947.0,1787.0,2144.0,2186.0,2172.0,2170.0,2032.0,2060.0,2075.0,2033.0,1951.0,1600.0,1991.0,2234.0,2400.0,2416.0,2325.0,2211.0,2104.0,1988.0,1898.0,1728.0,1874.0,2112.0,2130.0,2118.0,2052.0,2008.0,1980.0,1910.0,1864.0,1721.0,1898.0,2148.0,2180.0,2164.0,2101.0,2058.0,2022.0,1970.0,1930.0,1770.0,1935.0,2180.0,2214.0,2192.0,2131.0,2082.0,2054.0,1982.0,1930.0,1774.0,2080.0,2184.0,2174.0,2161.0,2105.0,2072.0,2042.0,1992.0,1945.0,1800.0,1968.0,2219.0,2248.0,2221.0,2156.0,2093.0,2061.0,2000.0,1953.0,1791.0,1976.0,2106.0,2240.0,2273.0,2216.0
1984.0,2173.0,2218.0,2203.0,2145.0,2094.0,2053.0,1997.0,1947.0,1787.0,2144.0,2186.0,2172.0,2170.0,2032.0,2060.0,2075.0,2033.0,1951.0,1600.0,1991.0,2234.0,2400.0,2416.0,2325.0,2211.0,2104.0,1988.0,1898.0,1728.0,1874.0,2112.0,2130.0,2118.0,2052.0,2008.0,1980.0,1910.0,1864.0,1721.0,1898.0,2148.0,2180.0,2164.0,2101.0,2058.0,2022.0,1970.0,1930.0,1770.0,1935.0,2180.0,2214.0,2192.0,2131.0,2082.0,2054.0,1982.0,1930.0,1774.0,2080.0,2184.0,2174.0,2161.0,2105.0,2072.0,2042.0,1992.0,1945.0,1800.0,1968.0,2219.0,2248.0,2221.0,2156.0,2093.0,2061.0,2000.0,1953.0,1791.0,1976.0,2106.0,2240.0,2273.0,2216.0,2166.0,2106.0,2028.0,1964.0,1803.0,1960.0,2207.0,2236.0,2200.0,2132.0,2083.0,2048.0,1984.0,1929.0,1780.0
2060.0,2075.0,2033.0,1951.0,1600.0,1991.0,2234.0,2400.0,2416.0,2325.0,2211.0,2104.0,1988.0,1898.0,1728.0,1874.0,2112.0,2130.0,2118.0,2052.0,2008.0,1980.0,1910.0,1864.0,1721.0,1898.0,2148.0,2180.0,2164.0,2101.0,2058.0,2022.0,1970.0,1930.0,1770.0,1935.0,2180.0,2214.0,2192.0,2131.0,2082.0,2054.0,1982.0,1930.0,1774.0,2080.0,2184.0,2174.0,2161.0,2105.0,2072.0,2042.0,1992.0,1945.0,1800.0,1968.0,2219.0,2248.0,2221.0,2156.0,2093.0,2061.0,2000.0,1953.0,1791.0,1976.0,2106.0,2240.0,2273.0,2216.0,2166.0,2106.0,2028.0,1964.0,1803.0,1960.0,2207.0,2236.0,2200.0,2132.0,2083.0,2048.0,1984.0,1929.0,1780.0,1939.0,2193.0,2232.0,2202.0,2128.0,2080.0,2043.0,1984.0,1933.0,1782.0,2104.0,2189.0,2191.0,2172.0,2116.0
1874.0,2112.0,2130.0,2118.0,2052.0,2008.0,1980.0,1910.0,1864.0,1721.0,1898.0,2148.0,2180.0,2164.0,2101.0,2058.0,2022.0,1970.0,1930.0,1770.0,1935.0,2180.0,2214.0,2192.0,2131.0,2082.0,2054.0,1982.0,1930.0,1774.0,2080.0,2184.0,2174.0,2161.0,2105.0,2072.0,2042.0,1992.0,1945.0,1800.0,1968.0,2219.0,2248.0,2221.0,2156.0,2093.0,2061.0,2000.0,1953.0,1791.0,1976.0,2106.0,2240.0,2273.0,2216.0,2166.0,2106.0,2028.0,1964.0,1803.0,1960.0,2207.0,2236.0,2200.0,2132.0,2083.0,2048.0,1984.0,1929.0,1780.0,1939.0,2193.0,2232.0,2202.0,2128.0,2080.0,2043.0,1984.0,1933.0,1782.0,2104.0,2189.0,2191.0,2172.0,2116.0,2072.0,2042.0,1991.0,1944.0,1804.0,1965.0,2194.0,2270.0,2250.0,2169.0,2109.0,2068.0,2006.0,1954.0,1804.0
2058.0,2022.0,1970.0,1930.0,1770.0,1935.0,2180.0,2214.0,2192.0,2131.0,2082.0,2054.0,1982.0,1930.0,1774.0,2080.0,2184.0,2174.0,2161.0,2105.0,2072.0,2042.0,1992.0,1945.0,1800.0,1968.0,2219.0,2248.0,2221.0,2156.0,2093.0,2061.0,2000.0,1953.0,1791.0,1976.0,2106.0,2240.0,2273.0,2216.0,2166.0,2106.0,2028.0,1964.0,1803.0,1960.0,2207.0,2236.0,2200.0,2132.0,2083.0,2048.0,1984.0,1929.0,1780.0,1939.0,2193.0,2232.0,2202.0,2128.0,2080.0,2043.0,1984.0,1933.0,1782.0,2104.0,2189.0,2191.0,2172.0,2116.0,2072.0,2042.0,1991.0,1944.0,1804.0,1965.0,2194.0,2270.0,2250.0,2169.0,2109.0,2068.0,2006.0,1954.0,1804.0,1967.0,2192.0,2265.0,2237.0,2164.0,2110.0,2063.0,2008.0,1948.0,1809.0,1995.0,2078.0,2257.0,2280.0,2218.0
2080.0,2184.0,2174.0,2161.0,2105.0,2072.0,2042.0,1992.0,1945.0,1800.0,1968.0,2219.0,2248.0,2221.0,2156.0,2093.0,2061.0,2000.0,1953.0,1791.0,1976.0,2106.0,2240.0,2273.0,2216.0,2166.0,2106.0,2028.0,1964.0,1803.0,1960.0,2207.0,2236.0,2200.0,2132.0,2083.0,2048.0,1984.0,1929.0,1780.0,1939.0,2193.0,2232.0,2202.0,2128.0,2080.0,2043.0,1984.0,1933.0,1782.0,2104.0,2189.0,2191.0,2172.0,2116.0,2072.0,2042.0,1991.0,1944.0,1804.0,1965.0,2194.0,2270.0,2250.0,2169.0,2109.0,2068.0,2006.0,1954.0,1804.0,1967.0,2192.0,2265.0,2237.0,2164.0,2110.0,2063.0,2008.0,1948.0,1809.0,1995.0,2078.0,2257.0,2280.0,2218.0,2149.0,2096.0,2018.0,1967.0,1790.0,1944.0,2162.0,2238.0,2208.0,2130.0,2072.0,2027.0,1975.0,1912.0,1770.0
2093.0,2061.0,2000.0,1953.0,1791.0,1976.0,2106.0,2240.0,2273.0,2216.0,2166.0,2106.0,2028.0,1964.0,1803.0,1960.0,2207.0,2236.0,2200.0,2132.0,2083.0,2048.0,1984.0,1929.0,1780.0,1939.0,2193.0,2232.0,2202.0,2128.0,2080.0,2043.0,1984.0,1933.0,1782.0,2104.0,2189.0,2191.0,2172.0,2116.0,2072.0,2042.0,1991.0,1944.0,1804.0,1965.0,2194.0,2270.0,2250.0,2169.0,2109.0,2068.0,2006.0,1954.0,1804.0,1967.0,2192.0,2265.0,2237.0,2164.0,2110.0,2063.0,2008.0,1948.0,1809.0,1995.0,2078.0,2257.0,2280.0,2218.0,2149.0,2096.0,2018.0,1967.0,1790.0,1944.0,2162.0,2238.0,2208.0,2130.0,2072.0,2027.0,1975.0,1912.0,1770.0,2072.0,2154.0,2207.0,2174.0,2037.0,2038.0,2060.0,2024.0,1968.0,1815.0,1972.0,2192.0,2276.0,2232.0,2146.0
1960.0,2207.0,2236.0,2200.0,2132.0,2083.0,2048.0,1984.0,1929.0,1780.0,1939.0,2193.0,2232.0,2202.0,2128.0,2080.0,2043.0,1984.0,1933.0,1782.0,2104.0,2189.0,2191.0,2172.0,2116.0,2072.0,2042.0,1991.0,1944.0,1804.0,1965.0,2194.0,2270.0,2250.0,2169.0,2109.0,2068.0,2006.0,1954.0,1804.0,1967.0,2192.0,2265.0,2237.0,2164.0,2110.0,2063.0,2008.0,1948.0,1809.0,1995.0,2078.0,2257.0,2280.0,2218.0,2149.0,2096.0,2018.0,1967.0,1790.0,1944.0,2162.0,2238.0,2208.0,2130.0,2072.0,2027.0,1975.0,1912.0,1770.0,2072.0,2154.0,2207.0,2174.0,2037.0,2038.0,2060.0,2024.0,1968.0,1815.0,1972.0,2192.0,2276.0,2232.0,2146.0,2085.0,2039.0,1984.0,1930.0,1771.0,1950.0,2180.0,2262.0,2228.0,2154.0,2096.0,2060.0,2002.0,1933.0,1786.0
2080.0,2043.0,1984.0,1933.0,1782.0,2104.0,2189.0,2191.0,2172.0,2116.0,2072.0,2042.0,1991.0,1944.0,1804.0,1965.0,2194.0,2270.0,2250.0,2169.0,2109.0,2068.0,2006.0,1954.0,1804.0,1967.0,2192.0,2265.0,2237.0,2164.0,2110.0,2063.0,2008.0,1948.0,1809.0,1995.0,2078.0,2257.0,2280.0,2218.0,2149.0,2096.0,2018.0,1967.0,1790.0,1944.0,2162.0,2238.0,2208.0,2130.0,2072.0,2027.0,1975.0,1912.0,1770.0,2072.0,2154.0,2207.0,2174.0,2037.0,2038.0,2060.0,2024.0,1968.0,1815.0,1972.0,2192.0,2276.0,2232.0,2146.0,2085.0,2039.0,1984.0,1930.0,1771.0,1950.0,2180.0,2262.0,2228.0,2154.0,2096.0,2060.0,2002.0,1933.0,1786.0,1948.0,2180.0,2264.0,2233.0,2142.0,2087.0,2037.0,1973.0,1926.0,1774.0,1981.0,2049.0,2246.0,2270.0,2212.0
1965.0,2194.0,2270.0,2250.0,2169.0,2109.0,2068.0,2006.0,1954.0,1804.0,1967.0,2192.0,2265.0,2237.0,2164.0,2110.0,2063.0,2008.0,1948.0,1809.0,1995.0,2078.0,2257.0,2280.0,2218.0,2149.0,2096.0,2018.0,1967.0,1790.0,1944.0,2162.0,2238.0,2208.0,2130.0,2072.0,2027.0,1975.0,1912.0,1770.0,2072.0,2154.0,2207.0,2174.0,2037.0,2038.0,2060.0,2024.0,1968.0,1815.0,1972.0,2192.0,2276.0,2232.0,2146.0,2085.0,2039.0,1984.0,1930.0,1771.0,1950.0,2180.0,2262.0,2228.0,2154.0,2096.0,2060.0,2002.0,1933.0,1786.0,1948.0,2180.0,2264.0,2233.0,2142.0,2087.0,2037.0,1973.0,1926.0,1774.0,1981.0,2049.0,2246.0,2270.0,2212.0,2142.0,2089.0,2012.0,1937.0,1792.0,2090.0,2172.0,2197.0,2194.0,2116.0,2064.0,2033.0,1995.0,1929.0,1784.0
2110.0,2063.0,2008.0,1948.0,1809.0,1995.0,2078.0,2257.0,2280.0,2218.0,2149.0,2096.0,2018.0,1967.0,1790.0,1944.0,2162.0,2238.0,2208.0,2130.0,2072.0,2027.0,1975.0,1912.0,1770.0,2072.0,2154.0,2207.0,2174.0,2037.0,2038.0,2060.0,2024.0,1968.0,1815.0,1972.0,2192.0,2276.0,2232.0,2146.0,2085.0,2039.0,1984.0,1930.0,1771.0,1950.0,2180.0,2262.0,2228.0,2154.0,2096.0,2060.0,2002.0,1933.0,1786.0,1948.0,2180.0,2264.0,2233.0,2142.0,2087.0,2037.0,1973.0,1926.0,1774.0,1981.0,2049.0,2246.0,2270.0,2212.0,2142.0,2089.0,2012.0,1937.0,1792.0,2090.0,2172.0,2197.0,2194.0,2116.0,2064.0,2033.0,1995.0,1929.0,1784.0,1963.0,2194.0,2252.0,2261.0,2176.0,2120.0,2072.0,2008.0,1940.0,1806.0,1989.0,2208.0,2248.0,2256.0,2168.0
1944.0,2162.0,2238.0,2208.0,2130.0,2072.0,2027.0,1975.0,1912.0,1770.0,2072.0,2154.0,2207.0,2174.0,2037.0,2038.0,2060.0,2024.0,1968.0,1815.0,1972.0,2192.0,2276.0,2232.0,2146.0,2085.0,2039.0,1984.0,1930.0,1771.0,1950.0,2180.0,2262.0,2228.0,2154.0,2096.0,2060.0,2002.0,1933.0,1786.0,1948.0,2180.0,2264.0,2233.0,2142.0,2087.0,2037.0,1973.0,1926.0,1774.0,1981.0,2049.0,2246.0,2270.0,2212.0,2142.0,2089.0,2012.0,1937.0,1792.0,2090.0,2172.0,2197.0,2194.0,2116.0,2064.0,2033.0,1995.0,1929.0,1784.0,1963.0,2194.0,2252.0,2261.0,2176.0,2120.0,2072.0,2008.0,1940.0,1806.0,1989.0,2208.0,2248.0,2256.0,2168.0,2099.0,2060.0,1993.0,1935.0,1784.0,1970.0,2180.0,2229.0,2248.0,2159.0,2100.0,2050.0,1996.0,1940.0,1780.0
2038.0,2060.0,2024.0,1968.0,1815.0,1972.0,2192.0,2276.0,2232.0,2146.0,2085.0,2039.0,1984.0,1930.0,1771.0,1950.0,2180.0,2262.0,2228.0,2154.0,2096.0,2060.0,2002.0,1933.0,1786.0,1948.0,2180.0,2264.0,2233.0,2142.0,2087.0,2037.0,1973.0,1926.0,1774.0,1981.0,2049.0,2246.0,2270.0,2212.0,2142.0,2089.0,2012.0,1937.0,1792.0,2090.0,2172.0,2197.0,2194.0,2116.0,2064.0,2033.0,1995.0,1929.0,1784.0,1963.0,2194.0,2252.0,2261.0,2176.0,2120.0,2072.0,2008.0,1940.0,1806.0,1989.0,2208.0,2248.0,2256.0,2168.0,2099.0,2060.0,1993.0,1935.0,1784.0,1970.0,2180.0,2229.0,2248.0,2159.0,2100.0,2050.0,1996.0,1940.0,1780.0,1954.0,2178.0,2240.0,2257.0,2179.0,2108.0,2065.0,2000.0,1945.0,1800.0,2164.0,2116.0,2160.0,2270.0,2217.0
1950.0,2180.0,2262.0,2228.0,2154.0,2096.0,2060.0,2002.0,1933.0,1786.0,1948.0,2180.0,2264.0,2233.0,2142.0,2087.0,2037.0,1973.0,1926.0,1774.0,1981.0,2049.0,2246.0,2270.0,2212.0,2142.0,2089.0,2012.0,1937.0,1792.0,2090.0,2172.0,2197.0,2194.0,2116.0,2064.0,2033.0,1995.0,1929.0,1784.0,1963.0,2194.0,2252.0,2261.0,2176.0,2120.0,2072.0,2008.0,1940.0,1806.0,1989.0,2208.0,2248.0,2256.0,2168.0,2099.0,2060.0,1993.0,1935.0,1784.0,1970.0,2180.0,2229.0,2248.0,2159.0,2100.0,2050.0,1996.0,1940.0,1780.0,1954.0,2178.0,2240.0,2257.0,2179.0,2108.0,2065.0,2000.0,1945.0,1800.0,2164.0,2116.0,2160.0,2270.0,2217.0,2162.0,2114.0,2042.0,1976.0,1825.0,1997.0,2210.0,2259.0,2280.0,2190.0,2111.0,2064.0,2006.0,1944.0,1801.0
2087.0,2037.0,1973.0,1926.0,1774.0,1981.0,2049.0,2246.0,2270.0,2212.0,2142.0,2089.0,2012.0,1937.0,1792.0,2090.0,2172.0,2197.0,2194.0,2116.0,2064.0,2033.0,1995.0,1929.0,1784.0,1963.0,2194.0,2252.0,2261.0,2176.0,2120.0,2072.0,2008.0,1940.0,1806.0,1989.0,2208.0,2248.0,2256.0,2168.0,2099.0,2060.0,1993.0,1935.0,1784.0,1970.0,2180.0,2229.0,2248.0,2159.0,2100.0,2050.0,1996.0,1940.0,1780.0,1954.0,2178.0,2240.0,2257.0,2179.0,2108.0,2065.0,2000.0,1945.0,1800.0,2164.0,2116.0,2160.0,2270.0,2217.0,2162.0,2114.0,2042.0,1976.0,1825.0,1997.0,2210.0,2259.0,2280.0,2190.0,2111.0,2064.0,2006.0,1944.0,1801.0,1978.0,2208.0,2254.0,2278.0,2188.0,2116.0,2073.0,2006.0,1952.0,1798.0,1993.0,2208.0,2259.0,2275.0,2191.0
2090.0,2172.0,2197.0,2194.0,2116.0,2064.0,2033.0,1995.0,1929.0,1784.0,1963.0,2194.0,2252.0,2261.0,2176.0,2120.0,2072.0,2008.0,1940.0,1806.0,1989.0,2208.0,2248.0,2256.0,2168.0,2099.0,2060.0,1993.0,1935.0,1784.0,1970.0,2180.0,2229.0,2248.0,2159.0,2100.0,2050.0,1996.0,1940.0,1780.0,1954.0,2178.0,2240.0,2257.0,2179.0,2108.0,2065.0,2000.0,1945.0,1800.0,2164.0,2116.0,2160.0,2270.0,2217.0,2162.0,2114.0,2042.0,1976.0,1825.0,1997.0,2210.0,2259.0,2280.0,2190.0,2111.0,2064.0,2006.0,1944.0,1801.0,1978.0,2208.0,2254.0,2278.0,2188.0,2116.0,2073.0,2006.0,1952.0,1798.0,1993.0,2208.0,2259.0,2275.0,2191.0,2116.0,2066.0,2003.0,1947.0,1795.0,1964.0,2193.0,2245.0,2269.0,2184.0,2114.0,2064.0,1999.0,1942.0,1796.0
2120.0,2072.0,2008.0,1940.0,1806.0,1989.0,2208.0,2248.0,2256.0,2168.0,2099.0,2060.0,1993.0,1935.0,1784.0,1970.0,2180.0,2229.0,2248.0,2159.0,2100.0,2050.0,1996.0,1940.0,1780.0,1954.0,2178.0,2240.0,2257.0,2179.0,2108.0,2065.0,2000.0,1945.0,1800.0,2164.0,2116.0,2160.0,2270.0,2217.0,2162.0,2114.0,2042.0,1976.0,1825.0,1997.0,2210.0,2259.0,2280.0,2190.0,2111.0,2064.0,2006.0,1944.0,1801.0,1978.0,2208.0,2254.0,2278.0,2188.0,2116.0,2073.0,2006.0,1952.0,1798.0,1993.0,2208.0,2259.0,2275.0,2191.0,2116.0,2066.0,2003.0,1947.0,1795.0,1964.0,2193.0,2245.0,2269.0,2184.0,2114.0,2064.0,1999.0,1942.0,1796.0,2109.0,2185.0,2198.0,2216.0,2121.0,2049.0,2060.0,2025.0,1960.0,1819.0,2016.0,2086.0,2229.0,2280.0,2230.0
1970.0,2180.0,2229.0,2248.0,2159.0,2100.0,2050.0,1996.0,1940.0,1780.0,1954.0,2178.0,2240.0,2257.0,2179.0,2108.0,2065.0,2000.0,1945.0,1800.0,2164.0,2116.0,2160.0,2270.0,2217.0,2162.0,2114.0,2042.0,1976.0,1825.0,1997.0,2210.0,2259.0,2280.0,2190.0,2111.0,2064.0,2006.0,1944.0,1801.0,1978.0,2208.0,2254.0,2278.0,2188.0,2116.0,2073.0,2006.0,1952.0,1798.0,1993.0,2208.0,2259.0,2275.0,2191.0,2116.0,2066.0,2003.0,1947.0,1795.0,1964.0,2193.0,2245.0,2269.0,2184.0,2114.0,2064.0,1999.0,1942.0,1796.0,2109.0,2185.0,2198.0,2216.0,2121.0,2049.0,2060.0,2025.0,1960.0,1819.0,2016.0,2086.0,2229.0,2280.0,2230.0,2140.0,2072.0,1982.0,1920.0,1764.0,1954.0,2152.0,2204.0,2192.0,2144.0,2068.0,2016.0,1959.0,1881.0,1753.0
2108.0,2065.0,2000.0,1945.0,1800.0,2164.0,2116.0,2160.0,2270.0,2217.0,2162.0,2114.0,2042.0,1976.0,1825.0,1997.0,2210.0,2259.0,2280.0,2190.0,2111.0,2064.0,2006.0,1944.0,1801.0,1978.0,2208.0,2254.0,2278.0,2188.0,2116.0,2073.0,2006.0,1952.0,1798.0,1993.0,2208.0,2259.0,2275.0,2191.0,2116.0,2066.0,2003.0,1947.0,1795.0,1964.0,2193.0,2245.0,2269.0,2184.0,2114.0,2064.0,1999.0,1942.0,1796.0,2109.0,2185.0,2198.0,2216.0,2121.0,2049.0,2060.0,2025.0,1960.0,1819.0,2016.0,2086.0,2229.0,2280.0,2230.0,2140.0,2072.0,1982.0,1920.0,1764.0,1954.0,2152.0,2204.0,2192.0,2144.0,2068.0,2016.0,1959.0,1881.0,1753.0,1938.0,2156.0,2217.0,2208.0,2171.0,2094.0,2040.0,1980.0,1910.0,1780.0,1976.0,2176.0,2224.0,2221.0,2183.0
1997.0,2210.0,2259.0,2280.0,2190.0,2111.0,2064.0,2006.0,1944.0,1801.0,1978.0,2208.0,2254.0,2278.0,2188.0,2116.0,2073.0,2006.0,1952.0,1798.0,1993.0,2208.0,2259.0,2275.0,2191.0,2116.0,2066.0,2003.0,1947.0,1795.0,1964.0,2193.0,2245.0,2269.0,2184.0,2114.0,2064.0,1999.0,1942.0,1796.0,2109.0,2185.0,2198.0,2216.0,2121.0,2049.0,2060.0,2025.0,1960.0,1819.0,2016.0,2086.0,2229.0,2280.0,2230.0,2140.0,2072.0,1982.0,1920.0,1764.0,1954.0,2152.0,2204.0,2192.0,2144.0,2068.0,2016.0,1959.0,1881.0,1753.0,1938.0,2156.0,2217.0,2208.0,2171.0,2094.0,2040.0,1980.0,1910.0,1780.0,1976.0,2176.0,2224.0,2221.0,2183.0,2113.0,2064.0,2000.0,1923.0,1800.0,2126.0,2188.0,2208.0,2205.0,2180.0,2110.0,2065.0,2009.0,1943.0,1807.0
2116.0,2073.0,2006.0,1952.0,1798.0,1993.0,2208.0,2259.0,2275.0,2191.0,2116.0,2066.0,2003.0,1947.0,1795.0,1964.0,2193.0,2245.0,2269.0,2184.0,2114.0,2064.0,1999.0,1942.0,1796.0,2109.0,2185.0,2198.0,2216.0,2121.0,2049.0,2060.0,2025.0,1960.0,1819.0,2016.0,2086.0,2229.0,2280.0,2230.0,2140.0,2072.0,1982.0,1920.0,1764.0,1954.0,2152.0,2204.0,2192.0,2144.0,2068.0,2016.0,1959.0,1881.0,1753.0,1938.0,2156.0,2217.0,2208.0,2171.0,2094.0,2040.0,1980.0,1910.0,1780.0,1976.0,2176.0,2224.0,2221.0,2183.0,2113.0,2064.0,2000.0,1923.0,1800.0,2126.0,2188.0,2208.0,2205.0,2180.0,2110.0,2065.0,2009.0,1943.0,1807.0,1984.0,2204.0,2256.0,2253.0,2220.0,2134.0,2070.0,1999.0,1927.0,1792.0,2004.0,2086.0,2240.0,2286.0,2372.0
1964.0,2193.0,2245.0,2269.0,2184.0,2114.0,2064.0,1999.0,1942.0,1796.0,2109.0,2185.0,2198.0,2216.0,2121.0,2049.0,2060.0,2025.0,1960.0,1819.0,2016.0,2086.0,2229.0,2280.0,2230.0,2140.0,2072.0,1982.0,1920.0,1764.0,1954.0,2152.0,2204.0,2192.0,2144.0,2068.0,2016.0,1959.0,1881.0,1753.0,1938.0,2156.0,2217.0,2208.0,2171.0,2094.0,2040.0,1980.0,1910.0,1780.0,1976.0,2176.0,2224.0,2221.0,2183.0,2113.0,2064.0,2000.0,1923.0,1800.0,2126.0,2188.0,2208.0,2205.0,2180.0,2110.0,2065.0,2009.0,1943.0,1807.0,1984.0,2204.0,2256.0,2253.0,2220.0,2134.0,2070.0,1999.0,1927.0,1792.0,2004.0,2086.0,2240.0,2286.0,2372.0,2206.0,2074.0,1962.0,1882.0,1761.0,1960.0,2200.0,2252.0,2236.0,2207.0,2107.0,2049.0,1980.0,1916.0,1772.0
2049.0,2060.0,2025.0,1960.0,1819.0,2016.0,2086.0,2229.0,2280.0,2230.0,2140.0,2072.0,1982.0,1920.0,1764.0,1954.0,2152.0,2204.0,2192.0,2144.0,2068.0,2016.0,1959.0,1881.0,1753.0,1938.0,2156.0,2217.0,2208.0,2171.0,2094.0,2040.0,1980.0,1910.0,1780.0,1976.0,2176.0,2224.0,2221.0,2183.0,2113.0,2064.0,2000.0,1923.0,1800.0,2126.0,2188.0,2208.0,2205.0,2180.0,2110.0,2065.0,2009.0,1943.0,1807.0,1984.0,2204.0,2256.0,2253.0,2220.0,2134.0,2070.0,1999.0,1927.0,1792.0,2004.0,2086.0,2240.0,2286.0,2372.0,2206.0,2074.0,1962.0,1882.0,1761.0,1960.0,2200.0,2252.0,2236.0,2207.0,2107.0,2049.0,1980.0,1916.0,1772.0,1971.0,2180.0,2227.0,2215.0,2189.0,2112.0,2044.0,1969.0,1887.0,1752.0,2080.0,2152.0,2159.0,2160.0,2136.0
1954.0,2152.0,2204.0,2192.0,2144.0,2068.0,2016.0,1959.0,1881.0,1753.0,1938.0,2156.0,2217.0,2208.0,2171.0,2094.0,2040.0,1980.0,1910.0,1780.0,1976.0,2176.0,2224.0,2221.0,2183.0,2113.0,2064.0,2000.0,1923.0,1800.0,2126.0,2188.0,2208.0,2205.0,2180.0,2110.0,2065.0,2009.0,1943.0,1807.0,1984.0,2204.0,2256.0,2253.0,2220.0,2134.0,2070.0,1999.0,1927.0,1792.0,2004.0,2086.0,2240.0,2286.0,2372.0,2206.0,2074.0,1962.0,1882.0,1761.0,1960.0,2200.0,2252.0,2236.0,2207.0,2107.0,2049.0,1980.0,1916.0,1772.0,1971.0,2180.0,2227.0,2215.0,2189.0,2112.0,2044.0,1969.0,1887.0,1752.0,2080.0,2152.0,2159.0,2160.0,2136.0,2084.0,2032.0,1973.0,1907.0,1769.0,1961.0,2188.0,2241.0,2240.0,2188.0,2134.0,2064.0,2003.0,1917.0,1781.0
2094.0,2040.0,1980.0,1910.0,1780.0,1976.0,2176.0,2224.0,2221.0,2183.0,2113.0,2064.0,2000.0,1923.0,1800.0,2126.0,2188.0,2208.0,2205.0,2180.0,2110.0,2065.0,2009.0,1943.0,1807.0,1984.0,2204.0,2256.0,2253.0,2220.0,2134.0,2070.0,1999.0,1927.0,1792.0,2004.0,2086.0,2240.0,2286.0,2372.0,2206.0,2074.0,1962.0,1882.0,1761.0,1960.0,2200.0,2252.0,2236.0,2207.0,2107.0,2049.0,1980.0,1916.0,1772.0,1971.0,2180.0,2227.0,2215.0,2189.0,2112.0,2044.0,1969.0,1887.0,1752.0,2080.0,2152.0,2159.0,2160.0,2136.0,2084.0,2032.0,1973.0,1907.0,1769.0,1961.0,2188.0,2241.0,2240.0,2188.0,2134.0,2064.0,2003.0,1917.0,1781.0,1962.0,2189.0,2240.0,2230.0,2172.0,2126.0,2066.0,1989.0,1917.0,1776.0,1994.0,2067.0,2221.0,2264.0,2213.0
2126.0,2188.0,2208.0,2205.0,2180.0,2110.0,2065.0,2009.0,1943.0,1807.0,1984.0,2204.0,2256.0,2253.0,2220.0,2134.0,2070.0,1999.0,1927.0,1792.0,2004.0,2086.0,2240.0,2286.0,2372.0,2206.0,2074.0,1962.0,1882.0,1761.0,1960.0,2200.0,2252.0,2236.0,2207.0,2107.0,2049.0,1980.0,1916.0,1772.0,1971.0,2180.0,2227.0,2215.0,2189.0,2112.0,2044.0,1969.0,1887.0,1752.0,2080.0,2152.0,2159.0,2160.0,2136.0,2084.0,2032.0,1973.0,1907.0,1769.0,1961.0,2188.0,2241.0,2240.0,2188.0,2134.0,2064.0,2003.0,1917.0,1781.0,1962.0,2189.0,2240.0,2230.0,2172.0,2126.0,2066.0,1989.0,1917.0,1776.0,1994.0,2067.0,2221.0,2264.0,2213.0,2177.0,2090.0,1993.0,1904.0,1756.0,1932.0,2153.0,2206.0,2188.0,2132.0,2102.0,2042.0,1968.0,1878.0,1747.0
2134.0,2070.0,1999.0,1927.0,1792.0,2004.0,2086.0,2240.0,2286.0,2372.0,2206.0,2074.0,1962.0,1882.0,1761.0,1960.0,2200.0,2252.0,2236.0,2207.0,2107.0,2049.0,1980.0,1916.0,1772.0,1971.0,2180.0,2227.0,2215.0,2189.0,2112.0,2044.0,1969.0,1887.0,1752.0,2080.0,2152.0,2159.0,2160.0,2136.0,2084.0,2032.0,1973.0,1907.0,1769.0,1961.0,2188.0,2241.0,2240.0,2188.0,2134.0,2064.0,2003.0,1917.0,1781.0,1962.0,2189.0,2240.0,2230.0,2172.0,2126.0,2066.0,1989.0,1917.0,1776.0,1994.0,2067.0,2221.0,2264.0,2213.0,2177.0,2090.0,1993.0,1904.0,1756.0,1932.0,2153.0,2206.0,2188.0,2132.0,2102.0,2042.0,1968.0,1878.0,1747.0,2080.0,2152.0,2164.0,2168.0,2104.0,2065.0,2066.0,2026.0,1950.0,1800.0,1996.0,2200.0,2241.0,2223.0,2162.0
1960.0,2200.0,2252.0,2236.0,2207.0,2107.0,2049.0,1980.0,1916.0,1772.0,1971.0,2180.0,2227.0,2215.0,2189.0,2112.0,2044.0,1969.0,1887.0,1752.0,2080.0,2152.0,2159.0,2160.0,2136.0,2084.0,2032.0,1973.0,1907.0,1769.0,1961.0,2188.0,2241.0,2240.0,2188.0,2134.0,2064.0,2003.0,1917.0,1781.0,1962.0,2189.0,2240.0,2230.0,2172.0,2126.0,2066.0,1989.0,1917.0,1776.0,1994.0,2067.0,2221.0,2264.0,2213.0,2177.0,2090.0,1993.0,1904.0,1756.0,1932.0,2153.0,2206.0,2188.0,2132.0,2102.0,2042.0,1968.0,1878.0,1747.0,2080.0,2152.0,2164.0,2168.0,2104.0,2065.0,2066.0,2026.0,1950.0,1800.0,1996.0,2200.0,2241.0,2223.0,2162.0,2124.0,2064.0,1988.0,1894.0,1768.0,1957.0,2188.0,2236.0,2230.0,2165.0,2140.0,2076.0,1990.0,1911.0,1770.0
2112.0,2044.0,1969.0,1887.0,1752.0,2080.0,2152.0,2159.0,2160.0,2136.0,2084.0,2032.0,1973.0,1907.0,1769.0,1961.0,2188.0,2241.0,2240.0,2188.0,2134.0,2064.0,2003.0,1917.0,1781.0,1962.0,2189.0,2240.0,2230.0,2172.0,2126.0,2066.0,1989.0,1917.0,1776.0,1994.0,2067.0,2221.0,2264.0,2213.0,2177.0,2090.0,1993.0,1904.0,1756.0,1932.0,2153.0,2206.0,2188.0,2132.0,2102.0,2042.0,1968.0,1878.0,1747.0,2080.0,2152.0,2164.0,2168.0,2104.0,2065.0,2066.0,2026.0,1950.0,1800.0,1996.0,2200.0,2241.0,2223.0,2162.0,2124.0,2064.0,1988.0,1894.0,1768.0,1957.0,2188.0,2236.0,2230.0,2165.0,2140.0,2076.0,1990.0,1911.0,1770.0,1966.0,2190.0,2253.0,2233.0,2166.0,2141.0,2066.0,1995.0,1912.0,1760.0,1984.0,2069.0,2212.0,2256.0,2216.0
1961.0,2188.0,2241.0,2240.0,2188.0,2134.0,2064.0,2003.0,1917.0,1781.0,1962.0,2189.0,2240.0,2230.0,2172.0,2126.0,2066.0,1989.0,1917.0,1776.0,1994.0,2067.0,2221.0,2264.0,2213.0,2177.0,2090.0,1993.0,1904.0,1756.0,1932.0,2153.0,2206.0,2188.0,2132.0,2102.0,2042.0,1968.0,1878.0,1747.0,2080.0,2152.0,2164.0,2168.0,2104.0,2065.0,2066.0,2026.0,1950.0,1800.0,1996.0,2200.0,2241.0,2223.0,2162.0,2124.0,2064.0,1988.0,1894.0,1768.0,1957.0,2188.0,2236.0,2230.0,2165.0,2140.0,2076.0,1990.0,1911.0,1770.0,1966.0,2190.0,2253.0,2233.0,2166.0,2141.0,2066.0,1995.0,1912.0,1760.0,1984.0,2069.0,2212.0,2256.0,2216.0,2179.0,2112.0,2012.0,1928.0,1762.0,2096.0,2166.0,2172.0,2166.0,2113.0,2096.0,2045.0,1972.0,1891.0,1740.0
2126.0,2066.0,1989.0,1917.0,1776.0,1994.0,2067.0,2221.0,2264.0,2213.0,2177.0,2090.0,1993.0,1904.0,1756.0,1932.0,2153.0,2206.0,2188.0,2132.0,2102.0,2042.0,1968.0,1878.0,1747.0,2080.0,2152.0,2164.0,2168.0,2104.0,2065.0,2066.0,2026.0,1950.0,1800.0,1996.0,2200.0,2241.0,2223.0,2162.0,2124.0,2064.0,1988.0,1894.0,1768.0,1957.0,2188.0,2236.0,2230.0,2165.0,2140.0,2076.0,1990.0,1911.0,1770.0,1966.0,2190.0,2253.0,2233.0,2166.0,2141.0,2066.0,1995.0,1912.0,1760.0,1984.0,2069.0,2212.0,2256.0,2216.0,2179.0,2112.0,2012.0,1928.0,1762.0,2096.0,2166.0,2172.0,2166.0,2113.0,2096.0,2045.0,1972.0,1891.0,1740.0,1949.0,2176.0,2220.0,2214.0,2149.0,2102.0,2066.0,1989.0,1900.0,1756.0,1960.0,2174.0,2230.0,2223.0,2162.0
1932.0,2153.0,2206.0,2188.0,2132.0,2102.0,2042.0,1968.0,1878.0,1747.0,2080.0,2152.0,2164.0,2168.0,2104.0,2065.0,2066.0,2026.0,1950.0,1800.0,1996.0,2200.0,2241.0,2223.0,2162.0,2124.0,2064.0,1988.0,1894.0,1768.0,1957.0,2188.0,2236.0,2230.0,2165.0,2140.0,2076.0,1990.0,1911.0,1770.0,1966.0,2190.0,2253.0,2233.0,2166.0,2141.0,2066.0,1995.0,1912.0,1760.0,1984.0,2069.0,2212.0,2256.0,2216.0,2179.0,2112.0,2012.0,1928.0,1762.0,2096.0,2166.0,2172.0,2166.0,2113.0,2096.0,2045.0,1972.0,1891.0,1740.0,1949.0,2176.0,2220.0,2214.0,2149.0,2102.0,2066.0,1989.0,1900.0,1756.0,1960.0,2174.0,2230.0,2223.0,2162.0,2114.0,2083.0,1997.0,1905.0,1773.0,1972.0,2193.0,2243.0,2227.0,2169.0,2113.0,2100.0,2001.0,1916.0,1770.0
2065.0,2066.0,2026.0,1950.0,1800.0,1996.0,2200.0,2241.0,2223.0,2162.0,2124.0,2064.0,1988.0,1894.0,1768.0,1957.0,2188.0,2236.0,2230.0,2165.0,2140.0,2076.0,1990.0,1911.0,1770.0,1966.0,2190.0,2253.0,2233.0,2166.0,2141.0,2066.0,1995.0,1912.0,1760.0,1984.0,2069.0,2212.0,2256.0,2216.0,2179.0,2112.0,2012.0,1928.0,1762.0,2096.0,2166.0,2172.0,2166.0,2113.0,2096.0,2045.0,1972.0,1891.0,1740.0,1949.0,2176.0,2220.0,2214.0,2149.0,2102.0,2066.0,1989.0,1900.0,1756.0,1960.0,2174.0,2230.0,2223.0,2162.0,2114.0,2083.0,1997.0,1905.0,1773.0,1972.0,2193.0,2243.0,2227.0,2169.0,2113.0,2100.0,2001.0,1916.0,1770.0,1976.0,2195.0,2247.0,2236.0,2176.0,2122.0,2105.0,2010.0,1930.0,1771.0,2149.0,2097.0,2152.0,2229.0,2208.0
1957.0,2188.0,2236.0,2230.0,2165.0,2140.0,2076.0,1990.0,1911.0,1770.0,1966.0,2190.0,2253.0,2233.0,2166.0,2141.0,2066.0,1995.0,1912.0,1760.0,1984.0,2069.0,2212.0,2256.0,2216.0,2179.0,2112.0,2012.0,1928.0,1762.0,2096.0,2166.0,2172.0,2166.0,2113.0,2096.0,2045.0,1972.0,1891.0,1740.0,1949.0,2176.0,2220.0,2214.0,2149.0,2102.0,2066.0,1989.0,1900.0,1756.0,1960.0,2174.0,2230.0,2223.0,2162.0,2114.0,2083.0,1997.0,1905.0,1773.0,1972.0,2193.0,2243.0,2227.0,2169.0,2113.0,2100.0,2001.0,1916.0,1770.0,1976.0,2195.0,2247.0,2236.0,2176.0,2122.0,2105.0,2010.0,1930.0,1771.0,2149.0,2097.0,2152.0,2229.0,2208.0,2158.0,2132.0,2029.0,1928.0,1771.0,1963.0,2180.0,2222.0,2216.0,2150.0,2087.0,2077.0,1980.0,1873.0,1733.0
2141.0,2066.0,1995.0,1912.0,1760.0,1984.0,2069.0,2212.0,2256.0,2216.0,2179.0,2112.0,2012.0,1928.0,1762.0,2096.0,2166.0,2172.0,2166.0,2113.0,2096.0,2045.0,1972.0,1891.0,1740.0,1949.0,2176.0,2220.0,2214.0,2149.0,2102.0,2066.0,1989.0,1900.0,1756.0,1960.0,2174.0,2230.0,2223.0,2162.0,2114.0,2083.0,1997.0,1905.0,1773.0,1972.0,2193.0,2243.0,2227.0,2169.0,2113.0,2100.0,2001.0,1916.0,1770.0,1976.0,2195.0,2247.0,2236.0,2176.0,2122.0,2105.0,2010.0,1930.0,1771.0,2149.0,2097.0,2152.0,2229.0,2208.0,2158.0,2132.0,2029.0,1928.0,1771.0,1963.0,2180.0,2222.0,2216.0,2150.0,2087.0,2077.0,1980.0,1873.0,1733.0,1946.0,2164.0,2215.0,2197.0,2133.0,2084.0,2074.0,1989.0,1892.0,1754.0,1949.0,2168.0,2208.0,2191.0,2136.0
2096.0,2166.0,2172.0,2166.0,2113.0,2096.0,2045.0,1972.0,1891.0,1740.0,1949.0,2176.0,2220.0,2214.0,2149.0,2102.0,2066.0,1989.0,1900.0,1756.0,1960.0,2174.0,2230.0,2223.0,2162.0,2114.0,2083.0,1997.0,1905.0,1773.0,1972.0,2193.0,2243.0,2227.0,2169.0,2113.0,2100.0,2001.0,1916.0,1770.0,1976.0,2195.0,2247.0,2236.0,2176.0,2122.0,2105.0,2010.0,1930.0,1771.0,2149.0,2097.0,2152.0,2229.0,2208.0,2158.0,2132.0,2029.0,1928.0,1771.0,1963.0,2180.0,2222.0,2216.0,2150.0,2087.0,2077.0,1980.0,1873.0,1733.0,1946.0,2164.0,2215.0,2197.0,2133.0,2084.0,2074.0,1989.0,1892.0,1754.0,1949.0,2168.0,2208.0,2191.0,2136.0,2073.0,2077.0,1974.0,1876.0,1732.0,1943.0,2161.0,2205.0,2197.0,2135.0,2086.0,2080.0,1994.0,1896.0,1745.0
2102.0,2066.0,1989.0,1900.0,1756.0,1960.0,2174.0,2230.0,2223.0,2162.0,2114.0,2083.0,1997.0,1905.0,1773.0,1972.0,2193.0,2243.0,2227.0,2169.0,2113.0,2100.0,2001.0,1916.0,1770.0,1976.0,2195.0,2247.0,2236.0,2176.0,2122.0,2105.0,2010.0,1930.0,1771.0,2149.0,2097.0,2152.0,2229.0,2208.0,2158.0,2132.0,2029.0,1928.0,1771.0,1963.0,2180.0,2222.0,2216.0,2150.0,2087.0,2077.0,1980.0,1873.0,1733.0,1946.0,2164.0,2215.0,2197.0,2133.0,2084.0,2074.0,1989.0,1892.0,1754.0,1949.0,2168.0,2208.0,2191.0,2136.0,2073.0,2077.0,1974.0,1876.0,1732.0,1943.0,2161.0,2205.0,2197.0,2135.0,2086.0,2080.0,1994.0,1896.0,1745.0,2079.0,2160.0,2177.0,2164.0,2138.0,2022.0,2093.0,2041.0,1945.0,1784.0,2003.0,2092.0,2231.0,2280.0,2229.0
1972.0,2193.0,2243.0,2227.0,2169.0,2113.0,2100.0,2001.0,1916.0,1770.0,1976.0,2195.0,2247.0,2236.0,2176.0,2122.0,2105.0,2010.0,1930.0,1771.0,2149.0,2097.0,2152.0,2229.0,2208.0,2158.0,2132.0,2029.0,1928.0,1771.0,1963.0,2180.0,2222.0,2216.0,2150.0,2087.0,2077.0,1980.0,1873.0,1733.0,1946.0,2164.0,2215.0,2197.0,2133.0,2084.0,2074.0,1989.0,1892.0,1754.0,1949.0,2168.0,2208.0,2191.0,2136.0,2073.0,2077.0,1974.0,1876.0,1732.0,1943.0,2161.0,2205.0,2197.0,2135.0,2086.0,2080.0,1994.0,1896.0,1745.0,2079.0,2160.0,2177.0,2164.0,2138.0,2022.0,2093.0,2041.0,1945.0,1784.0,2003.0,2092.0,2231.0,2280.0,2229.0,2160.0,2124.0,2036.0,1921.0,1753.0,1954.0,2168.0,2222.0,2201.0,2146.0,2088.0,2068.0,2002.0,1896.0,1748.0
2122.0,2105.0,2010.0,1930.0,1771.0,2149.0,2097.0,2152.0,2229.0,2208.0,2158.0,2132.0,2029.0,1928.0,1771.0,1963.0,2180.0,2222.0,2216.0,2150.0,2087.0,2077.0,1980.0,1873.0,1733.0,1946.0,2164.0,2215.0,2197.0,2133.0,2084.0,2074.0,1989.0,1892.0,1754.0,1949.0,2168.0,2208.0,2191.0,2136.0,2073.0,2077.0,1974.0,1876.0,1732.0,1943.0,2161.0,2205.0,2197.0,2135.0,2086.0,2080.0,1994.0,1896.0,1745.0,2079.0,2160.0,2177.0,2164.0,2138.0,2022.0,2093.0,2041.0,1945.0,1784.0,2003.0,2092.0,2231.0,2280.0,2229.0,2160.0,2124.0,2036.0,1921.0,1753.0,1954.0,2168.0,2222.0,2201.0,2146.0,2088.0,2068.0,2002.0,1896.0,1748.0,1949.0,2176.0,2224.0,2217.0,2152.0,2103.0,2064.0,2016.0,1901.0,1776.0,1968.0,2178.0,2225.0,2212.0,2162.0
1963.0,2180.0,2222.0,2216.0,2150.0,2087.0,2077.0,1980.0,1873.0,1733.0,1946.0,2164.0,2215.0,2197.0,2133.0,2084.0,2074.0,1989.0,1892.0,1754.0,1949.0,2168.0,2208.0,2191.0,2136.0,2073.0,2077.0,1974.0,1876.0,1732.0,1943.0,2161.0,2205.0,2197.0,2135.0,2086.0,2080.0,1994.0,1896.0,1745.0,2079.0,2160.0,2177.0,2164.0,2138.0,2022.0,2093.0,2041.0,1945.0,1784.0,2003.0,2092.0,2231.0,2280.0,2229.0,2160.0,2124.0,2036.0,1921.0,1753.0,1954.0,2168.0,2222.0,2201.0,2146.0,2088.0,2068.0,2002.0,1896.0,1748.0,1949.0,2176.0,2224.0,2217.0,2152.0,2103.0,2064.0,2016.0,1901.0,1776.0,1968.0,2178.0,2225.0,2212.0,2162.0,2102.0,2068.0,2024.0,1903.0,1767.0,2088.0,2165.0,2188.0,2185.0,2128.0,2082.0,2053.0,2024.0,1914.0,1765.0
2084.0,2074.0,1989.0,1892.0,1754.0,1949.0,2168.0,2208.0,2191.0,2136.0,2073.0,2077.0,1974.0,1876.0,1732.0,1943.0,2161.0,2205.0,2197.0,2135.0,2086.0,2080.0,1994.0,1896.0,1745.0,2079.0,2160.0,2177.0,2164.0,2138.0,2022.0,2093.0,2041.0,1945.0,1784.0,2003.0,2092.0,2231.0,2280.0,2229.0,2160.0,2124.0,2036.0,1921.0,1753.0,1954.0,2168.0,2222.0,2201.0,2146.0,2088.0,2068.0,2002.0,1896.0,1748.0,1949.0,2176.0,2224.0,2217.0,2152.0,2103.0,2064.0,2016.0,1901.0,1776.0,1968.0,2178.0,2225.0,2212.0,2162.0,2102.0,2068.0,2024.0,1903.0,1767.0,2088.0,2165.0,2188.0,2185.0,2128.0,2082.0,2053.0,2024.0,1914.0,1765.0,1972.0,2192.0,2245.0,2222.0,2155.0,2103.0,2058.0,2035.0,1894.0,1758.0,1987.0,2075.0,2226.0,2267.0,2220.0
1943.0,2161.0,2205.0,2197.0,2135.0,2086.0,2080.0,1994.0,1896.0,1745.0,2079.0,2160.0,2177.0,2164.0,2138.0,2022.0,2093.0,2041.0,1945.0,1784.0,2003.0,2092.0,2231.0,2280.0,2229.0,2160.0,2124.0,2036.0,1921.0,1753.0,1954.0,2168.0,2222.0,2201.0,2146.0,2088.0,2068.0,2002.0,1896.0,1748.0,1949.0,2176.0,2224.0,2217.0,2152.0,2103.0,2064.0,2016.0,1901.0,1776.0,1968.0,2178.0,2225.0,2212.0,2162.0,2102.0,2068.0,2024.0,1903.0,1767.0,2088.0,2165.0,2188.0,2185.0,2128.0,2082.0,2053.0,2024.0,1914.0,1765.0,1972.0,2192.0,2245.0,2222.0,2155.0,2103.0,2058.0,2035.0,1894.0,1758.0,1987.0,2075.0,2226.0,2267.0,2220.0,2156.0,2108.0,2056.0,1926.0,1764.0,1972.0,2172.0,2224.0,2203.0,2140.0,2091.0,2048.0,2028.0,1904.0,1763.0
2022.0,2093.0,2041.0,1945.0,1784.0,2003.0,2092.0,2231.0,2280.0,2229.0,2160.0,2124.0,2036.0,1921.0,1753.0,1954.0,2168.0,2222.0,2201.0,2146.0,2088.0,2068.0,2002.0,1896.0,1748.0,1949.0,2176.0,2224.0,2217.0,2152.0,2103.0,2064.0,2016.0,1901.0,1776.0,1968.0,2178.0,2225.0,2212.0,2162.0,2102.0,2068.0,2024.0,1903.0,1767.0,2088.0,2165.0,2188.0,2185.0,2128.0,2082.0,2053.0,2024.0,1914.0,1765.0,1972.0,2192.0,2245.0,2222.0,2155.0,2103.0,2058.0,2035.0,1894.0,1758.0,1987.0,2075.0,2226.0,2267.0,2220.0,2156.0,2108.0,2056.0,1926.0,1764.0,1972.0,2172.0,2224.0,2203.0,2140.0,2091.0,2048.0,2028.0,1904.0,1763.0,1968.0,2178.0,2228.0,2210.0,2158.0,2098.0,2065.0,2048.0,1920.0,1788.0,2112.0,2185.0,2196.0,2189.0,2141.0
1954.0,2168.0,2222.0,2201.0,2146.0,2088.0,2068.0,2002.0,1896.0,1748.0,1949.0,2176.0,2224.0,2217.0,2152.0,2103.0,2064.0,2016.0,1901.0,1776.0,1968.0,2178.0,2225.0,2212.0,2162.0,2102.0,2068.0,2024.0,1903.0,1767.0,2088.0,2165.0,2188.0,2185.0,2128.0,2082.0,2053.0,2024.0,1914.0,1765.0,1972.0,2192.0,2245.0,2222.0,2155.0,2103.0,2058.0,2035.0,1894.0,1758.0,1987.0,2075.0,2226.0,2267.0,2220.0,2156.0,2108.0,2056.0,1926.0,1764.0,1972.0,2172.0,2224.0,2203.0,2140.0,2091.0,2048.0,2028.0,1904.0,1763.0,1968.0,2178.0,2228.0,2210.0,2158.0,2098.0,2065.0,2048.0,1920.0,1788.0,2112.0,2185.0,2196.0,2189.0,2141.0,2096.0,2066.0,2048.0,1930.0,1777.0,1992.0,2194.0,2240.0,2228.0,2176.0,2105.0,2068.0,2043.0,1920.0,1766.0
2103.0,2064.0,2016.0,1901.0,1776.0,1968.0,2178.0,2225.0,2212.0,2162.0,2102.0,2068.0,2024.0,1903.0,1767.0,2088.0,2165.0,2188.0,2185.0,2128.0,2082.0,2053.0,2024.0,1914.0,1765.0,1972.0,2192.0,2245.0,2222.0,2155.0,2103.0,2058.0,2035.0,1894.0,1758.0,1987.0,2075.0,2226.0,2267.0,2220.0,2156.0,2108.0,2056.0,1926.0,1764.0,1972.0,2172.0,2224.0,2203.0,2140.0,2091.0,2048.0,2028.0,1904.0,1763.0,1968.0,2178.0,2228.0,2210.0,2158.0,2098.0,2065.0,2048.0,1920.0,1788.0,2112.0,2185.0,2196.0,2189.0,2141.0,2096.0,2066.0,2048.0,1930.0,1777.0,1992.0,2194.0,2240.0,2228.0,2176.0,2105.0,2068.0,2043.0,1920.0,1766.0,1969.0,2176.0,2219.0,2210.0,2156.0,2100.0,2057.0,2016.0,1933.0,1762.0,1995.0,2068.0,2224.0,2264.0,2216.0
2088.0,2165.0,2188.0,2185.0,2128.0,2082.0,2053.0,2024.0,1914.0,1765.0,1972.0,2192.0,2245.0,2222.0,2155.0,2103.0,2058.0,2035.0,1894.0,1758.0,1987.0,2075.0,2226.0,2267.0,2220.0,2156.0,2108.0,2056.0,1926.0,1764.0,1972.0,2172.0,2224.0,2203.0,2140.0,2091.0,2048.0,2028.0,1904.0,1763.0,1968.0,2178.0,2228.0,2210.0,2158.0,2098.0,2065.0,2048.0,1920.0,1788.0,2112.0,2185.0,2196.0,2189.0,2141.0,2096.0,2066.0,2048.0,1930.0,1777.0,1992.0,2194.0,2240.0,2228.0,2176.0,2105.0,2068.0,2043.0,1920.0,1766.0,1969.0,2176.0,2219.0,2210.0,2156.0,2100.0,2057.0,2016.0,1933.0,1762.0,1995.0,2068.0,2224.0,2264.0,2216.0,2144.0,2087.0,2010.0,1915.0,1756.0,1945.0,2154.0,2194.0,2184.0,2124.0,2063.0,2024.0,1970.0,1889.0,1737.0
2103.0,2058.0,2035.0,1894.0,1758.0,1987.0,2075.0,2226.0,2267.0,2220.0,2156.0,2108.0,2056.0,1926.0,1764.0,1972.0,2172.0,2224.0,2203.0,2140.0,2091.0,2048.0,2028.0,1904.0,1763.0,1968.0,2178.0,2228.0,2210.0,2158.0,2098.0,2065.0,2048.0,1920.0,1788.0,2112.0,2185.0,2196.0,2189.0,2141.0,2096.0,2066.0,2048.0,1930.0,1777.0,1992.0,2194.0,2240.0,2228.0,2176.0,2105.0,2068.0,2043.0,1920.0,1766.0,1969.0,2176.0,2219.0,2210.0,2156.0,2100.0,2057.0,2016.0,1933.0,1762.0,1995.0,2068.0,2224.0,2264.0,2216.0,2144.0,2087.0,2010.0,1915.0,1756.0,1945.0,2154.0,2194.0,2184.0,2124.0,2063.0,2024.0,1970.0,1889.0,1737.0,2058.0,2139.0,2156.0,2165.0,2116.0,2016.0,2042.0,2022.0,1960.0,1797.0,1990.0,2187.0,2214.0,2197.0,2139.0
1972.0,2172.0,2224.0,2203.0,2140.0,2091.0,2048.0,2028.0,1904.0,1763.0,1968.0,2178.0,2228.0,2210.0,2158.0,2098.0,2065.0,2048.0,1920.0,1788.0,2112.0,2185.0,2196.0,2189.0,2141.0,2096.0,2066.0,2048.0,1930.0,1777.0,1992.0,2194.0,2240.0,2228.0,2176.0,2105.0,2068.0,2043.0,1920.0,1766.0,1969.0,2176.0,2219.0,2210.0,2156.0,2100.0,2057.0,2016.0,1933.0,1762.0,1995.0,2068.0,2224.0,2264.0,2216.0,2144.0,2087.0,2010.0,1915.0,1756.0,1945.0,2154.0,2194.0,2184.0,2124.0,2063.0,2024.0,1970.0,1889.0,1737.0,2058.0,2139.0,2156.0,2165.0,2116.0,2016.0,2042.0,2022.0,1960.0,1797.0,1990.0,2187.0,2214.0,2197.0,2139.0,2067.0,2036.0,1981.0,1924.0,1759.0,1966.0,2166.0,2213.0,2213.0,2145.0,2091.0,2048.0,1998.0,1917.0,1768.0
2098.0,2065.0,2048.0,1920.0,1788.0,2112.0,2185.0,2196.0,2189.0,2141.0,2096.0,2066.0,2048.0,1930.0,1777.0,1992.0,2194.0,2240.0,2228.0,2176.0,2105.0,2068.0,2043.0,1920.0,1766.0,1969.0,2176.0,2219.0,2210.0,2156.0,2100.0,2057.0,2016.0,1933.0,1762.0,1995.0,2068.0,2224.0,2264.0,2216.0,2144.0,2087.0,2010.0,1915.0,1756.0,1945.0,2154.0,2194.0,2184.0,2124.0,2063.0,2024.0,1970.0,1889.0,1737.0,2058.0,2139.0,2156.0,2165.0,2116.0,2016.0,2042.0,2022.0,1960.0,1797.0,1990.0,2187.0,2214.0,2197.0,2139.0,2067.0,2036.0,1981.0,1924.0,1759.0,1966.0,2166.0,2213.0,2213.0,2145.0,2091.0,2048.0,1998.0,1917.0,1768.0,1971.0,2172.0,2220.0,2208.0,2157.0,2096.0,2064.0,2004.0,1936.0,1780.0,2007.0,2069.0,2219.0,2266.0,2216.0
1992.0,2194.0,2240.0,2228.0,2176.0,2105.0,2068.0,2043.0,1920.0,1766.0,1969.0,2176.0,2219.0,2210.0,2156.0,2100.0,2057.0,2016.0,1933.0,1762.0,1995.0,2068.0,2224.0,2264.0,2216.0,2144.0,2087.0,2010.0,1915.0,1756.0,1945.0,2154.0,2194.0,2184.0,2124.0,2063.0,2024.0,1970.0,1889.0,1737.0,2058.0,2139.0,2156.0,2165.0,2116.0,2016.0,2042.0,2022.0,1960.0,1797.0,1990.0,2187.0,2214.0,2197.0,2139.0,2067.0,2036.0,1981.0,1924.0,1759.0,1966.0,2166.0,2213.0,2213.0,2145.0,2091.0,2048.0,1998.0,1917.0,1768.0,1971.0,2172.0,2220.0,2208.0,2157.0,2096.0,2064.0,2004.0,1936.0,1780.0,2007.0,2069.0,2219.0,2266.0,2216.0,2146.0,2091.0,2019.0,1948.0,1759.0,2065.0,2143.0,2160.0,2148.0,2108.0,2060.0,2040.0,1992.0,1909.0,1782.0
2100.0,2057.0,2016.0,1933.0,1762.0,1995.0,2068.0,2224.0,2264.0,2216.0,2144.0,2087.0,2010.0,1915.0,1756.0,1945.0,2154.0,2194.0,2184.0,2124.0,2063.0,2024.0,1970.0,1889.0,1737.0,2058.0,2139.0,2156.0,2165.0,2116.0,2016.0,2042.0,2022.0,1960.0,1797.0,1990.0,2187.0,2214.0,2197.0,2139.0,2067.0,2036.0,1981.0,1924.0,1759.0,1966.0,2166.0,2213.0,2213.0,2145.0,2091.0,2048.0,1998.0,1917.0,1768.0,1971.0,2172.0,2220.0,2208.0,2157.0,2096.0,2064.0,2004.0,1936.0,1780.0,2007.0,2069.0,2219.0,2266.0,2216.0,2146.0,2091.0,2019.0,1948.0,1759.0,2065.0,2143.0,2160.0,2148.0,2108.0,2060.0,2040.0,1992.0,1909.0,1782.0,1984.0,2192.0,2240.0,2228.0,2173.0,2116.0,2072.0,2013.0,1876.0,1804.0,1998.0,2188.0,2231.0,2212.0,2165.0
1945.0,2154.0,2194.0,2184.0,2124.0,2063.0,2024.0,1970.0,1889.0,1737.0,2058.0,2139.0,2156.0,2165.0,2116.0,2016.0,2042.0,2022.0,1960.0,1797.0,1990.0,2187.0,2214.0,2197.0,2139.0,2067.0,2036.0,1981.0,1924.0,1759.0,1966.0,2166.0,2213.0,2213.0,2145.0,2091.0,2048.0,1998.0,1917.0,1768.0,1971.0,2172.0,2220.0,2208.0,2157.0,2096.0,2064.0,2004.0,1936.0,1780.0,2007.0,2069.0,2219.0,2266.0,2216.0,2146.0,2091.0,2019.0,1948.0,1759.0,2065.0,2143.0,2160.0,2148.0,2108.0,2060.0,2040.0,1992.0,1909.0,1782.0,1984.0,2192.0,2240.0,2228.0,2173.0,2116.0,2072.0,2013.0,1876.0,1804.0,1998.0,2188.0,2231.0,2212.0,2165.0,2101.0,2060.0,2013.0,1902.0,1789.0,1991.0,2189.0,2228.0,2213.0,2152.0,2094.0,2061.0,2000.0,1898.0,1800.0
2016.0,2042.0,2022.0,1960.0,1797.0,1990.0,2187.0,2214.0,2197.0,2139.0,2067.0,2036.0,1981.0,1924.0,1759.0,1966.0,2166.0,2213.0,2213.0,2145.0,2091.0,2048.0,1998.0,1917.0,1768.0,1971.0,2172.0,2220.0,2208.0,2157.0,2096.0,2064.0,2004.0,1936.0,1780.0,2007.0,2069.0,2219.0,2266.0,2216.0,2146.0,2091.0,2019.0,1948.0,1759.0,2065.0,2143.0,2160.0,2148.0,2108.0,2060.0,2040.0,1992.0,1909.0,1782.0,1984.0,2192.0,2240.0,2228.0,2173.0,2116.0,2072.0,2013.0,1876.0,1804.0,1998.0,2188.0,2231.0,2212.0,2165.0,2101.0,2060.0,2013.0,1902.0,1789.0,1991.0,2189.0,2228.0,2213.0,2152.0,2094.0,2061.0,2000.0,1898.0,1800.0,1999.0,2184.0,2232.0,2212.0,2156.0,2107.0,2068.0,2020.0,1911.0,1816.0,2162.0,2090.0,2160.0,2213.0,2203.0
1966.0,2166.0,2213.0,2213.0,2145.0,2091.0,2048.0,1998.0,1917.0,1768.0,1971.0,2172.0,2220.0,2208.0,2157.0,2096.0,2064.0,2004.0,1936.0,1780.0,2007.0,2069.0,2219.0,2266.0,2216.0,2146.0,2091.0,2019.0,1948.0,1759.0,2065.0,2143.0,2160.0,2148.0,2108.0,2060.0,2040.0,1992.0,1909.0,1782.0,1984.0,2192.0,2240.0,2228.0,2173.0,2116.0,2072.0,2013.0,1876.0,1804.0,1998.0,2188.0,2231.0,2212.0,2165.0,2101.0,2060.0,2013.0,1902.0,1789.0,1991.0,2189.0,2228.0,2213.0,2152.0,2094.0,2061.0,2000.0,1898.0,1800.0,1999.0,2184.0,2232.0,2212.0,2156.0,2107.0,2068.0,2020.0,1911.0,1816.0,2162.0,2090.0,2160.0,2213.0,2203.0,2151.0,2117.0,2048.0,1915.0,1820.0,2012.0,2207.0,2238.0,2221.0,2164.0,2094.0,2050.0,1994.0,1874.0,1797.0
2096.0,2064.0,2004.0,1936.0,1780.0,2007.0,2069.0,2219.0,2266.0,2216.0,2146.0,2091.0,2019.0,1948.0,1759.0,2065.0,2143.0,2160.0,2148.0,2108.0,2060.0,2040.0,1992.0,1909.0,1782.0,1984.0,2192.0,2240.0,2228.0,2173.0,2116.0,2072.0,2013.0,1876.0,1804.0,1998.0,2188.0,2231.0,2212.0,2165.0,2101.0,2060.0,2013.0,1902.0,1789.0,1991.0,2189.0,2228.0,2213.0,2152.0,2094.0,2061.0,2000.0,1898.0,1800.0,1999.0,2184.0,2232.0,2212.0,2156.0,2107.0,2068.0,2020.0,1911.0,1816.0,2162.0,2090.0,2160.0,2213.0,2203.0,2151.0,2117.0,2048.0,1915.0,1820.0,2012.0,2207.0,2238.0,2221.0,2164.0,2094.0,2050.0,1994.0,1874.0,1797.0,1984.0,2178.0,2216.0,2195.0,2220.0,2056.0,2019.0,1968.0,1874.0,1817.0,1990.0,2190.0,2225.0,2209.0,2152.0
2065.0,2143.0,2160.0,2148.0,2108.0,2060.0,2040.0,1992.0,1909.0,1782.0,1984.0,2192.0,2240.0,2228.0,2173.0,2116.0,2072.0,2013.0,1876.0,1804.0,1998.0,2188.0,2231.0,2212.0,2165.0,2101.0,2060.0,2013.0,1902.0,1789.0,1991.0,2189.0,2228.0,2213.0,2152.0,2094.0,2061.0,2000.0,1898.0,1800.0,1999.0,2184.0,2232.0,2212.0,2156.0,2107.0,2068.0,2020.0,1911.0,1816.0,2162.0,2090.0,2160.0,2213.0,2203.0,2151.0,2117.0,2048.0,1915.0,1820.0,2012.0,2207.0,2238.0,2221.0,2164.0,2094.0,2050.0,1994.0,1874.0,1797.0,1984.0,2178.0,2216.0,2195.0,2220.0,2056.0,2019.0,1968.0,1874.0,1817.0,1990.0,2190.0,2225.0,2209.0,2152.0,2090.0,2055.0,2000.0,1892.0,1808.0,2008.0,2189.0,2229.0,2207.0,2160.0,2088.0,2056.0,1996.0,1880.0,1796.0
2116.0,2072.0,2013.0,1876.0,1804.0,1998.0,2188.0,2231.0,2212.0,2165.0,2101.0,2060.0,2013.0,1902.0,1789.0,1991.0,2189.0,2228.0,2213.0,2152.0,2094.0,2061.0,2000.0,1898.0,1800.0,1999.0,2184.0,2232.0,2212.0,2156.0,2107.0,2068.0,2020.0,1911.0,1816.0,2162.0,2090.0,2160.0,2213.0,2203.0,2151.0,2117.0,2048.0,1915.0,1820.0,2012.0,2207.0,2238.0,2221.0,2164.0,2094.0,2050.0,1994.0,1874.0,1797.0,1984.0,2178.0,2216.0,2195.0,2220.0,2056.0,2019.0,1968.0,1874.0,1817.0,1990.0,2190.0,2225.0,2209.0,2152.0,2090.0,2055.0,2000.0,1892.0,1808.0,2008.0,2189.0,2229.0,2207.0,2160.0,2088.0,2056.0,1996.0,1880.0,1796.0,2100.0,2164.0,2173.0,2162.0,2124.0,2008.0,2044.0,2027.0,1920.0,1837.0,2049.0,2089.0,2225.0,2245.0,2204.0
1991.0,2189.0,2228.0,2213.0,2152.0,2094.0,2061.0,2000.0,1898.0,1800.0,1999.0,2184.0,2232.0,2212.0,2156.0,2107.0,2068.0,2020.0,1911.0,1816.0,2162.0,2090.0,2160.0,2213.0,2203.0,2151.0,2117.0,2048.0,1915.0,1820.0,2012.0,2207.0,2238.0,2221.0,2164.0,2094.0,2050.0,1994.0,1874.0,1797.0,1984.0,2178.0,2216.0,2195.0,2220.0,2056.0,2019.0,1968.0,1874.0,1817.0,1990.0,2190.0,2225.0,2209.0,2152.0,2090.0,2055.0,2000.0,1892.0,1808.0,2008.0,2189.0,2229.0,2207.0,2160.0,2088.0,2056.0,1996.0,1880.0,1796.0,2100.0,2164.0,2173.0,2162.0,2124.0,2008.0,2044.0,2027.0,1920.0,1837.0,2049.0,2089.0,2225.0,2245.0,2204.0,2129.0,2067.0,1996.0,1848.0,1753.0,1969.0,2156.0,2184.0,2165.0,2112.0,2050.0,2021.0,1963.0,1846.0,1738.0
2107.0,2068.0,2020.0,1911.0,1816.0,2162.0,2090.0,2160.0,2213.0,2203.0,2151.0,2117.0,2048.0,1915.0,1820.0,2012.0,2207.0,2238.0,2221.0,2164.0,2094.0,2050.0,1994.0,1874.0,1797.0,1984.0,2178.0,2216.0,2195.0,2220.0,2056.0,2019.0,1968.0,1874.0,1817.0,1990.0,2190.0,2225.0,2209.0,2152.0,2090.0,2055.0,2000.0,1892.0,1808.0,2008.0,2189.0,2229.0,2207.0,2160.0,2088.0,2056.0,1996.0,1880.0,1796.0,2100.0,2164.0,2173.0,2162.0,2124.0,2008.0,2044.0,2027.0,1920.0,1837.0,2049.0,2089.0,2225.0,2245.0,2204.0,2129.0,2067.0,1996.0,1848.0,1753.0,1969.0,2156.0,2184.0,2165.0,2112.0,2050.0,2021.0,1963.0,1846.0,1738.0,1974.0,2167.0,2202.0,2180.0,2124.0,2072.0,2028.0,1979.0,1854.0,1762.0,1987.0,2170.0,2197.0,2172.0,2121.0
2012.0,2207.0,2238.0,2221.0,2164.0,2094.0,2050.0,1994.0,1874.0,1797.0,1984.0,2178.0,2216.0,2195.0,2220.0,2056.0,2019.0,1968.0,1874.0,1817.0,1990.0,2190.0,2225.0,2209.0,2152.0,2090.0,2055.0,2000.0,1892.0,1808.0,2008.0,2189.0,2229.0,2207.0,2160.0,2088.0,2056.0,1996.0,1880.0,1796.0,2100.0,2164.0,2173.0,2162.0,2124.0,2008.0,2044.0,2027.0,1920.0,1837.0,2049.0,2089.0,2225.0,2245.0,2204.0,2129.0,2067.0,1996.0,1848.0,1753.0,1969.0,2156.0,2184.0,2165.0,2112.0,2050.0,2021.0,1963.0,1846.0,1738.0,1974.0,2167.0,2202.0,2180.0,2124.0,2072.0,2028.0,1979.0,1854.0,1762.0,1987.0,2170.0,2197.0,2172.0,2121.0,2061.0,2032.0,1980.0,1868.0,1758.0,2144.0,2182.0,2168.0,2153.0,2112.0,2064.0,2038.0,1990.0,1873.0,1772.0
2056.0,2019.0,1968.0,1874.0,1817.0,1990.0,2190.0,2225.0,2209.0,2152.0,2090.0,2055.0,2000.0,1892.0,1808.0,2008.0,2189.0,2229.0,2207.0,2160.0,2088.0,2056.0,1996.0,1880.0,1796.0,2100.0,2164.0,2173.0,2162.0,2124.0,2008.0,2044.0,2027.0,1920.0,1837.0,2049.0,2089.0,2225.0,2245.0,2204.0,2129.0,2067.0,1996.0,1848.0,1753.0,1969.0,2156.0,2184.0,2165.0,2112.0,2050.0,2021.0,1963.0,1846.0,1738.0,1974.0,2167.0,2202.0,2180.0,2124.0,2072.0,2028.0,1979.0,1854.0,1762.0,1987.0,2170.0,2197.0,2172.0,2121.0,2061.0,2032.0,1980.0,1868.0,1758.0,2144.0,2182.0,2168.0,2153.0,2112.0,2064.0,2038.0,1990.0,1873.0,1772.0,2014.0,2210.0,2237.0,2203.0,2152.0,2084.0,2059.0,1995.0,1883.0,1774.0,2019.0,2088.0,2224.0,2256.0,2208.0
2008.0,2189.0,2229.0,2207.0,2160.0,2088.0,2056.0,1996.0,1880.0,1796.0,2100.0,2164.0,2173.0,2162.0,2124.0,2008.0,2044.0,2027.0,1920.0,1837.0,2049.0,2089.0,2225.0,2245.0,2204.0,2129.0,2067.0,1996.0,1848.0,1753.0,1969.0,2156.0,2184.0,2165.0,2112.0,2050.0,2021.0,1963.0,1846.0,1738.0,1974.0,2167.0,2202.0,2180.0,2124.0,2072.0,2028.0,1979.0,1854.0,1762.0,1987.0,2170.0,2197.0,2172.0,2121.0,2061.0,2032.0,1980.0,1868.0,1758.0,2144.0,2182.0,2168.0,2153.0,2112.0,2064.0,2038.0,1990.0,1873.0,1772.0,2014.0,2210.0,2237.0,2203.0,2152.0,2084.0,2059.0,1995.0,1883.0,1774.0,2019.0,2088.0,2224.0,2256.0,2208.0,2145.0,2096.0,2027.0,1881.0,1764.0,2000.0,2196.0,2216.0,2184.0,2127.0,2064.0,2035.0,1973.0,1850.0,1748.0
2008.0,2044.0,2027.0,1920.0,1837.0,2049.0,2089.0,2225.0,2245.0,2204.0,2129.0,2067.0,1996.0,1848.0,1753.0,1969.0,2156.0,2184.0,2165.0,2112.0,2050.0,2021.0,1963.0,1846.0,1738.0,1974.0,2167.0,2202.0,2180.0,2124.0,2072.0,2028.0,1979.0,1854.0,1762.0,1987.0,2170.0,2197.0,2172.0,2121.0,2061.0,2032.0,1980.0,1868.0,1758.0,2144.0,2182.0,2168.0,2153.0,2112.0,2064.0,2038.0,1990.0,1873.0,1772.0,2014.0,2210.0,2237.0,2203.0,2152.0,2084.0,2059.0,1995.0,1883.0,1774.0,2019.0,2088.0,2224.0,2256.0,2208.0,2145.0,2096.0,2027.0,1881.0,1764.0,2000.0,2196.0,2216.0,2184.0,2127.0,2064.0,2035.0,1973.0,1850.0,1748.0,2013.0,2191.0,2208.0,2188.0,2125.0,2072.0,2042.0,1991.0,1875.0,1780.0,2113.0,2196.0,2200.0,2181.0,2141.0
1969.0,2156.0,2184.0,2165.0,2112.0,2050.0,2021.0,1963.0,1846.0,1738.0,1974.0,2167.0,2202.0,2180.0,2124.0,2072.0,2028.0,1979.0,1854.0,1762.0,1987.0,2170.0,2197.0,2172.0,2121.0,2061.0,2032.0,1980.0,1868.0,1758.0,2144.0,2182.0,2168.0,2153.0,2112.0,2064.0,2038.0,1990.0,1873.0,1772.0,2014.0,2210.0,2237.0,2203.0,2152.0,2084.0,2059.0,1995.0,1883.0,1774.0,2019.0,2088.0,2224.0,2256.0,2208.0,2145.0,2096.0,2027.0,1881.0,1764.0,2000.0,2196.0,2216.0,2184.0,2127.0,2064.0,2035.0,1973.0,1850.0,1748.0,2013.0,2191.0,2208.0,2188.0,2125.0,2072.0,2042.0,1991.0,1875.0,1780.0,2113.0,2196.0,2200.0,2181.0,2141.0,2084.0,2059.0,2014.0,1883.0,1783.0,2011.0,2233.0,2244.0,2223.0,2158.0,2089.0,2060.0,2005.0,1880.0,1774.0
2072.0,2028.0,1979.0,1854.0,1762.0,1987.0,2170.0,2197.0,2172.0,2121.0,2061.0,2032.0,1980.0,1868.0,1758.0,2144.0,2182.0,2168.0,2153.0,2112.0,2064.0,2038.0,1990.0,1873.0,1772.0,2014.0,2210.0,2237.0,2203.0,2152.0,2084.0,2059.0,1995.0,1883.0,1774.0,2019.0,2088.0,2224.0,2256.0,2208.0,2145.0,2096.0,2027.0,1881.0,1764.0,2000.0,2196.0,2216.0,2184.0,2127.0,2064.0,2035.0,1973.0,1850.0,1748.0,2013.0,2191.0,2208.0,2188.0,2125.0,2072.0,2042.0,1991.0,1875.0,1780.0,2113.0,2196.0,2200.0,2181.0,2141.0,2084.0,2059.0,2014.0,1883.0,1783.0,2011.0,2233.0,2244.0,2223.0,2158.0,2089.0,2060.0,2005.0,1880.0,1774.0,2009.0,2235.0,2252.0,2211.0,2148.0,2092.0,2060.0,2005.0,1880.0,1782.0,2020.0,2138.0,2246.0,2254.0,2212.0
2144.0,2182.0,2168.0,2153.0,2112.0,2064.0,2038.0,1990.0,1873.0,1772.0,2014.0,2210.0,2237.0,2203.0,2152.0,2084.0,2059.0,1995.0,1883.0,1774.0,2019.0,2088.0,2224.0,2256.0,2208.0,2145.0,2096.0,2027.0,1881.0,1764.0,2000.0,2196.0,2216.0,2184.0,2127.0,2064.0,2035.0,1973.0,1850.0,1748.0,2013.0,2191.0,2208.0,2188.0,2125.0,2072.0,2042.0,1991.0,1875.0,1780.0,2113.0,2196.0,2200.0,2181.0,2141.0,2084.0,2059.0,2014.0,1883.0,1783.0,2011.0,2233.0,2244.0,2223.0,2158.0,2089.0,2060.0,2005.0,1880.0,1774.0,2009.0,2235.0,2252.0,2211.0,2148.0,2092.0,2060.0,2005.0,1880.0,1782.0,2020.0,2138.0,2246.0,2254.0,2212.0,2129.0,2092.0,2012.0,1881.0,1760.0,1984.0,2202.0,2216.0,2179.0,2115.0,2048.0,2016.0,1966.0,1832.0,1753.0
2084.0,2059.0,1995.0,1883.0,1774.0,2019.0,2088.0,2224.0,2256.0,2208.0,2145.0,2096.0,2027.0,1881.0,1764.0,2000.0,2196.0,2216.0,2184.0,2127.0,2064.0,2035.0,1973.0,1850.0,1748.0,2013.0,2191.0,2208.0,2188.0,2125.0,2072.0,2042.0,1991.0,1875.0,1780.0,2113.0,2196.0,2200.0,2181.0,2141.0,2084.0,2059.0,2014.0,1883.0,1783.0,2011.0,2233.0,2244.0,2223.0,2158.0,2089.0,2060.0,2005.0,1880.0,1774.0,2009.0,2235.0,2252.0,2211.0,2148.0,2092.0,2060.0,2005.0,1880.0,1782.0,2020.0,2138.0,2246.0,2254.0,2212.0,2129.0,2092.0,2012.0,1881.0,1760.0,1984.0,2202.0,2216.0,2179.0,2115.0,2048.0,2016.0,1966.0,1832.0,1753.0,2083.0,2188.0,2176.0,2144.0,2100.0,1968.0,2032.0,2010.0,1887.0,1800.0,2006.0,2240.0,2240.0,2194.0,2124.0
2000.0,2196.0,2216.0,2184.0,2127.0,2064.0,2035.0,1973.0,1850.0,1748.0,2013.0,2191.0,2208.0,2188.0,2125.0,2072.0,2042.0,1991.0,1875.0,1780.0,2113.0,2196.0,2200.0,2181.0,2141.0,2084.0,2059.0,2014.0,1883.0,1783.0,2011.0,2233.0,2244.0,2223.0,2158.0,2089.0,2060.0,2005.0,1880.0,1774.0,2009.0,2235.0,2252.0,2211.0,2148.0,2092.0,2060.0,2005.0,1880.0,1782.0,2020.0,2138.0,2246.0,2254.0,2212.0,2129.0,2092.0,2012.0,1881.0,1760.0,1984.0,2202.0,2216.0,2179.0,2115.0,2048.0,2016.0,1966.0,1832.0,1753.0,2083.0,2188.0,2176.0,2144.0,2100.0,1968.0,2032.0,2010.0,1887.0,1800.0,2006.0,2240.0,2240.0,2194.0,2124.0,2060.0,2024.0,1975.0,1846.0,1742.0,1972.0,2212.0,2233.0,2185.0,2127.0,2058.0,2045.0,1985.0,1849.0,1760.0
2072.0,2042.0,1991.0,1875.0,1780.0,2113.0,2196.0,2200.0,2181.0,2141.0,2084.0,2059.0,2014.0,1883.0,1783.0,2011.0,2233.0,2244.0,2223.0,2158.0,2089.0,2060.0,2005.0,1880.0,1774.0,2009.0,2235.0,2252.0,2211.0,2148.0,2092.0,2060.0,2005.0,1880.0,1782.0,2020.0,2138.0,2246.0,2254.0,2212.0,2129.0,2092.0,2012.0,1881.0,1760.0,1984.0,2202.0,2216.0,2179.0,2115.0,2048.0,2016.0,1966.0,1832.0,1753.0,2083.0,2188.0,2176.0,2144.0,2100.0,1968.0,2032.0,2010.0,1887.0,1800.0,2006.0,2240.0,2240.0,2194.0,2124.0,2060.0,2024.0,1975.0,1846.0,1742.0,1972.0,2212.0,2233.0,2185.0,2127.0,2058.0,2045.0,1985.0,1849.0,1760.0,1989.0,2221.0,2238.0,2193.0,2127.0,2067.0,2038.0,1984.0,1851.0,1763.0,2011.0,2123.0,2246.0,2242.0,2196.0
2011.0,2233.0,2244.0,2223.0,2158.0,2089.0,2060.0,2005.0,1880.0,1774.0,2009.0,2235.0,2252.0,2211.0,2148.0,2092.0,2060.0,2005.0,1880.0,1782.0,2020.0,2138.0,2246.0,2254.0,2212.0,2129.0,2092.0,2012.0,1881.0,1760.0,1984.0,2202.0,2216.0,2179.0,2115.0,2048.0,2016.0,1966.0,1832.0,1753.0,2083.0,2188.0,2176.0,2144.0,2100.0,1968.0,2032.0,2010.0,1887.0,1800.0,2006.0,2240.0,2240.0,2194.0,2124.0,2060.0,2024.0,1975.0,1846.0,1742.0,1972.0,2212.0,2233.0,2185.0,2127.0,2058.0,2045.0,1985.0,1849.0,1760.0,1989.0,2221.0,2238.0,2193.0,2127.0,2067.0,2038.0,1984.0,1851.0,1763.0,2011.0,2123.0,2246.0,2242.0,2196.0,2118.0,2076.0,2014.0,1865.0,1760.0,2080.0,2167.0,2192.0,2155.0,2097.0,2037.0,2012.0,1965.0,1845.0,1746.0
2092.0,2060.0,2005.0,1880.0,1782.0,2020.0,2138.0,2246.0,2254.0,2212.0,2129.0,2092.0,2012.0,1881.0,1760.0,1984.0,2202.0,2216.0,2179.0,2115.0,2048.0,2016.0,1966.0,1832.0,1753.0,2083.0,2188.0,2176.0,2144.0,2100.0,1968.0,2032.0,2010.0,1887.0,1800.0,2006.0,2240.0,2240.0,2194.0,2124.0,2060.0,2024.0,1975.0,1846.0,1742.0,1972.0,2212.0,2233.0,2185.0,2127.0,2058.0,2045.0,1985.0,1849.0,1760.0,1989.0,2221.0,2238.0,2193.0,2127.0,2067.0,2038.0,1984.0,1851.0,1763.0,2011.0,2123.0,2246.0,2242.0,2196.0,2118.0,2076.0,2014.0,1865.0,1760.0,2080.0,2167.0,2192.0,2155.0,2097.0,2037.0,2012.0,1965.0,1845.0,1746.0,1980.0,2186.0,2252.0,2200.0,2135.0,2068.0,2029.0,1994.0,1862.0,1778.0,1989.0,2205.0,2260.0,2214.0,2157.0
1984.0,2202.0,2216.0,2179.0,2115.0,2048.0,2016.0,1966.0,1832.0,1753.0,2083.0,2188.0,2176.0,2144.0,2100.0,1968.0,2032.0,2010.0,1887.0,1800.0,2006.0,2240.0,2240.0,2194.0,2124.0,2060.0,2024.0,1975.0,1846.0,1742.0,1972.0,2212.0,2233.0,2185.0,2127.0,2058.0,2045.0,1985.0,1849.0,1760.0,1989.0,2221.0,2238.0,2193.0,2127.0,2067.0,2038.0,1984.0,1851.0,1763.0,2011.0,2123.0,2246.0,2242.0,2196.0,2118.0,2076.0,2014.0,1865.0,1760.0,2080.0,2167.0,2192.0,2155.0,2097.0,2037.0,2012.0,1965.0,1845.0,1746.0,1980.0,2186.0,2252.0,2200.0,2135.0,2068.0,2029.0,1994.0,1862.0,1778.0,1989.0,2205.0,2260.0,2214.0,2157.0,2086.0,2059.0,2006.0,1871.0,1772.0,2008.0,2210.0,2268.0,2215.0,2149.0,2079.0,2042.0,1995.0,1871.0,1774.0
1968.0,2032.0,2010.0,1887.0,1800.0,2006.0,2240.0,2240.0,2194.0,2124.0,2060.0,2024.0,1975.0,1846.0,1742.0,1972.0,2212.0,2233.0,2185.0,2127.0,2058.0,2045.0,1985.0,1849.0,1760.0,1989.0,2221.0,2238.0,2193.0,2127.0,2067.0,2038.0,1984.0,1851.0,1763.0,2011.0,2123.0,2246.0,2242.0,2196.0,2118.0,2076.0,2014.0,1865.0,1760.0,2080.0,2167.0,2192.0,2155.0,2097.0,2037.0,2012.0,1965.0,1845.0,1746.0,1980.0,2186.0,2252.0,2200.0,2135.0,2068.0,2029.0,1994.0,1862.0,1778.0,1989.0,2205.0,2260.0,2214.0,2157.0,2086.0,2059.0,2006.0,1871.0,1772.0,2008.0,2210.0,2268.0,2215.0,2149.0,2079.0,2042.0,1995.0,1871.0,1774.0,1999.0,2205.0,2280.0,2217.0,2157.0,2086.0,2056.0,2004.0,1862.0,1779.0,2160.0,2074.0,2208.0,2234.0,2196.0
1972.0,2212.0,2233.0,2185.0,2127.0,2058.0,2045.0,1985.0,1849.0,1760.0,1989.0,2221.0,2238.0,2193.0,2127.0,2067.0,2038.0,1984.0,1851.0,1763.0,2011.0,2123.0,2246.0,2242.0,2196.0,2118.0,2076.0,2014.0,1865.0,1760.0,2080.0,2167.0,2192.0,2155.0,2097.0,2037.0,2012.0,1965.0,1845.0,1746.0,1980.0,2186.0,2252.0,2200.0,2135.0,2068.0,2029.0,1994.0,1862.0,1778.0,1989.0,2205.0,2260.0,2214.0,2157.0,2086.0,2059.0,2006.0,1871.0,1772.0,2008.0,2210.0,2268.0,2215.0,2149.0,2079.0,2042.0,1995.0,1871.0,1774.0,1999.0,2205.0,2280.0,2217.0,2157.0,2086.0,2056.0,2004.0,1862.0,1779.0,2160.0,2074.0,2208.0,2234.0,2196.0,2137.0,2096.0,2053.0,1881.0,1790.0,2019.0,2218.0,2288.0,2237.0,2170.0,2092.0,2060.0,2016.0,1867.0,1782.0
2067.0,2038.0,1984.0,1851.0,1763.0,2011.0,2123.0,2246.0,2242.0,2196.0,2118.0,2076.0,2014.0,1865.0,1760.0,2080.0,2167.0,2192.0,2155.0,2097.0,2037.0,2012.0,1965.0,1845.0,1746.0,1980.0,2186.0,2252.0,2200.0,2135.0,2068.0,2029.0,1994.0,1862.0,1778.0,1989.0,2205.0,2260.0,2214.0,2157.0,2086.0,2059.0,2006.0,1871.0,1772.0,2008.0,2210.0,2268.0,2215.0,2149.0,2079.0,2042.0,1995.0,1871.0,1774.0,1999.0,2205.0,2280.0,2217.0,2157.0,2086.0,2056.0,2004.0,1862.0,1779.0,2160.0,2074.0,2208.0,2234.0,2196.0,2137.0,2096.0,2053.0,1881.0,1790.0,2019.0,2218.0,2288.0,2237.0,2170.0,2092.0,2060.0,2016.0,1867.0,1782.0,2003.0,2220.0,2285.0,2234.0,2162.0,2089.0,2060.0,2020.0,1869.0,1794.0,2016.0,2221.0,2292.0,2247.0,2176.0
2080.0,2167.0,2192.0,2155.0,2097.0,2037.0,2012.0,1965.0,1845.0,1746.0,1980.0,2186.0,2252.0,2200.0,2135.0,2068.0,2029.0,1994.0,1862.0,1778.0,1989.0,2205.0,2260.0,2214.0,2157.0,2086.0,2059.0,2006.0,1871.0,1772.0,2008.0,2210.0,2268.0,2215.0,2149.0,2079.0,2042.0,1995.0,1871.0,1774.0,1999.0,2205.0,2280.0,2217.0,2157.0,2086.0,2056.0,2004.0,1862.0,1779.0,2160.0,2074.0,2208.0,2234.0,2196.0,2137.0,2096.0,2053.0,1881.0,1790.0,2019.0,2218.0,2288.0,2237.0,2170.0,2092.0,2060.0,2016.0,1867.0,1782.0,2003.0,2220.0,2285.0,2234.0,2162.0,2089.0,2060.0,2020.0,1869.0,1794.0,2016.0,2221.0,2292.0,2247.0,2176.0,2096.0,2056.0,2009.0,1877.0,1783.0,2018.0,2218.0,2263.0,2234.0,2163.0,2082.0,2048.0,2001.0,1879.0,1776.0
2068.0,2029.0,1994.0,1862.0,1778.0,1989.0,2205.0,2260.0,2214.0,2157.0,2086.0,2059.0,2006.0,1871.0,1772.0,2008.0,2210.0,2268.0,2215.0,2149.0,2079.0,2042.0,1995.0,1871.0,1774.0,1999.0,2205.0,2280.0,2217.0,2157.0,2086.0,2056.0,2004.0,1862.0,1779.0,2160.0,2074.0,2208.0,2234.0,2196.0,2137.0,2096.0,2053.0,1881.0,1790.0,2019.0,2218.0,2288.0,2237.0,2170.0,2092.0,2060.0,2016.0,1867.0,1782.0,2003.0,2220.0,2285.0,2234.0,2162.0,2089.0,2060.0,2020.0,1869.0,1794.0,2016.0,2221.0,2292.0,2247.0,2176.0,2096.0,2056.0,2009.0,1877.0,1783.0,2018.0,2218.0,2263.0,2234.0,2163.0,2082.0,2048.0,2001.0,1879.0,1776.0,2114.0,2196.0,2224.0,2201.0,2136.0,2005.0,2048.0,2040.0,1913.0,1840.0,2072.0,2158.0,2292.0,2328.0,2256.0
2008.0,2210.0,2268.0,2215.0,2149.0,2079.0,2042.0,1995.0,1871.0,1774.0,1999.0,2205.0,2280.0,2217.0,2157.0,2086.0,2056.0,2004.0,1862.0,1779.0,2160.0,2074.0,2208.0,2234.0,2196.0,2137.0,2096.0,2053.0,1881.0,1790.0,2019.0,2218.0,2288.0,2237.0,2170.0,2092.0,2060.0,2016.0,1867.0,1782.0,2003.0,2220.0,2285.0,2234.0,2162.0,2089.0,2060.0,2020.0,1869.0,1794.0,2016.0,2221.0,2292.0,2247.0,2176.0,2096.0,2056.0,2009.0,1877.0,1783.0,2018.0,2218.0,2263.0,2234.0,2163.0,2082.0,2048.0,2001.0,1879.0,1776.0,2114.0,2196.0,2224.0,2201.0,2136.0,2005.0,2048.0,2040.0,1913.0,1840.0,2072.0,2158.0,2292.0,2328.0,2256.0,2156.0,2100.0,2028.0,1872.0,1768.0,2011.0,2204.0,2236.0,2234.0,2149.0,2076.0,2032.0,1984.0,1842.0,1755.0
2086.0,2056.0,2004.0,1862.0,1779.0,2160.0,2074.0,2208.0,2234.0,2196.0,2137.0,2096.0,2053.0,1881.0,1790.0,2019.0,2218.0,2288.0,2237.0,2170.0,2092.0,2060.0,2016.0,1867.0,1782.0,2003.0,2220.0,2285.0,2234.0,2162.0,2089.0,2060.0,2020.0,1869.0,1794.0,2016.0,2221.0,2292.0,2247.0,2176.0,2096.0,2056.0,2009.0,1877.0,1783.0,2018.0,2218.0,2263.0,2234.0,2163.0,2082.0,2048.0,2001.0,1879.0,1776.0,2114.0,2196.0,2224.0,2201.0,2136.0,2005.0,2048.0,2040.0,1913.0,1840.0,2072.0,2158.0,2292.0,2328.0,2256.0,2156.0,2100.0,2028.0,1872.0,1768.0,2011.0,2204.0,2236.0,2234.0,2149.0,2076.0,2032.0,1984.0,1842.0,1755.0,1999.0,2193.0,2240.0,2241.0,2166.0,2080.0,2050.0,1996.0,1856.0,1780.0,2016.0,2208.0,2238.0,2243.0,2160.0
2019.0,2218.0,2288.0,2237.0,2170.0,2092.0,2060.0,2016.0,1867.0,1782.0,2003.0,2220.0,2285.0,2234.0,2162.0,2089.0,2060.0,2020.0,1869.0,1794.0,2016.0,2221.0,2292.0,2247.0,2176.0,2096.0,2056.0,2009.0,1877.0,1783.0,2018.0,2218.0,2263.0,2234.0,2163.0,2082.0,2048.0,2001.0,1879.0,1776.0,2114.0,2196.0,2224.0,2201.0,2136.0,2005.0,2048.0,2040.0,1913.0,1840.0,2072.0,2158.0,2292.0,2328.0,2256.0,2156.0,2100.0,2028.0,1872.0,1768.0,2011.0,2204.0,2236.0,2234.0,2149.0,2076.0,2032.0,1984.0,1842.0,1755.0,1999.0,2193.0,2240.0,2241.0,2166.0,2080.0,2050.0,1996.0,1856.0,1780.0,2016.0,2208.0,2238.0,2243.0,2160.0,2089.0,2048.0,2002.0,1861.0,1775.0,2120.0,2197.0,2217.0,2216.0,2160.0,2084.0,2054.0,2003.0,1862.0,1781.0
2089.0,2060.0,2020.0,1869.0,1794.0,2016.0,2221.0,2292.0,2247.0,2176.0,2096.0,2056.0,2009.0,1877.0,1783.0,2018.0,2218.0,2263.0,2234.0,2163.0,2082.0,2048.0,2001.0,1879.0,1776.0,2114.0,2196.0,2224.0,2201.0,2136.0,2005.0,2048.0,2040.0,1913.0,1840.0,2072.0,2158.0,2292.0,2328.0,2256.0,2156.0,2100.0,2028.0,1872.0,1768.0,2011.0,2204.0,2236.0,2234.0,2149.0,2076.0,2032.0,1984.0,1842.0,1755.0,1999.0,2193.0,2240.0,2241.0,2166.0,2080.0,2050.0,1996.0,1856.0,1780.0,2016.0,2208.0,2238.0,2243.0,2160.0,2089.0,2048.0,2002.0,1861.0,1775.0,2120.0,2197.0,2217.0,2216.0,2160.0,2084.0,2054.0,2003.0,1862.0,1781.0,2019.0,2223.0,2260.0,2273.0,2182.0,2097.0,2048.0,1989.0,1853.0,1766.0,2020.0,2113.0,2252.0,2298.0,2234.0
2018.0,2218.0,2263.0,2234.0,2163.0,2082.0,2048.0,2001.0,1879.0,1776.0,2114.0,2196.0,2224.0,2201.0,2136.0,2005.0,2048.0,2040.0,1913.0,1840.0,2072.0,2158.0,2292.0,2328.0,2256.0,2156.0,2100.0,2028.0,1872.0,1768.0,2011.0,2204.0,2236.0,2234.0,2149.0,2076.0,2032.0,1984.0,1842.0,1755.0,1999.0,2193.0,2240.0,2241.0,2166.0,2080.0,2050.0,1996.0,1856.0,1780.0,2016.0,2208.0,2238.0,2243.0,2160.0,2089.0,2048.0,2002.0,1861.0,1775.0,2120.0,2197.0,2217.0,2216.0,2160.0,2084.0,2054.0,2003.0,1862.0,1781.0,2019.0,2223.0,2260.0,2273.0,2182.0,2097.0,2048.0,1989.0,1853.0,1766.0,2020.0,2113.0,2252.0,2298.0,2234.0,2134.0,2074.0,2014.0,1847.0,1765.0,2004.0,2189.0,2224.0,2231.0,2154.0,2066.0,2032.0,1981.0,1854.0,1758.0
2005.0,2048.0,2040.0,1913.0,1840.0,2072.0,2158.0,2292.0,2328.0,2256.0,2156.0,2100.0,2028.0,1872.0,1768.0,2011.0,2204.0,2236.0,2234.0,2149.0,2076.0,2032.0,1984.0,1842.0,1755.0,1999.0,2193.0,2240.0,2241.0,2166.0,2080.0,2050.0,1996.0,1856.0,1780.0,2016.0,2208.0,2238.0,2243.0,2160.0,2089.0,2048.0,2002.0,1861.0,1775.0,2120.0,2197.0,2217.0,2216.0,2160.0,2084.0,2054.0,2003.0,1862.0,1781.0,2019.0,2223.0,2260.0,2273.0,2182.0,2097.0,2048.0,1989.0,1853.0,1766.0,2020.0,2113.0,2252.0,2298.0,2234.0,2134.0,2074.0,2014.0,1847.0,1765.0,2004.0,2189.0,2224.0,2231.0,2154.0,2066.0,2032.0,1981.0,1854.0,1758.0,2009.0,2197.0,2229.0,2232.0,2157.0,2072.0,2024.0,1984.0,1840.0,1776.0,2100.0,2181.0,2190.0,2192.0,2156.0
2011.0,2204.0,2236.0,2234.0,2149.0,2076.0,2032.0,1984.0,1842.0,1755.0,1999.0,2193.0,2240.0,2241.0,2166.0,2080.0,2050.0,1996.0,1856.0,1780.0,2016.0,2208.0,2238.0,2243.0,2160.0,2089.0,2048.0,2002.0,1861.0,1775.0,2120.0,2197.0,2217.0,2216.0,2160.0,2084.0,2054.0,2003.0,1862.0,1781.0,2019.0,2223.0,2260.0,2273.0,2182.0,2097.0,2048.0,1989.0,1853.0,1766.0,2020.0,2113.0,2252.0,2298.0,2234.0,2134.0,2074.0,2014.0,1847.0,1765.0,2004.0,2189.0,2224.0,2231.0,2154.0,2066.0,2032.0,1981.0,1854.0,1758.0,2009.0,2197.0,2229.0,2232.0,2157.0,2072.0,2024.0,1984.0,1840.0,1776.0,2100.0,2181.0,2190.0,2192.0,2156.0,2076.0,2048.0,1999.0,1853.0,1776.0,2022.0,2208.0,2247.0,2217.0,2181.0,2091.0,2042.0,1994.0,1836.0,1776.0
2080.0,2050.0,1996.0,1856.0,1780.0,2016.0,2208.0,2238.0,2243.0,2160.0,2089.0,2048.0,2002.0,1861.0,1775.0,2120.0,2197.0,2217.0,2216.0,2160.0,2084.0,2054.0,2003.0,1862.0,1781.0,2019.0,2223.0,2260.0,2273.0,2182.0,2097.0,2048.0,1989.0,1853.0,1766.0,2020.0,2113.0,2252.0,2298.0,2234.0,2134.0,2074.0,2014.0,1847.0,1765.0,2004.0,2189.0,2224.0,2231.0,2154.0,2066.0,2032.0,1981.0,1854.0,1758.0,2009.0,2197.0,2229.0,2232.0,2157.0,2072.0,2024.0,1984.0,1840.0,1776.0,2100.0,2181.0,2190.0,2192.0,2156.0,2076.0,2048.0,1999.0,1853.0,1776.0,2022.0,2208.0,2247.0,2217.0,2181.0,2091.0,2042.0,1994.0,1836.0,1776.0,2013.0,2210.0,2252.0,2220.0,2190.0,2095.0,2048.0,1990.0,1848.0,1760.0,2003.0,2110.0,2242.0,2265.0,2246.0
2120.0,2197.0,2217.0,2216.0,2160.0,2084.0,2054.0,2003.0,1862.0,1781.0,2019.0,2223.0,2260.0,2273.0,2182.0,2097.0,2048.0,1989.0,1853.0,1766.0,2020.0,2113.0,2252.0,2298.0,2234.0,2134.0,2074.0,2014.0,1847.0,1765.0,2004.0,2189.0,2224.0,2231.0,2154.0,2066.0,2032.0,1981.0,1854.0,1758.0,2009.0,2197.0,2229.0,2232.0,2157.0,2072.0,2024.0,1984.0,1840.0,1776.0,2100.0,2181.0,2190.0,2192.0,2156.0,2076.0,2048.0,1999.0,1853.0,1776.0,2022.0,2208.0,2247.0,2217.0,2181.0,2091.0,2042.0,1994.0,1836.0,1776.0,2013.0,2210.0,2252.0,2220.0,2190.0,2095.0,2048.0,1990.0,1848.0,1760.0,2003.0,2110.0,2242.0,2265.0,2246.0,2135.0,2072.0,1993.0,1830.0,1746.0,1976.0,2165.0,2201.0,2173.0,2153.0,2055.0,2013.0,1950.0,1794.0,1733.0
2097.0,2048.0,1989.0,1853.0,1766.0,2020.0,2113.0,2252.0,2298.0,2234.0,2134.0,2074.0,2014.0,1847.0,1765.0,2004.0,2189.0,2224.0,2231.0,2154.0,2066.0,2032.0,1981.0,1854.0,1758.0,2009.0,2197.0,2229.0,2232.0,2157.0,2072.0,2024.0,1984.0,1840.0,1776.0,2100.0,2181.0,2190.0,2192.0,2156.0,2076.0,2048.0,1999.0,1853.0,1776.0,2022.0,2208.0,2247.0,2217.0,2181.0,2091.0,2042.0,1994.0,1836.0,1776.0,2013.0,2210.0,2252.0,2220.0,2190.0,2095.0,2048.0,1990.0,1848.0,1760.0,2003.0,2110.0,2242.0,2265.0,2246.0,2135.0,2072.0,1993.0,1830.0,1746.0,1976.0,2165.0,2201.0,2173.0,2153.0,2055.0,2013.0,1950.0,1794.0,1733.0,2060.0,2152.0,2165.0,2152.0,2145.0,1989.0,2015.0,2001.0,1863.0,1812.0,2039.0,2220.0,2253.0,2216.0,2200.0
2004.0,2189.0,2224.0,2231.0,2154.0,2066.0,2032.0,1981.0,1854.0,1758.0,2009.0,2197.0,2229.0,2232.0,2157.0,2072.0,2024.0,1984.0,1840.0,1776.0,2100.0,2181.0,2190.0,2192.0,2156.0,2076.0,2048.0,1999.0,1853.0,1776.0,2022.0,2208.0,2247.0,2217.0,2181.0,2091.0,2042.0,1994.0,1836.0,1776.0,2013.0,2210.0,2252.0,2220.0,2190.0,2095.0,2048.0,1990.0,1848.0,1760.0,2003.0,2110.0,2242.0,2265.0,2246.0,2135.0,2072.0,1993.0,1830.0,1746.0,1976.0,2165.0,2201.0,2173.0,2153.0,2055.0,2013.0,1950.0,1794.0,1733.0,2060.0,2152.0,2165.0,2152.0,2145.0,1989.0,2015.0,2001.0,1863.0,1812.0,2039.0,2220.0,2253.0,2216.0,2200.0,2094.0,2041.0,1990.0,1815.0,1754.0,1990.0,2188.0,2224.0,2199.0,2248.0,2052.0,2002.0,1960.0,1811.0,1753.0
2072.0,2024.0,1984.0,1840.0,1776.0,2100.0,2181.0,2190.0,2192.0,2156.0,2076.0,2048.0,1999.0,1853.0,1776.0,2022.0,2208.0,2247.0,2217.0,2181.0,2091.0,2042.0,1994.0,1836.0,1776.0,2013.0,2210.0,2252.0,2220.0,2190.0,2095.0,2048.0,1990.0,1848.0,1760.0,2003.0,2110.0,2242.0,2265.0,2246.0,2135.0,2072.0,1993.0,1830.0,1746.0,1976.0,2165.0,2201.0,2173.0,2153.0,2055.0,2013.0,1950.0,1794.0,1733.0,2060.0,2152.0,2165.0,2152.0,2145.0,1989.0,2015.0,2001.0,1863.0,1812.0,2039.0,2220.0,2253.0,2216.0,2200.0,2094.0,2041.0,1990.0,1815.0,1754.0,1990.0,2188.0,2224.0,2199.0,2248.0,2052.0,2002.0,1960.0,1811.0,1753.0,2018.0,2212.0,2241.0,2205.0,2186.0,2084.0,2018.0,1960.0,1800.0,1724.0,1992.0,2068.0,2211.0,2234.0,2224.0
2022.0,2208.0,2247.0,2217.0,2181.0,2091.0,2042.0,1994.0,1836.0,1776.0,2013.0,2210.0,2252.0,2220.0,2190.0,2095.0,2048.0,1990.0,1848.0,1760.0,2003.0,2110.0,2242.0,2265.0,2246.0,2135.0,2072.0,1993.0,1830.0,1746.0,1976.0,2165.0,2201.0,2173.0,2153.0,2055.0,2013.0,1950.0,1794.0,1733.0,2060.0,2152.0,2165.0,2152.0,2145.0,1989.0,2015.0,2001.0,1863.0,1812.0,2039.0,2220.0,2253.0,2216.0,2200.0,2094.0,2041.0,1990.0,1815.0,1754.0,1990.0,2188.0,2224.0,2199.0,2248.0,2052.0,2002.0,1960.0,1811.0,1753.0,2018.0,2212.0,2241.0,2205.0,2186.0,2084.0,2018.0,1960.0,1800.0,1724.0,1992.0,2068.0,2211.0,2234.0,2224.0,2132.0,2070.0,1990.0,1808.0,1727.0,2075.0,2148.0,2157.0,2140.0,2124.0,2070.0,2020.0,1964.0,1797.0,1740.0
2095.0,2048.0,1990.0,1848.0,1760.0,2003.0,2110.0,2242.0,2265.0,2246.0,2135.0,2072.0,1993.0,1830.0,1746.0,1976.0,2165.0,2201.0,2173.0,2153.0,2055.0,2013.0,1950.0,1794.0,1733.0,2060.0,2152.0,2165.0,2152.0,2145.0,1989.0,2015.0,2001.0,1863.0,1812.0,2039.0,2220.0,2253.0,2216.0,2200.0,2094.0,2041.0,1990.0,1815.0,1754.0,1990.0,2188.0,2224.0,2199.0,2248.0,2052.0,2002.0,1960.0,1811.0,1753.0,2018.0,2212.0,2241.0,2205.0,2186.0,2084.0,2018.0,1960.0,1800.0,1724.0,1992.0,2068.0,2211.0,2234.0,2224.0,2132.0,2070.0,1990.0,1808.0,1727.0,2075.0,2148.0,2157.0,2140.0,2124.0,2070.0,2020.0,1964.0,1797.0,1740.0,1993.0,2187.0,2226.0,2194.0,2151.0,2096.0,2042.0,1988.0,1828.0,1771.0,2013.0,2204.0,2238.0,2210.0,2160.0
1976.0,2165.0,2201.0,2173.0,2153.0,2055.0,2013.0,1950.0,1794.0,1733.0,2060.0,2152.0,2165.0,2152.0,2145.0,1989.0,2015.0,2001.0,1863.0,1812.0,2039.0,2220.0,2253.0,2216.0,2200.0,2094.0,2041.0,1990.0,1815.0,1754.0,1990.0,2188.0,2224.0,2199.0,2248.0,2052.0,2002.0,1960.0,1811.0,1753.0,2018.0,2212.0,2241.0,2205.0,2186.0,2084.0,2018.0,1960.0,1800.0,1724.0,1992.0,2068.0,2211.0,2234.0,2224.0,2132.0,2070.0,1990.0,1808.0,1727.0,2075.0,2148.0,2157.0,2140.0,2124.0,2070.0,2020.0,1964.0,1797.0,1740.0,1993.0,2187.0,2226.0,2194.0,2151.0,2096.0,2042.0,1988.0,1828.0,1771.0,2013.0,2204.0,2238.0,2210.0,2160.0,2124.0,2063.0,2004.0,1830.0,1764.0,2033.0,2211.0,2244.0,2210.0,2165.0,2112.0,2059.0,1989.0,1822.0,1752.0
1989.0,2015.0,2001.0,1863.0,1812.0,2039.0,2220.0,2253.0,2216.0,2200.0,2094.0,2041.0,1990.0,1815.0,1754.0,1990.0,2188.0,2224.0,2199.0,2248.0,2052.0,2002.0,1960.0,1811.0,1753.0,2018.0,2212.0,2241.0,2205.0,2186.0,2084.0,2018.0,1960.0,1800.0,1724.0,1992.0,2068.0,2211.0,2234.0,2224.0,2132.0,2070.0,1990.0,1808.0,1727.0,2075.0,2148.0,2157.0,2140.0,2124.0,2070.0,2020.0,1964.0,1797.0,1740.0,1993.0,2187.0,2226.0,2194.0,2151.0,2096.0,2042.0,1988.0,1828.0,1771.0,2013.0,2204.0,2238.0,2210.0,2160.0,2124.0,2063.0,2004.0,1830.0,1764.0,2033.0,2211.0,2244.0,2210.0,2165.0,2112.0,2059.0,1989.0,1822.0,1752.0,2015.0,2199.0,2229.0,2202.0,2156.0,2114.0,2050.0,1992.0,1826.0,1752.0,2150.0,2060.0,2168.0,2200.0,2192.0
1990.0,2188.0,2224.0,2199.0,2248.0,2052.0,2002.0,1960.0,1811.0,1753.0,2018.0,2212.0,2241.0,2205.0,2186.0,2084.0,2018.0,1960.0,1800.0,1724.0,1992.0,2068.0,2211.0,2234.0,2224.0,2132.0,2070.0,1990.0,1808.0,1727.0,2075.0,2148.0,2157.0,2140.0,2124.0,2070.0,2020.0,1964.0,1797.0,1740.0,1993.0,2187.0,2226.0,2194.0,2151.0,2096.0,2042.0,1988.0,1828.0,1771.0,2013.0,2204.0,2238.0,2210.0,2160.0,2124.0,2063.0,2004.0,1830.0,1764.0,2033.0,2211.0,2244.0,2210.0,2165.0,2112.0,2059.0,1989.0,1822.0,1752.0,2015.0,2199.0,2229.0,2202.0,2156.0,2114.0,2050.0,1992.0,1826.0,1752.0,2150.0,2060.0,2168.0,2200.0,2192.0,2156.0,2081.0,2016.0,1824.0,1750.0,2003.0,2195.0,2225.0,2194.0,2146.0,2109.0,2048.0,1978.0,1808.0,1739.0
2084.0,2018.0,1960.0,1800.0,1724.0,1992.0,2068.0,2211.0,2234.0,2224.0,2132.0,2070.0,1990.0,1808.0,1727.0,2075.0,2148.0,2157.0,2140.0,2124.0,2070.0,2020.0,1964.0,1797.0,1740.0,1993.0,2187.0,2226.0,2194.0,2151.0,2096.0,2042.0,1988.0,1828.0,1771.0,2013.0,2204.0,2238.0,2210.0,2160.0,2124.0,2063.0,2004.0,1830.0,1764.0,2033.0,2211.0,2244.0,2210.0,2165.0,2112.0,2059.0,1989.0,1822.0,1752.0,2015.0,2199.0,2229.0,2202.0,2156.0,2114.0,2050.0,1992.0,1826.0,1752.0,2150.0,2060.0,2168.0,2200.0,2192.0,2156.0,2081.0,2016.0,1824.0,1750.0,2003.0,2195.0,2225.0,2194.0,2146.0,2109.0,2048.0,1978.0,1808.0,1739.0,2008.0,2200.0,2235.0,2195.0,2146.0,2116.0,2058.0,1990.0,1815.0,1768.0,2012.0,2203.0,2232.0,2195.0,2154.0
2075.0,2148.0,2157.0,2140.0,2124.0,2070.0,2020.0,1964.0,1797.0,1740.0,1993.0,2187.0,2226.0,2194.0,2151.0,2096.0,2042.0,1988.0,1828.0,1771.0,2013.0,2204.0,2238.0,2210.0,2160.0,2124.0,2063.0,2004.0,1830.0,1764.0,2033.0,2211.0,2244.0,2210.0,2165.0,2112.0,2059.0,1989.0,1822.0,1752.0,2015.0,2199.0,2229.0,2202.0,2156.0,2114.0,2050.0,1992.0,1826.0,1752.0,2150.0,2060.0,2168.0,2200.0,2192.0,2156.0,2081.0,2016.0,1824.0,1750.0,2003.0,2195.0,2225.0,2194.0,2146.0,2109.0,2048.0,1978.0,1808.0,1739.0,2008.0,2200.0,2235.0,2195.0,2146.0,2116.0,2058.0,1990.0,1815.0,1768.0,2012.0,2203.0,2232.0,2195.0,2154.0,2110.0,2064.0,1998.0,1832.0,1756.0,2032.0,2211.0,2240.0,2212.0,2163.0,2128.0,2076.0,2012.0,1830.0,1763.0
2096.0,2042.0,1988.0,1828.0,1771.0,2013.0,2204.0,2238.0,2210.0,2160.0,2124.0,2063.0,2004.0,1830.0,1764.0,2033.0,2211.0,2244.0,2210.0,2165.0,2112.0,2059.0,1989.0,1822.0,1752.0,2015.0,2199.0,2229.0,2202.0,2156.0,2114.0,2050.0,1992.0,1826.0,1752.0,2150.0,2060.0,2168.0,2200.0,2192.0,2156.0,2081.0,2016.0,1824.0,1750.0,2003.0,2195.0,2225.0,2194.0,2146.0,2109.0,2048.0,1978.0,1808.0,1739.0,2008.0,2200.0,2235.0,2195.0,2146.0,2116.0,2058.0,1990.0,1815.0,1768.0,2012.0,2203.0,2232.0,2195.0,2154.0,2110.0,2064.0,1998.0,1832.0,1756.0,2032.0,2211.0,2240.0,2212.0,2163.0,2128.0,2076.0,2012.0,1830.0,1763.0,2103.0,2184.0,2205.0,2181.0,2150.0,2024.0,2067.0,2039.0,1882.0,1808.0,2043.0,2138.0,2264.0,2277.0,2229.0
2033.0,2211.0,2244.0,2210.0,2165.0,2112.0,2059.0,1989.0,1822.0,1752.0,2015.0,2199.0,2229.0,2202.0,2156.0,2114.0,2050.0,1992.0,1826.0,1752.0,2150.0,2060.0,2168.0,2200.0,2192.0,2156.0,2081.0,2016.0,1824.0,1750.0,2003.0,2195.0,2225.0,2194.0,2146.0,2109.0,2048.0,1978.0,1808.0,1739.0,2008.0,2200.0,2235.0,2195.0,2146.0,2116.0,2058.0,1990.0,1815.0,1768.0,2012.0,2203.0,2232.0,2195.0,2154.0,2110.0,2064.0,1998.0,1832.0,1756.0,2032.0,2211.0,2240.0,2212.0,2163.0,2128.0,2076.0,2012.0,1830.0,1763.0,2103.0,2184.0,2205.0,2181.0,2150.0,2024.0,2067.0,2039.0,1882.0,1808.0,2043.0,2138.0,2264.0,2277.0,2229.0,2149.0,2108.0,2024.0,1833.0,1737.0,1996.0,2179.0,2206.0,2167.0,2122.0,2054.0,2044.0,1977.0,1770.0,1729.0
2114.0,2050.0,1992.0,1826.0,1752.0,2150.0,2060.0,2168.0,2200.0,2192.0,2156.0,2081.0,2016.0,1824.0,1750.0,2003.0,2195.0,2225.0,2194.0,2146.0,2109.0,2048.0,1978.0,1808.0,1739.0,2008.0,2200.0,2235.0,2195.0,2146.0,2116.0,2058.0,1990.0,1815.0,1768.0,2012.0,2203.0,2232.0,2195.0,2154.0,2110.0,2064.0,1998.0,1832.0,1756.0,2032.0,2211.0,2240.0,2212.0,2163.0,2128.0,2076.0,2012.0,1830.0,1763.0,2103.0,2184.0,2205.0,2181.0,2150.0,2024.0,2067.0,2039.0,1882.0,1808.0,2043.0,2138.0,2264.0,2277.0,2229.0,2149.0,2108.0,2024.0,1833.0,1737.0,1996.0,2179.0,2206.0,2167.0,2122.0,2054.0,2044.0,1977.0,1770.0,1729.0,1986.0,2177.0,2212.0,2180.0,2135.0,2072.0,2065.0,1993.0,1799.0,1755.0,2000.0,2196.0,2228.0,2192.0,2149.0
2003.0,2195.0,2225.0,2194.0,2146.0,2109.0,2048.0,1978.0,1808.0,1739.0,2008.0,2200.0,2235.0,2195.0,2146.0,2116.0,2058.0,1990.0,1815.0,1768.0,2012.0,2203.0,2232.0,2195.0,2154.0,2110.0,2064.0,1998.0,1832.0,1756.0,2032.0,2211.0,2240.0,2212.0,2163.0,2128.0,2076.0,2012.0,1830.0,1763.0,2103.0,2184.0,2205.0,2181.0,2150.0,2024.0,2067.0,2039.0,1882.0,1808.0,2043.0,2138.0,2264.0,2277.0,2229.0,2149.0,2108.0,2024.0,1833.0,1737.0,1996.0,2179.0,2206.0,2167.0,2122.0,2054.0,2044.0,1977.0,1770.0,1729.0,1986.0,2177.0,2212.0,2180.0,2135.0,2072.0,2065.0,1993.0,1799.0,1755.0,2000.0,2196.0,2228.0,2192.0,2149.0,2076.0,2072.0,1996.0,1807.0,1744.0,2087.0,2177.0,2186.0,2164.0,2125.0,2067.0,2072.0,2002.0,1828.0,1755.0
2116.0,2058.0,1990.0,1815.0,1768.0,2012.0,2203.0,2232.0,2195.0,2154.0,2110.0,2064.0,1998.0,1832.0,1756.0,2032.0,2211.0,2240.0,2212.0,2163.0,2128.0,2076.0,2012.0,1830.0,1763.0,2103.0,2184.0,2205.0,2181.0,2150.0,2024.0,2067.0,2039.0,1882.0,1808.0,2043.0,2138.0,2264.0,2277.0,2229.0,2149.0,2108.0,2024.0,1833.0,1737.0,1996.0,2179.0,2206.0,2167.0,2122.0,2054.0,2044.0,1977.0,1770.0,1729.0,1986.0,2177.0,2212.0,2180.0,2135.0,2072.0,2065.0,1993.0,1799.0,1755.0,2000.0,2196.0,2228.0,2192.0,2149.0,2076.0,2072.0,1996.0,1807.0,1744.0,2087.0,2177.0,2186.0,2164.0,2125.0,2067.0,2072.0,2002.0,1828.0,1755.0,2028.0,2216.0,2250.0,2214.0,2164.0,2093.0,2085.0,2020.0,1824.0,1753.0,2000.0,2116.0,2240.0,2249.0,2210.0
2032.0,2211.0,2240.0,2212.0,2163.0,2128.0,2076.0,2012.0,1830.0,1763.0,2103.0,2184.0,2205.0,2181.0,2150.0,2024.0,2067.0,2039.0,1882.0,1808.0,2043.0,2138.0,2264.0,2277.0,2229.0,2149.0,2108.0,2024.0,1833.0,1737.0,1996.0,2179.0,2206.0,2167.0,2122.0,2054.0,2044.0,1977.0,1770.0,1729.0,1986.0,2177.0,2212.0,2180.0,2135.0,2072.0,2065.0,1993.0,1799.0,1755.0,2000.0,2196.0,2228.0,2192.0,2149.0,2076.0,2072.0,1996.0,1807.0,1744.0,2087.0,2177.0,2186.0,2164.0,2125.0,2067.0,2072.0,2002.0,1828.0,1755.0,2028.0,2216.0,2250.0,2214.0,2164.0,2093.0,2085.0,2020.0,1824.0,1753.0,2000.0,2116.0,2240.0,2249.0,2210.0,2135.0,2119.0,2027.0,1836.0,1751.0,2006.0,2196.0,2228.0,2197.0,2145.0,2084.0,2075.0,2001.0,1786.0,1744.0
2024.0,2067.0,2039.0,1882.0,1808.0,2043.0,2138.0,2264.0,2277.0,2229.0,2149.0,2108.0,2024.0,1833.0,1737.0,1996.0,2179.0,2206.0,2167.0,2122.0,2054.0,2044.0,1977.0,1770.0,1729.0,1986.0,2177.0,2212.0,2180.0,2135.0,2072.0,2065.0,1993.0,1799.0,1755.0,2000.0,2196.0,2228.0,2192.0,2149.0,2076.0,2072.0,1996.0,1807.0,1744.0,2087.0,2177.0,2186.0,2164.0,2125.0,2067.0,2072.0,2002.0,1828.0,1755.0,2028.0,2216.0,2250.0,2214.0,2164.0,2093.0,2085.0,2020.0,1824.0,1753.0,2000.0,2116.0,2240.0,2249.0,2210.0,2135.0,2119.0,2027.0,1836.0,1751.0,2006.0,2196.0,2228.0,2197.0,2145.0,2084.0,2075.0,2001.0,1786.0,1744.0,2009.0,2190.0,2223.0,2188.0,2144.0,2077.0,2070.0,2010.0,1803.0,1767.0,2096.0,2173.0,2178.0,2157.0,2127.0
1996.0,2179.0,2206.0,2167.0,2122.0,2054.0,2044.0,1977.0,1770.0,1729.0,1986.0,2177.0,2212.0,2180.0,2135.0,2072.0,2065.0,1993.0,1799.0,1755.0,2000.0,2196.0,2228.0,2192.0,2149.0,2076.0,2072.0,1996.0,1807.0,1744.0,2087.0,2177.0,2186.0,2164.0,2125.0,2067.0,2072.0,2002.0,1828.0,1755.0,2028.0,2216.0,2250.0,2214.0,2164.0,2093.0,2085.0,2020.0,1824.0,1753.0,2000.0,2116.0,2240.0,2249.0,2210.0,2135.0,2119.0,2027.0,1836.0,1751.0,2006.0,2196.0,2228.0,2197.0,2145.0,2084.0,2075.0,2001.0,1786.0,1744.0,2009.0,2190.0,2223.0,2188.0,2144.0,2077.0,2070.0,2010.0,1803.0,1767.0,2096.0,2173.0,2178.0,2157.0,2127.0,2070.0,2061.0,2017.0,1800.0,1753.0,2011.0,2205.0,2243.0,2205.0,2160.0,2089.0,2072.0,2025.0,1808.0,1752.0
2072.0,2065.0,1993.0,1799.0,1755.0,2000.0,2196.0,2228.0,2192.0,2149.0,2076.0,2072.0,1996.0,1807.0,1744.0,2087.0,2177.0,2186.0,2164.0,2125.0,2067.0,2072.0,2002.0,1828.0,1755.0,2028.0,2216.0,2250.0,2214.0,2164.0,2093.0,2085.0,2020.0,1824.0,1753.0,2000.0,2116.0,2240.0,2249.0,2210.0,2135.0,2119.0,2027.0,1836.0,1751.0,2006.0,2196.0,2228.0,2197.0,2145.0,2084.0,2075.0,2001.0,1786.0,1744.0,2009.0,2190.0,2223.0,2188.0,2144.0,2077.0,2070.0,2010.0,1803.0,1767.0,2096.0,2173.0,2178.0,2157.0,2127.0,2070.0,2061.0,2017.0,1800.0,1753.0,2011.0,2205.0,2243.0,2205.0,2160.0,2089.0,2072.0,2025.0,1808.0,1752.0,2008.0,2196.0,2230.0,2197.0,2156.0,2092.0,2051.0,2020.0,1807.0,1754.0,2000.0,2112.0,2252.0,2259.0,2220.0
2087.0,2177.0,2186.0,2164.0,2125.0,2067.0,2072.0,2002.0,1828.0,1755.0,2028.0,2216.0,2250.0,2214.0,2164.0,2093.0,2085.0,2020.0,1824.0,1753.0,2000.0,2116.0,2240.0,2249.0,2210.0,2135.0,2119.0,2027.0,1836.0,1751.0,2006.0,2196.0,2228.0,2197.0,2145.0,2084.0,2075.0,2001.0,1786.0,1744.0,2009.0,2190.0,2223.0,2188.0,2144.0,2077.0,2070.0,2010.0,1803.0,1767.0,2096.0,2173.0,2178.0,2157.0,2127.0,2070.0,2061.0,2017.0,1800.0,1753.0,2011.0,2205.0,2243.0,2205.0,2160.0,2089.0,2072.0,2025.0,1808.0,1752.0,2008.0,2196.0,2230.0,2197.0,2156.0,2092.0,2051.0,2020.0,1807.0,1754.0,2000.0,2112.0,2252.0,2259.0,2220.0,2144.0,2088.0,2051.0,1815.0,1748.0,2006.0,2181.0,2218.0,2181.0,2132.0,2064.0,2031.0,2008.0,1790.0,1740.0
2093.0,2085.0,2020.0,1824.0,1753.0,2000.0,2116.0,2240.0,2249.0,2210.0,2135.0,2119.0,2027.0,1836.0,1751.0,2006.0,2196.0,2228.0,2197.0,2145.0,2084.0,2075.0,2001.0,1786.0,1744.0,2009.0,2190.0,2223.0,2188.0,2144.0,2077.0,2070.0,2010.0,1803.0,1767.0,2096.0,2173.0,2178.0,2157.0,2127.0,2070.0,2061.0,2017.0,1800.0,1753.0,2011.0,2205.0,2243.0,2205.0,2160.0,2089.0,2072.0,2025.0,1808.0,1752.0,2008.0,2196.0,2230.0,2197.0,2156.0,2092.0,2051.0,2020.0,1807.0,1754.0,2000.0,2112.0,2252.0,2259.0,2220.0,2144.0,2088.0,2051.0,1815.0,1748.0,2006.0,2181.0,2218.0,2181.0,2132.0,2064.0,2031.0,2008.0,1790.0,1740.0,2073.0,2154.0,2187.0,2154.0,2120.0,1981.0,2016.0,2060.0,1843.0,1815.0,2049.0,2224.0,2248.0,2208.0,2160.0
2006.0,2196.0,2228.0,2197.0,2145.0,2084.0,2075.0,2001.0,1786.0,1744.0,2009.0,2190.0,2223.0,2188.0,2144.0,2077.0,2070.0,2010.0,1803.0,1767.0,2096.0,2173.0,2178.0,2157.0,2127.0,2070.0,2061.0,2017.0,1800.0,1753.0,2011.0,2205.0,2243.0,2205.0,2160.0,2089.0,2072.0,2025.0,1808.0,1752.0,2008.0,2196.0,2230.0,2197.0,2156.0,2092.0,2051.0,2020.0,1807.0,1754.0,2000.0,2112.0,2252.0,2259.0,2220.0,2144.0,2088.0,2051.0,1815.0,1748.0,2006.0,2181.0,2218.0,2181.0,2132.0,2064.0,2031.0,2008.0,1790.0,1740.0,2073.0,2154.0,2187.0,2154.0,2120.0,1981.0,2016.0,2060.0,1843.0,1815.0,2049.0,2224.0,2248.0,2208.0,2160.0,2085.0,2051.0,2026.0,1806.0,1754.0,2025.0,2202.0,2242.0,2201.0,2148.0,2092.0,2054.0,2052.0,1822.0,1761.0
2077.0,2070.0,2010.0,1803.0,1767.0,2096.0,2173.0,2178.0,2157.0,2127.0,2070.0,2061.0,2017.0,1800.0,1753.0,2011.0,2205.0,2243.0,2205.0,2160.0,2089.0,2072.0,2025.0,1808.0,1752.0,2008.0,2196.0,2230.0,2197.0,2156.0,2092.0,2051.0,2020.0,1807.0,1754.0,2000.0,2112.0,2252.0,2259.0,2220.0,2144.0,2088.0,2051.0,1815.0,1748.0,2006.0,2181.0,2218.0,2181.0,2132.0,2064.0,2031.0,2008.0,1790.0,1740.0,2073.0,2154.0,2187.0,2154.0,2120.0,1981.0,2016.0,2060.0,1843.0,1815.0,2049.0,2224.0,2248.0,2208.0,2160.0,2085.0,2051.0,2026.0,1806.0,1754.0,2025.0,2202.0,2242.0,2201.0,2148.0,2092.0,2054.0,2052.0,1822.0,1761.0,2021.0,2192.0,2237.0,2195.0,2156.0,2093.0,2064.0,2042.0,1834.0,1762.0,1986.0,2112.0,2240.0,2248.0,2208.0
2011.0,2205.0,2243.0,2205.0,2160.0,2089.0,2072.0,2025.0,1808.0,1752.0,2008.0,2196.0,2230.0,2197.0,2156.0,2092.0,2051.0,2020.0,1807.0,1754.0,2000.0,2112.0,2252.0,2259.0,2220.0,2144.0,2088.0,2051.0,1815.0,1748.0,2006.0,2181.0,2218.0,2181.0,2132.0,2064.0,2031.0,2008.0,1790.0,1740.0,2073.0,2154.0,2187.0,2154.0,2120.0,1981.0,2016.0,2060.0,1843.0,1815.0,2049.0,2224.0,2248.0,2208.0,2160.0,2085.0,2051.0,2026.0,1806.0,1754.0,2025.0,2202.0,2242.0,2201.0,2148.0,2092.0,2054.0,2052.0,1822.0,1761.0,2021.0,2192.0,2237.0,2195.0,2156.0,2093.0,2064.0,2042.0,1834.0,1762.0,1986.0,2112.0,2240.0,2248.0,2208.0,2132.0,2081.0,2048.0,1814.0,1746.0,2081.0,2156.0,2176.0,2148.0,2120.0,2057.0,2032.0,1997.0,1826.0,1755.0
2092.0,2051.0,2020.0,1807.0,1754.0,2000.0,2112.0,2252.0,2259.0,2220.0,2144.0,2088.0,2051.0,1815.0,1748.0,2006.0,2181.0,2218.0,2181.0,2132.0,2064.0,2031.0,2008.0,1790.0,1740.0,2073.0,2154.0,2187.0,2154.0,2120.0,1981.0,2016.0,2060.0,1843.0,1815.0,2049.0,2224.0,2248.0,2208.0,2160.0,2085.0,2051.0,2026.0,1806.0,1754.0,2025.0,2202.0,2242.0,2201.0,2148.0,2092.0,2054.0,2052.0,1822.0,1761.0,2021.0,2192.0,2237.0,2195.0,2156.0,2093.0,2064.0,2042.0,1834.0,1762.0,1986.0,2112.0,2240.0,2248.0,2208.0,2132.0,2081.0,2048.0,1814.0,1746.0,2081.0,2156.0,2176.0,2148.0,2120.0,2057.0,2032.0,1997.0,1826.0,1755.0,2016.0,2198.0,2226.0,2200.0,2151.0,2085.0,2043.0,1998.0,1829.0,1770.0,2012.0,2176.0,2215.0,2176.0,2136.0
2006.0,2181.0,2218.0,2181.0,2132.0,2064.0,2031.0,2008.0,1790.0,1740.0,2073.0,2154.0,2187.0,2154.0,2120.0,1981.0,2016.0,2060.0,1843.0,1815.0,2049.0,2224.0,2248.0,2208.0,2160.0,2085.0,2051.0,2026.0,1806.0,1754.0,2025.0,2202.0,2242.0,2201.0,2148.0,2092.0,2054.0,2052.0,1822.0,1761.0,2021.0,2192.0,2237.0,2195.0,2156.0,2093.0,2064.0,2042.0,1834.0,1762.0,1986.0,2112.0,2240.0,2248.0,2208.0,2132.0,2081.0,2048.0,1814.0,1746.0,2081.0,2156.0,2176.0,2148.0,2120.0,2057.0,2032.0,1997.0,1826.0,1755.0,2016.0,2198.0,2226.0,2200.0,2151.0,2085.0,2043.0,1998.0,1829.0,1770.0,2012.0,2176.0,2215.0,2176.0,2136.0,2066.0,2030.0,1990.0,1803.0,1750.0,2010.0,2183.0,2212.0,2183.0,2130.0,2061.0,2030.0,1980.0,1816.0,1750.0
1981.0,2016.0,2060.0,1843.0,1815.0,2049.0,2224.0,2248.0,2208.0,2160.0,2085.0,2051.0,2026.0,1806.0,1754.0,2025.0,2202.0,2242.0,2201.0,2148.0,2092.0,2054.0,2052.0,1822.0,1761.0,2021.0,2192.0,2237.0,2195.0,2156.0,2093.0,2064.0,2042.0,1834.0,1762.0,1986.0,2112.0,2240.0,2248.0,2208.0,2132.0,2081.0,2048.0,1814.0,1746.0,2081.0,2156.0,2176.0,2148.0,2120.0,2057.0,2032.0,1997.0,1826.0,1755.0,2016.0,2198.0,2226.0,2200.0,2151.0,2085.0,2043.0,1998.0,1829.0,1770.0,2012.0,2176.0,2215.0,2176.0,2136.0,2066.0,2030.0,1990.0,1803.0,1750.0,2010.0,2183.0,2212.0,2183.0,2130.0,2061.0,2030.0,1980.0,1816.0,1750.0,2016.0,2184.0,2224.0,2193.0,2140.0,2080.0,2043.0,2007.0,1843.0,1768.0,2127.0,2052.0,2166.0,2207.0,2192.0
2025.0,2202.0,2242.0,2201.0,2148.0,2092.0,2054.0,2052.0,1822.0,1761.0,2021.0,2192.0,2237.0,2195.0,2156.0,2093.0,2064.0,2042.0,1834.0,1762.0,1986.0,2112.0,2240.0,2248.0,2208.0,2132.0,2081.0,2048.0,1814.0,1746.0,2081.0,2156.0,2176.0,2148.0,2120.0,2057.0,2032.0,1997.0,1826.0,1755.0,2016.0,2198.0,2226.0,2200.0,2151.0,2085.0,2043.0,1998.0,1829.0,1770.0,2012.0,2176.0,2215.0,2176.0,2136.0,2066.0,2030.0,1990.0,1803.0,1750.0,2010.0,2183.0,2212.0,2183.0,2130.0,2061.0,2030.0,1980.0,1816.0,1750.0,2016.0,2184.0,2224.0,2193.0,2140.0,2080.0,2043.0,2007.0,1843.0,1768.0,2127.0,2052.0,2166.0,2207.0,2192.0,2124.0,2087.0,2031.0,1851.0,1765.0,2023.0,2196.0,2224.0,2200.0,2145.0,2082.0,2040.0,2005.0,1872.0,1752.0
2093.0,2064.0,2042.0,1834.0,1762.0,1986.0,2112.0,2240.0,2248.0,2208.0,2132.0,2081.0,2048.0,1814.0,1746.0,2081.0,2156.0,2176.0,2148.0,2120.0,2057.0,2032.0,1997.0,1826.0,1755.0,2016.0,2198.0,2226.0,2200.0,2151.0,2085.0,2043.0,1998.0,1829.0,1770.0,2012.0,2176.0,2215.0,2176.0,2136.0,2066.0,2030.0,1990.0,1803.0,1750.0,2010.0,2183.0,2212.0,2183.0,2130.0,2061.0,2030.0,1980.0,1816.0,1750.0,2016.0,2184.0,2224.0,2193.0,2140.0,2080.0,2043.0,2007.0,1843.0,1768.0,2127.0,2052.0,2166.0,2207.0,2192.0,2124.0,2087.0,2031.0,1851.0,1765.0,2023.0,2196.0,2224.0,2200.0,2145.0,2082.0,2040.0,2005.0,1872.0,1752.0,2012.0,2187.0,2226.0,2202.0,2156.0,2088.0,2058.0,2016.0,1846.0,1797.0,2024.0,2199.0,2228.0,2200.0,2144.0
2081.0,2156.0,2176.0,2148.0,2120.0,2057.0,2032.0,1997.0,1826.0,1755.0,2016.0,2198.0,2226.0,2200.0,2151.0,2085.0,2043.0,1998.0,1829.0,1770.0,2012.0,2176.0,2215.0,2176.0,2136.0,2066.0,2030.0,1990.0,1803.0,1750.0,2010.0,2183.0,2212.0,2183.0,2130.0,2061.0,2030.0,1980.0,1816.0,1750.0,2016.0,2184.0,2224.0,2193.0,2140.0,2080.0,2043.0,2007.0,1843.0,1768.0,2127.0,2052.0,2166.0,2207.0,2192.0,2124.0,2087.0,2031.0,1851.0,1765.0,2023.0,2196.0,2224.0,2200.0,2145.0,2082.0,2040.0,2005.0,1872.0,1752.0,2012.0,2187.0,2226.0,2202.0,2156.0,2088.0,2058.0,2016.0,1846.0,1797.0,2024.0,2199.0,2228.0,2200.0,2144.0,2082.0,2049.0,2010.0,1832.0,1771.0,2037.0,2197.0,2236.0,2197.0,2152.0,2078.0,2048.0,1996.0,1817.0,1772.0
2085.0,2043.0,1998.0,1829.0,1770.0,2012.0,2176.0,2215.0,2176.0,2136.0,2066.0,2030.0,1990.0,1803.0,1750.0,2010.0,2183.0,2212.0,2183.0,2130.0,2061.0,2030.0,1980.0,1816.0,1750.0,2016.0,2184.0,2224.0,2193.0,2140.0,2080.0,2043.0,2007.0,1843.0,1768.0,2127.0,2052.0,2166.0,2207.0,2192.0,2124.0,2087.0,2031.0,1851.0,1765.0,2023.0,2196.0,2224.0,2200.0,2145.0,2082.0,2040.0,2005.0,1872.0,1752.0,2012.0,2187.0,2226.0,2202.0,2156.0,2088.0,2058.0,2016.0,1846.0,1797.0,2024.0,2199.0,2228.0,2200.0,2144.0,2082.0,2049.0,2010.0,1832.0,1771.0,2037.0,2197.0,2236.0,2197.0,2152.0,2078.0,2048.0,1996.0,1817.0,1772.0,2096.0,2175.0,2188.0,2165.0,2137.0,2000.0,2028.0,2036.0,1864.0,1840.0,2058.0,2154.0,2279.0,2274.0,2240.0
2010.0,2183.0,2212.0,2183.0,2130.0,2061.0,2030.0,1980.0,1816.0,1750.0,2016.0,2184.0,2224.0,2193.0,2140.0,2080.0,2043.0,2007.0,1843.0,1768.0,2127.0,2052.0,2166.0,2207.0,2192.0,2124.0,2087.0,2031.0,1851.0,1765.0,2023.0,2196.0,2224.0,2200.0,2145.0,2082.0,2040.0,2005.0,1872.0,1752.0,2012.0,2187.0,2226.0,2202.0,2156.0,2088.0,2058.0,2016.0,1846.0,1797.0,2024.0,2199.0,2228.0,2200.0,2144.0,2082.0,2049.0,2010.0,1832.0,1771.0,2037.0,2197.0,2236.0,2197.0,2152.0,2078.0,2048.0,1996.0,1817.0,1772.0,2096.0,2175.0,2188.0,2165.0,2137.0,2000.0,2028.0,2036.0,1864.0,1840.0,2058.0,2154.0,2279.0,2274.0,2240.0,2146.0,2092.0,2034.0,1803.0,1780.0,2038.0,2203.0,2222.0,2192.0,2147.0,2074.0,2037.0,1990.0,1784.0,1776.0
2080.0,2043.0,2007.0,1843.0,1768.0,2127.0,2052.0,2166.0,2207.0,2192.0,2124.0,2087.0,2031.0,1851.0,1765.0,2023.0,2196.0,2224.0,2200.0,2145.0,2082.0,2040.0,2005.0,1872.0,1752.0,2012.0,2187.0,2226.0,2202.0,2156.0,2088.0,2058.0,2016.0,1846.0,1797.0,2024.0,2199.0,2228.0,2200.0,2144.0,2082.0,2049.0,2010.0,1832.0,1771.0,2037.0,2197.0,2236.0,2197.0,2152.0,2078.0,2048.0,1996.0,1817.0,1772.0,2096.0,2175.0,2188.0,2165.0,2137.0,2000.0,2028.0,2036.0,1864.0,1840.0,2058.0,2154.0,2279.0,2274.0,2240.0,2146.0,2092.0,2034.0,1803.0,1780.0,2038.0,2203.0,2222.0,2192.0,2147.0,2074.0,2037.0,1990.0,1784.0,1776.0,2027.0,2192.0,2223.0,2184.0,2144.0,2076.0,2036.0,2003.0,1792.0,1802.0,2028.0,2188.0,2208.0,2169.0,2131.0
2023.0,2196.0,2224.0,2200.0,2145.0,2082.0,2040.0,2005.0,1872.0,1752.0,2012.0,2187.0,2226.0,2202.0,2156.0,2088.0,2058.0,2016.0,1846.0,1797.0,2024.0,2199.0,2228.0,2200.0,2144.0,2082.0,2049.0,2010.0,1832.0,1771.0,2037.0,2197.0,2236.0,2197.0,2152.0,2078.0,2048.0,1996.0,1817.0,1772.0,2096.0,2175.0,2188.0,2165.0,2137.0,2000.0,2028.0,2036.0,1864.0,1840.0,2058.0,2154.0,2279.0,2274.0,2240.0,2146.0,2092.0,2034.0,1803.0,1780.0,2038.0,2203.0,2222.0,2192.0,2147.0,2074.0,2037.0,1990.0,1784.0,1776.0,2027.0,2192.0,2223.0,2184.0,2144.0,2076.0,2036.0,2003.0,1792.0,1802.0,2028.0,2188.0,2208.0,2169.0,2131.0,2068.0,2040.0,1995.0,1786.0,1783.0,2112.0,2172.0,2176.0,2153.0,2128.0,2068.0,2035.0,2004.0,1791.0,1792.0
2088.0,2058.0,2016.0,1846.0,1797.0,2024.0,2199.0,2228.0,2200.0,2144.0,2082.0,2049.0,2010.0,1832.0,1771.0,2037.0,2197.0,2236.0,2197.0,2152.0,2078.0,2048.0,1996.0,1817.0,1772.0,2096.0,2175.0,2188.0,2165.0,2137.0,2000.0,2028.0,2036.0,1864.0,1840.0,2058.0,2154.0,2279.0,2274.0,2240.0,2146.0,2092.0,2034.0,1803.0,1780.0,2038.0,2203.0,2222.0,2192.0,2147.0,2074.0,2037.0,1990.0,1784.0,1776.0,2027.0,2192.0,2223.0,2184.0,2144.0,2076.0,2036.0,2003.0,1792.0,1802.0,2028.0,2188.0,2208.0,2169.0,2131.0,2068.0,2040.0,1995.0,1786.0,1783.0,2112.0,2172.0,2176.0,2153.0,2128.0,2068.0,2035.0,2004.0,1791.0,1792.0,2048.0,2216.0,2250.0,2210.0,2176.0,2098.0,2061.0,2020.0,1808.0,1806.0,2025.0,2135.0,2257.0,2264.0,2264.0
2037.0,2197.0,2236.0,2197.0,2152.0,2078.0,2048.0,1996.0,1817.0,1772.0,2096.0,2175.0,2188.0,2165.0,2137.0,2000.0,2028.0,2036.0,1864.0,1840.0,2058.0,2154.0,2279.0,2274.0,2240.0,2146.0,2092.0,2034.0,1803.0,1780.0,2038.0,2203.0,2222.0,2192.0,2147.0,2074.0,2037.0,1990.0,1784.0,1776.0,2027.0,2192.0,2223.0,2184.0,2144.0,2076.0,2036.0,2003.0,1792.0,1802.0,2028.0,2188.0,2208.0,2169.0,2131.0,2068.0,2040.0,1995.0,1786.0,1783.0,2112.0,2172.0,2176.0,2153.0,2128.0,2068.0,2035.0,2004.0,1791.0,1792.0,2048.0,2216.0,2250.0,2210.0,2176.0,2098.0,2061.0,2020.0,1808.0,1806.0,2025.0,2135.0,2257.0,2264.0,2264.0,2138.0,2082.0,2029.0,1806.0,1826.0,2073.0,2218.0,2241.0,2191.0,2153.0,2081.0,2043.0,1996.0,1786.0,1792.0
2000.0,2028.0,2036.0,1864.0,1840.0,2058.0,2154.0,2279.0,2274.0,2240.0,2146.0,2092.0,2034.0,1803.0,1780.0,2038.0,2203.0,2222.0,2192.0,2147.0,2074.0,2037.0,1990.0,1784.0,1776.0,2027.0,2192.0,2223.0,2184.0,2144.0,2076.0,2036.0,2003.0,1792.0,1802.0,2028.0,2188.0,2208.0,2169.0,2131.0,2068.0,2040.0,1995.0,1786.0,1783.0,2112.0,2172.0,2176.0,2153.0,2128.0,2068.0,2035.0,2004.0,1791.0,1792.0,2048.0,2216.0,2250.0,2210.0,2176.0,2098.0,2061.0,2020.0,1808.0,1806.0,2025.0,2135.0,2257.0,2264.0,2264.0,2138.0,2082.0,2029.0,1806.0,1826.0,2073.0,2218.0,2241.0,2191.0,2153.0,2081.0,2043.0,1996.0,1786.0,1792.0,2057.0,2196.0,2210.0,2166.0,2120.0,2064.0,2024.0,1990.0,1773.0,1771.0,2114.0,2158.0,2176.0,2144.0,2116.0
2038.0,2203.0,2222.0,2192.0,2147.0,2074.0,2037.0,1990.0,1784.0,1776.0,2027.0,2192.0,2223.0,2184.0,2144.0,2076.0,2036.0,2003.0,1792.0,1802.0,2028.0,2188.0,2208.0,2169.0,2131.0,2068.0,2040.0,1995.0,1786.0,1783.0,2112.0,2172.0,2176.0,2153.0,2128.0,2068.0,2035.0,2004.0,1791.0,1792.0,2048.0,2216.0,2250.0,2210.0,2176.0,2098.0,2061.0,2020.0,1808.0,1806.0,2025.0,2135.0,2257.0,2264.0,2264.0,2138.0,2082.0,2029.0,1806.0,1826.0,2073.0,2218.0,2241.0,2191.0,2153.0,2081.0,2043.0,1996.0,1786.0,1792.0,2057.0,2196.0,2210.0,2166.0,2120.0,2064.0,2024.0,1990.0,1773.0,1771.0,2114.0,2158.0,2176.0,2144.0,2116.0,2065.0,2035.0,2002.0,1794.0,1768.0,2063.0,2210.0,2228.0,2188.0,2142.0,2080.0,2040.0,1998.0,1798.0,1767.0
2076.0,2036.0,2003.0,1792.0,1802.0,2028.0,2188.0,2208.0,2169.0,2131.0,2068.0,2040.0,1995.0,1786.0,1783.0,2112.0,2172.0,2176.0,2153.0,2128.0,2068.0,2035.0,2004.0,1791.0,1792.0,2048.0,2216.0,2250.0,2210.0,2176.0,2098.0,2061.0,2020.0,1808.0,1806.0,2025.0,2135.0,2257.0,2264.0,2264.0,2138.0,2082.0,2029.0,1806.0,1826.0,2073.0,2218.0,2241.0,2191.0,2153.0,2081.0,2043.0,1996.0,1786.0,1792.0,2057.0,2196.0,2210.0,2166.0,2120.0,2064.0,2024.0,1990.0,1773.0,1771.0,2114.0,2158.0,2176.0,2144.0,2116.0,2065.0,2035.0,2002.0,1794.0,1768.0,2063.0,2210.0,2228.0,2188.0,2142.0,2080.0,2040.0,1998.0,1798.0,1767.0,2088.0,2220.0,2240.0,2184.0,2137.0,2083.0,2037.0,2004.0,1792.0,1767.0,2086.0,2130.0,2241.0,2242.0,2211.0
2112.0,2172.0,2176.0,2153.0,2128.0,2068.0,2035.0,2004.0,1791.0,1792.0,2048.0,2216.0,2250.0,2210.0,2176.0,2098.0,2061.0,2020.0,1808.0,1806.0,2025.0,2135.0,2257.0,2264.0,2264.0,2138.0,2082.0,2029.0,1806.0,1826.0,2073.0,2218.0,2241.0,2191.0,2153.0,2081.0,2043.0,1996.0,1786.0,1792.0,2057.0,2196.0,2210.0,2166.0,2120.0,2064.0,2024.0,1990.0,1773.0,1771.0,2114.0,2158.0,2176.0,2144.0,2116.0,2065.0,2035.0,2002.0,1794.0,1768.0,2063.0,2210.0,2228.0,2188.0,2142.0,2080.0,2040.0,1998.0,1798.0,1767.0,2088.0,2220.0,2240.0,2184.0,2137.0,2083.0,2037.0,2004.0,1792.0,1767.0,2086.0,2130.0,2241.0,2242.0,2211.0,2138.0,2089.0,2028.0,1816.0,1762.0,2060.0,2215.0,2232.0,2191.0,2136.0,2080.0,2035.0,2005.0,1788.0,1760.0
2098.0,2061.0,2020.0,1808.0,1806.0,2025.0,2135.0,2257.0,2264.0,2264.0,2138.0,2082.0,2029.0,1806.0,1826.0,2073.0,2218.0,2241.0,2191.0,2153.0,2081.0,2043.0,1996.0,1786.0,1792.0,2057.0,2196.0,2210.0,2166.0,2120.0,2064.0,2024.0,1990.0,1773.0,1771.0,2114.0,2158.0,2176.0,2144.0,2116.0,2065.0,2035.0,2002.0,1794.0,1768.0,2063.0,2210.0,2228.0,2188.0,2142.0,2080.0,2040.0,1998.0,1798.0,1767.0,2088.0,2220.0,2240.0,2184.0,2137.0,2083.0,2037.0,2004.0,1792.0,1767.0,2086.0,2130.0,2241.0,2242.0,2211.0,2138.0,2089.0,2028.0,1816.0,1762.0,2060.0,2215.0,2232.0,2191.0,2136.0,2080.0,2035.0,2005.0,1788.0,1760.0,2163.0,2190.0,2192.0,2152.0,2120.0,1998.0,2028.0,2028.0,1840.0,1832.0,2121.0,2257.0,2259.0,2212.0,2151.0
2073.0,2218.0,2241.0,2191.0,2153.0,2081.0,2043.0,1996.0,1786.0,1792.0,2057.0,2196.0,2210.0,2166.0,2120.0,2064.0,2024.0,1990.0,1773.0,1771.0,2114.0,2158.0,2176.0,2144.0,2116.0,2065.0,2035.0,2002.0,1794.0,1768.0,2063.0,2210.0,2228.0,2188.0,2142.0,2080.0,2040.0,1998.0,1798.0,1767.0,2088.0,2220.0,2240.0,2184.0,2137.0,2083.0,2037.0,2004.0,1792.0,1767.0,2086.0,2130.0,2241.0,2242.0,2211.0,2138.0,2089.0,2028.0,1816.0,1762.0,2060.0,2215.0,2232.0,2191.0,2136.0,2080.0,2035.0,2005.0,1788.0,1760.0,2163.0,2190.0,2192.0,2152.0,2120.0,1998.0,2028.0,2028.0,1840.0,1832.0,2121.0,2257.0,2259.0,2212.0,2151.0,2086.0,2042.0,1999.0,1787.0,1748.0,2065.0,2216.0,2235.0,2184.0,2143.0,2080.0,2048.0,1992.0,1788.0,1761.0
2064.0,2024.0,1990.0,1773.0,1771.0,2114.0,2158.0,2176.0,2144.0,2116.0,2065.0,2035.0,2002.0,1794.0,1768.0,2063.0,2210.0,2228.0,2188.0,2142.0,2080.0,2040.0,1998.0,1798.0,1767.0,2088.0,2220.0,2240.0,2184.0,2137.0,2083.0,2037.0,2004.0,1792.0,1767.0,2086.0,2130.0,2241.0,2242.0,2211.0,2138.0,2089.0,2028.0,1816.0,1762.0,2060.0,2215.0,2232.0,2191.0,2136.0,2080.0,2035.0,2005.0,1788.0,1760.0,2163.0,2190.0,2192.0,2152.0,2120.0,1998.0,2028.0,2028.0,1840.0,1832.0,2121.0,2257.0,2259.0,2212.0,2151.0,2086.0,2042.0,1999.0,1787.0,1748.0,2065.0,2216.0,2235.0,2184.0,2143.0,2080.0,2048.0,1992.0,1788.0,1761.0,2068.0,2229.0,2237.0,2185.0,2132.0,2075.0,2036.0,1996.0,1786.0,1756.0,2051.0,2123.0,2239.0,2230.0,2195.0
2063.0,2210.0,2228.0,2188.0,2142.0,2080.0,2040.0,1998.0,1798.0,1767.0,2088.0,2220.0,2240.0,2184.0,2137.0,2083.0,2037.0,2004.0,1792.0,1767.0,2086.0,2130.0,2241.0,2242.0,2211.0,2138.0,2089.0,2028.0,1816.0,1762.0,2060.0,2215.0,2232.0,2191.0,2136.0,2080.0,2035.0,2005.0,1788.0,1760.0,2163.0,2190.0,2192.0,2152.0,2120.0,1998.0,2028.0,2028.0,1840.0,1832.0,2121.0,2257.0,2259.0,2212.0,2151.0,2086.0,2042.0,1999.0,1787.0,1748.0,2065.0,2216.0,2235.0,2184.0,2143.0,2080.0,2048.0,1992.0,1788.0,1761.0,2068.0,2229.0,2237.0,2185.0,2132.0,2075.0,2036.0,1996.0,1786.0,1756.0,2051.0,2123.0,2239.0,2230.0,2195.0,2116.0,2060.0,2006.0,1774.0,1733.0,2087.0,2170.0,2153.0,2113.0,2072.0,2017.0,1995.0,1957.0,1758.0,1736.0
2083.0,2037.0,2004.0,1792.0,1767.0,2086.0,2130.0,2241.0,2242.0,2211.0,2138.0,2089.0,2028.0,1816.0,1762.0,2060.0,2215.0,2232.0,2191.0,2136.0,2080.0,2035.0,2005.0,1788.0,1760.0,2163.0,2190.0,2192.0,2152.0,2120.0,1998.0,2028.0,2028.0,1840.0,1832.0,2121.0,2257.0,2259.0,2212.0,2151.0,2086.0,2042.0,1999.0,1787.0,1748.0,2065.0,2216.0,2235.0,2184.0,2143.0,2080.0,2048.0,1992.0,1788.0,1761.0,2068.0,2229.0,2237.0,2185.0,2132.0,2075.0,2036.0,1996.0,1786.0,1756.0,2051.0,2123.0,2239.0,2230.0,2195.0,2116.0,2060.0,2006.0,1774.0,1733.0,2087.0,2170.0,2153.0,2113.0,2072.0,2017.0,1995.0,1957.0,1758.0,1736.0,2034.0,2222.0,2229.0,2175.0,2118.0,2056.0,2019.0,1976.0,1765.0,1764.0,2032.0,2226.0,2226.0,2164.0,2117.0
2060.0,2215.0,2232.0,2191.0,2136.0,2080.0,2035.0,2005.0,1788.0,1760.0,2163.0,2190.0,2192.0,2152.0,2120.0,1998.0,2028.0,2028.0,1840.0,1832.0,2121.0,2257.0,2259.0,2212.0,2151.0,2086.0,2042.0,1999.0,1787.0,1748.0,2065.0,2216.0,2235.0,2184.0,2143.0,2080.0,2048.0,1992.0,1788.0,1761.0,2068.0,2229.0,2237.0,2185.0,2132.0,2075.0,2036.0,1996.0,1786.0,1756.0,2051.0,2123.0,2239.0,2230.0,2195.0,2116.0,2060.0,2006.0,1774.0,1733.0,2087.0,2170.0,2153.0,2113.0,2072.0,2017.0,1995.0,1957.0,1758.0,1736.0,2034.0,2222.0,2229.0,2175.0,2118.0,2056.0,2019.0,1976.0,1765.0,1764.0,2032.0,2226.0,2226.0,2164.0,2117.0,2053.0,2028.0,1987.0,1770.0,1742.0,2041.0,2231.0,2229.0,2176.0,2122.0,2062.0,2032.0,1993.0,1780.0,1757.0
1998.0,2028.0,2028.0,1840.0,1832.0,2121.0,2257.0,2259.0,2212.0,2151.0,2086.0,2042.0,1999.0,1787.0,1748.0,2065.0,2216.0,2235.0,2184.0,2143.0,2080.0,2048.0,1992.0,1788.0,1761.0,2068.0,2229.0,2237.0,2185.0,2132.0,2075.0,2036.0,1996.0,1786.0,1756.0,2051.0,2123.0,2239.0,2230.0,2195.0,2116.0,2060.0,2006.0,1774.0,1733.0,2087.0,2170.0,2153.0,2113.0,2072.0,2017.0,1995.0,1957.0,1758.0,1736.0,2034.0,2222.0,2229.0,2175.0,2118.0,2056.0,2019.0,1976.0,1765.0,1764.0,2032.0,2226.0,2226.0,2164.0,2117.0,2053.0,2028.0,1987.0,1770.0,1742.0,2041.0,2231.0,2229.0,2176.0,2122.0,2062.0,2032.0,1993.0,1780.0,1757.0,2048.0,2232.0,2240.0,2182.0,2136.0,2070.0,2036.0,1988.0,1784.0,1762.0,2148.0,2111.0,2200.0,2213.0,2186.0
2065.0,2216.0,2235.0,2184.0,2143.0,2080.0,2048.0,1992.0,1788.0,1761.0,2068.0,2229.0,2237.0,2185.0,2132.0,2075.0,2036.0,1996.0,1786.0,1756.0,2051.0,2123.0,2239.0,2230.0,2195.0,2116.0,2060.0,2006.0,1774.0,1733.0,2087.0,2170.0,2153.0,2113.0,2072.0,2017.0,1995.0,1957.0,1758.0,1736.0,2034.0,2222.0,2229.0,2175.0,2118.0,2056.0,2019.0,1976.0,1765.0,1764.0,2032.0,2226.0,2226.0,2164.0,2117.0,2053.0,2028.0,1987.0,1770.0,1742.0,2041.0,2231.0,2229.0,2176.0,2122.0,2062.0,2032.0,1993.0,1780.0,1757.0,2048.0,2232.0,2240.0,2182.0,2136.0,2070.0,2036.0,1988.0,1784.0,1762.0,2148.0,2111.0,2200.0,2213.0,2186.0,2127.0,2087.0,2030.0,1804.0,1758.0,2048.0,2242.0,2248.0,2184.0,2136.0,2062.0,2041.0,1988.0,1780.0,1758.0
2075.0,2036.0,1996.0,1786.0,1756.0,2051.0,2123.0,2239.0,2230.0,2195.0,2116.0,2060.0,2006.0,1774.0,1733.0,2087.0,2170.0,2153.0,2113.0,2072.0,2017.0,1995.0,1957.0,1758.0,1736.0,2034.0,2222.0,2229.0,2175.0,2118.0,2056.0,2019.0,1976.0,1765.0,1764.0,2032.0,2226.0,2226.0,2164.0,2117.0,2053.0,2028.0,1987.0,1770.0,1742.0,2041.0,2231.0,2229.0,2176.0,2122.0,2062.0,2032.0,1993.0,1780.0,1757.0,2048.0,2232.0,2240.0,2182.0,2136.0,2070.0,2036.0,1988.0,1784.0,1762.0,2148.0,2111.0,2200.0,2213.0,2186.0,2127.0,2087.0,2030.0,1804.0,1758.0,2048.0,2242.0,2248.0,2184.0,2136.0,2062.0,2041.0,1988.0,1780.0,1758.0,2053.0,2263.0,2265.0,2208.0,2156.0,2097.0,2064.0,2016.0,1810.0,1803.0,2072.0,2264.0,2279.0,2211.0,2163.0
2087.0,2170.0,2153.0,2113.0,2072.0,2017.0,1995.0,1957.0,1758.0,1736.0,2034.0,2222.0,2229.0,2175.0,2118.0,2056.0,2019.0,1976.0,1765.0,1764.0,2032.0,2226.0,2226.0,2164.0,2117.0,2053.0,2028.0,1987.0,1770.0,1742.0,2041.0,2231.0,2229.0,2176.0,2122.0,2062.0,2032.0,1993.0,1780.0,1757.0,2048.0,2232.0,2240.0,2182.0,2136.0,2070.0,2036.0,1988.0,1784.0,1762.0,2148.0,2111.0,2200.0,2213.0,2186.0,2127.0,2087.0,2030.0,1804.0,1758.0,2048.0,2242.0,2248.0,2184.0,2136.0,2062.0,2041.0,1988.0,1780.0,1758.0,2053.0,2263.0,2265.0,2208.0,2156.0,2097.0,2064.0,2016.0,1810.0,1803.0,2072.0,2264.0,2279.0,2211.0,2163.0,2099.0,2057.0,2030.0,1808.0,1778.0,2077.0,2268.0,2280.0,2217.0,2156.0,2091.0,2055.0,2020.0,1804.0,1776.0
2056.0,2019.0,1976.0,1765.0,1764.0,2032.0,2226.0,2226.0,2164.0,2117.0,2053.0,2028.0,1987.0,1770.0,1742.0,2041.0,2231.0,2229.0,2176.0,2122.0,2062.0,2032.0,1993.0,1780.0,1757.0,2048.0,2232.0,2240.0,2182.0,2136.0,2070.0,2036.0,1988.0,1784.0,1762.0,2148.0,2111.0,2200.0,2213.0,2186.0,2127.0,2087.0,2030.0,1804.0,1758.0,2048.0,2242.0,2248.0,2184.0,2136.0,2062.0,2041.0,1988.0,1780.0,1758.0,2053.0,2263.0,2265.0,2208.0,2156.0,2097.0,2064.0,2016.0,1810.0,1803.0,2072.0,2264.0,2279.0,2211.0,2163.0,2099.0,2057.0,2030.0,1808.0,1778.0,2077.0,2268.0,2280.0,2217.0,2156.0,2091.0,2055.0,2020.0,1804.0,1776.0,2137.0,2226.0,2241.0,2178.0,2135.0,2062.0,2012.0,2037.0,1841.0,1814.0,2076.0,2198.0,2323.0,2285.0,2226.0
2041.0,2231.0,2229.0,2176.0,2122.0,2062.0,2032.0,1993.0,1780.0,1757.0,2048.0,2232.0,2240.0,2182.0,2136.0,2070.0,2036.0,1988.0,1784.0,1762.0,2148.0,2111.0,2200.0,2213.0,2186.0,2127.0,2087.0,2030.0,1804.0,1758.0,2048.0,2242.0,2248.0,2184.0,2136.0,2062.0,2041.0,1988.0,1780.0,1758.0,2053.0,2263.0,2265.0,2208.0,2156.0,2097.0,2064.0,2016.0,1810.0,1803.0,2072.0,2264.0,2279.0,2211.0,2163.0,2099.0,2057.0,2030.0,1808.0,1778.0,2077.0,2268.0,2280.0,2217.0,2156.0,2091.0,2055.0,2020.0,1804.0,1776.0,2137.0,2226.0,2241.0,2178.0,2135.0,2062.0,2012.0,2037.0,1841.0,1814.0,2076.0,2198.0,2323.0,2285.0,2226.0,2140.0,2089.0,2034.0,1805.0,1868.0,2065.0,2220.0,2265.0,2201.0,2135.0,2078.0,2038.0,1997.0,1786.0,1822.0
2070.0,2036.0,1988.0,1784.0,1762.0,2148.0,2111.0,2200.0,2213.0,2186.0,2127.0,2087.0,2030.0,1804.0,1758.0,2048.0,2242.0,2248.0,2184.0,2136.0,2062.0,2041.0,1988.0,1780.0,1758.0,2053.0,2263.0,2265.0,2208.0,2156.0,2097.0,2064.0,2016.0,1810.0,1803.0,2072.0,2264.0,2279.0,2211.0,2163.0,2099.0,2057.0,2030.0,1808.0,1778.0,2077.0,2268.0,2280.0,2217.0,2156.0,2091.0,2055.0,2020.0,1804.0,1776.0,2137.0,2226.0,2241.0,2178.0,2135.0,2062.0,2012.0,2037.0,1841.0,1814.0,2076.0,2198.0,2323.0,2285.0,2226.0,2140.0,2089.0,2034.0,1805.0,1868.0,2065.0,2220.0,2265.0,2201.0,2135.0,2078.0,2038.0,1997.0,1786.0,1822.0,2069.0,2237.0,2304.0,2230.0,2170.0,2101.0,2065.0,2032.0,1816.0,1808.0,2078.0,2233.0,2288.0,2212.0,2149.0
2048.0,2242.0,2248.0,2184.0,2136.0,2062.0,2041.0,1988.0,1780.0,1758.0,2053.0,2263.0,2265.0,2208.0,2156.0,2097.0,2064.0,2016.0,1810.0,1803.0,2072.0,2264.0,2279.0,2211.0,2163.0,2099.0,2057.0,2030.0,1808.0,1778.0,2077.0,2268.0,2280.0,2217.0,2156.0,2091.0,2055.0,2020.0,1804.0,1776.0,2137.0,2226.0,2241.0,2178.0,2135.0,2062.0,2012.0,2037.0,1841.0,1814.0,2076.0,2198.0,2323.0,2285.0,2226.0,2140.0,2089.0,2034.0,1805.0,1868.0,2065.0,2220.0,2265.0,2201.0,2135.0,2078.0,2038.0,1997.0,1786.0,1822.0,2069.0,2237.0,2304.0,2230.0,2170.0,2101.0,2065.0,2032.0,1816.0,1808.0,2078.0,2233.0,2288.0,2212.0,2149.0,2083.0,2041.0,2012.0,1792.0,1760.0,2116.0,2184.0,2236.0,2169.0,2121.0,2060.0,2033.0,1994.0,1780.0,1766.0
2097.0,2064.0,2016.0,1810.0,1803.0,2072.0,2264.0,2279.0,2211.0,2163.0,2099.0,2057.0,2030.0,1808.0,1778.0,2077.0,2268.0,2280.0,2217.0,2156.0,2091.0,2055.0,2020.0,1804.0,1776.0,2137.0,2226.0,2241.0,2178.0,2135.0,2062.0,2012.0,2037.0,1841.0,1814.0,2076.0,2198.0,2323.0,2285.0,2226.0,2140.0,2089.0,2034.0,1805.0,1868.0,2065.0,2220.0,2265.0,2201.0,2135.0,2078.0,2038.0,1997.0,1786.0,1822.0,2069.0,2237.0,2304.0,2230.0,2170.0,2101.0,2065.0,2032.0,1816.0,1808.0,2078.0,2233.0,2288.0,2212.0,2149.0,2083.0,2041.0,2012.0,1792.0,1760.0,2116.0,2184.0,2236.0,2169.0,2121.0,2060.0,2033.0,1994.0,1780.0,1766.0,2060.0,2231.0,2290.0,2222.0,2148.0,2076.0,2033.0,1992.0,1784.0,1935.0,2038.0,2144.0,2296.0,2261.0,2206.0
2077.0,2268.0,2280.0,2217.0,2156.0,2091.0,2055.0,2020.0,1804.0,1776.0,2137.0,2226.0,2241.0,2178.0,2135.0,2062.0,2012.0,2037.0,1841.0,1814.0,2076.0,2198.0,2323.0,2285.0,2226.0,2140.0,2089.0,2034.0,1805.0,1868.0,2065.0,2220.0,2265.0,2201.0,2135.0,2078.0,2038.0,1997.0,1786.0,1822.0,2069.0,2237.0,2304.0,2230.0,2170.0,2101.0,2065.0,2032.0,1816.0,1808.0,2078.0,2233.0,2288.0,2212.0,2149.0,2083.0,2041.0,2012.0,1792.0,1760.0,2116.0,2184.0,2236.0,2169.0,2121.0,2060.0,2033.0,1994.0,1780.0,1766.0,2060.0,2231.0,2290.0,2222.0,2148.0,2076.0,2033.0,1992.0,1784.0,1935.0,2038.0,2144.0,2296.0,2261.0,2206.0,2124.0,2069.0,2021.0,1789.0,1757.0,2050.0,2212.0,2264.0,2203.0,2130.0,2055.0,2023.0,1984.0,1778.0,1843.0
2062.0,2012.0,2037.0,1841.0,1814.0,2076.0,2198.0,2323.0,2285.0,2226.0,2140.0,2089.0,2034.0,1805.0,1868.0,2065.0,2220.0,2265.0,2201.0,2135.0,2078.0,2038.0,1997.0,1786.0,1822.0,2069.0,2237.0,2304.0,2230.0,2170.0,2101.0,2065.0,2032.0,1816.0,1808.0,2078.0,2233.0,2288.0,2212.0,2149.0,2083.0,2041.0,2012.0,1792.0,1760.0,2116.0,2184.0,2236.0,2169.0,2121.0,2060.0,2033.0,1994.0,1780.0,1766.0,2060.0,2231.0,2290.0,2222.0,2148.0,2076.0,2033.0,1992.0,1784.0,1935.0,2038.0,2144.0,2296.0,2261.0,2206.0,2124.0,2069.0,2021.0,1789.0,1757.0,2050.0,2212.0,2264.0,2203.0,2130.0,2055.0,2023.0,1984.0,1778.0,1843.0,2040.0,2204.0,2254.0,2205.0,2128.0,2053.0,2012.0,1979.0,1765.0,1760.0,2107.0,2168.0,2201.0,2160.0,2099.0
2065.0,2220.0,2265.0,2201.0,2135.0,2078.0,2038.0,1997.0,1786.0,1822.0,2069.0,2237.0,2304.0,2230.0,2170.0,2101.0,2065.0,2032.0,1816.0,1808.0,2078.0,2233.0,2288.0,2212.0,2149.0,2083.0,2041.0,2012.0,1792.0,1760.0,2116.0,2184.0,2236.0,2169.0,2121.0,2060.0,2033.0,1994.0,1780.0,1766.0,2060.0,2231.0,2290.0,2222.0,2148.0,2076.0,2033.0,1992.0,1784.0,1935.0,2038.0,2144.0,2296.0,2261.0,2206.0,2124.0,2069.0,2021.0,1789.0,1757.0,2050.0,2212.0,2264.0,2203.0,2130.0,2055.0,2023.0,1984.0,1778.0,1843.0,2040.0,2204.0,2254.0,2205.0,2128.0,2053.0,2012.0,1979.0,1765.0,1760.0,2107.0,2168.0,2201.0,2160.0,2099.0,2029.0,2001.0,1958.0,1760.0,1791.0,2044.0,2194.0,2224.0,2206.0,2128.0,2056.0,2006.0,1972.0,1764.0,1835.0
2101.0,2065.0,2032.0,1816.0,1808.0,2078.0,2233.0,2288.0,2212.0,2149.0,2083.0,2041.0,2012.0,1792.0,1760.0,2116.0,2184.0,2236.0,2169.0,2121.0,2060.0,2033.0,1994.0,1780.0,1766.0,2060.0,2231.0,2290.0,2222.0,2148.0,2076.0,2033.0,1992.0,1784.0,1935.0,2038.0,2144.0,2296.0,2261.0,2206.0,2124.0,2069.0,2021.0,1789.0,1757.0,2050.0,2212.0,2264.0,2203.0,2130.0,2055.0,2023.0,1984.0,1778.0,1843.0,2040.0,2204.0,2254.0,2205.0,2128.0,2053.0,2012.0,1979.0,1765.0,1760.0,2107.0,2168.0,2201.0,2160.0,2099.0,2029.0,2001.0,1958.0,1760.0,1791.0,2044.0,2194.0,2224.0,2206.0,2128.0,2056.0,2006.0,1972.0,1764.0,1835.0,2036.0,2191.0,2224.0,2197.0,2128.0,2050.0,2012.0,1972.0,1768.0,1924.0,2025.0,2141.0,2246.0,2268.0,2197.0
2116.0,2184.0,2236.0,2169.0,2121.0,2060.0,2033.0,1994.0,1780.0,1766.0,2060.0,2231.0,2290.0,2222.0,2148.0,2076.0,2033.0,1992.0,1784.0,1935.0,2038.0,2144.0,2296.0,2261.0,2206.0,2124.0,2069.0,2021.0,1789.0,1757.0,2050.0,2212.0,2264.0,2203.0,2130.0,2055.0,2023.0,1984.0,1778.0,1843.0,2040.0,2204.0,2254.0,2205.0,2128.0,2053.0,2012.0,1979.0,1765.0,1760.0,2107.0,2168.0,2201.0,2160.0,2099.0,2029.0,2001.0,1958.0,1760.0,1791.0,2044.0,2194.0,2224.0,2206.0,2128.0,2056.0,2006.0,1972.0,1764.0,1835.0,2036.0,2191.0,2224.0,2197.0,2128.0,2050.0,2012.0,1972.0,1768.0,1924.0,2025.0,2141.0,2246.0,2268.0,2197.0,2113.0,2051.0,1991.0,1778.0,1840.0,2034.0,2185.0,2212.0,2186.0,2117.0,2036.0,1994.0,1952.0,1738.0,1708.0
2076.0,2033.0,1992.0,1784.0,1935.0,2038.0,2144.0,2296.0,2261.0,2206.0,2124.0,2069.0,2021.0,1789.0,1757.0,2050.0,2212.0,2264.0,2203.0,2130.0,2055.0,2023.0,1984.0,1778.0,1843.0,2040.0,2204.0,2254.0,2205.0,2128.0,2053.0,2012.0,1979.0,1765.0,1760.0,2107.0,2168.0,2201.0,2160.0,2099.0,2029.0,2001.0,1958.0,1760.0,1791.0,2044.0,2194.0,2224.0,2206.0,2128.0,2056.0,2006.0,1972.0,1764.0,1835.0,2036.0,2191.0,2224.0,2197.0,2128.0,2050.0,2012.0,1972.0,1768.0,1924.0,2025.0,2141.0,2246.0,2268.0,2197.0,2113.0,2051.0,1991.0,1778.0,1840.0,2034.0,2185.0,2212.0,2186.0,2117.0,2036.0,1994.0,1952.0,1738.0,1708.0,2071.0,2146.0,2165.0,2162.0,2104.0,2029.0,1968.0,1978.0,1796.0,1803.0,2086.0,2220.0,2258.0,3072.0,3082.0
2050.0,2212.0,2264.0,2203.0,2130.0,2055.0,2023.0,1984.0,1778.0,1843.0,2040.0,2204.0,2254.0,2205.0,2128.0,2053.0,2012.0,1979.0,1765.0,1760.0,2107.0,2168.0,2201.0,2160.0,2099.0,2029.0,2001.0,1958.0,1760.0,1791.0,2044.0,2194.0,2224.0,2206.0,2128.0,2056.0,2006.0,1972.0,1764.0,1835.0,2036.0,2191.0,2224.0,2197.0,2128.0,2050.0,2012.0,1972.0,1768.0,1924.0,2025.0,2141.0,2246.0,2268.0,2197.0,2113.0,2051.0,1991.0,1778.0,1840.0,2034.0,2185.0,2212.0,2186.0,2117.0,2036.0,1994.0,1952.0,1738.0,1708.0,2071.0,2146.0,2165.0,2162.0,2104.0,2029.0,1968.0,1978.0,1796.0,1803.0,2086.0,2220.0,2258.0,3072.0,3082.0,2624.0,1696.0,923.0,303.0,279.0,556.0,887.0,1103.0,1296.0,1406.0,1489.0,1581.0,1651.0,1541.0,1705.0
2053.0,2012.0,1979.0,1765.0,1760.0,2107.0,2168.0,2201.0,2160.0,2099.0,2029.0,2001.0,1958.0,1760.0,1791.0,2044.0,2194.0,2224.0,2206.0,2128.0,2056.0,2006.0,1972.0,1764.0,1835.0,2036.0,2191.0,2224.0,2197.0,2128.0,2050.0,2012.0,1972.0,1768.0,1924.0,2025.0,2141.0,2246.0,2268.0,2197.0,2113.0,2051.0,1991.0,1778.0,1840.0,2034.0,2185.0,2212.0,2186.0,2117.0,2036.0,1994.0,1952.0,1738.0,1708.0,2071.0,2146.0,2165.0,2162.0,2104.0,2029.0,1968.0,1978.0,1796.0,1803.0,2086.0,2220.0,2258.0,3072.0,3082.0,2624.0,1696.0,923.0,303.0,279.0,556.0,887.0,1103.0,1296.0,1406.0,1489.0,1581.0,1651.0,1541.0,1705.0,1956.0,2149.0,2219.0,2233.0,2188.0,2129.0,2093.0,2064.0,1858.0,2018.0,2121.0,2241.0,2358.0,2368.0,2325.0
2044.0,2194.0,2224.0,2206.0,2128.0,2056.0,2006.0,1972.0,1764.0,1835.0,2036.0,2191.0,2224.0,2197.0,2128.0,2050.0,2012.0,1972.0,1768.0,1924.0,2025.0,2141.0,2246.0,2268.0,2197.0,2113.0,2051.0,1991.0,1778.0,1840.0,2034.0,2185.0,2212.0,2186.0,2117.0,2036.0,1994.0,1952.0,1738.0,1708.0,2071.0,2146.0,2165.0,2162.0,2104.0,2029.0,1968.0,1978.0,1796.0,1803.0,2086.0,2220.0,2258.0,3072.0,3082.0,2624.0,1696.0,923.0,303.0,279.0,556.0,887.0,1103.0,1296.0,1406.0,1489.0,1581.0,1651.0,1541.0,1705.0,1956.0,2149.0,2219.0,2233.0,2188.0,2129.0,2093.0,2064.0,1858.0,2018.0,2121.0,2241.0,2358.0,2368.0,2325.0,2232.0,2171.0,2112.0,1846.0,2090.0,2136.0,2242.0,2336.0,2463.0,2489.0,2401.0,2299.0,2197.0,1941.0,1976.0
2050.0,2012.0,1972.0,1768.0,1924.0,2025.0,2141.0,2246.0,2268.0,2197.0,2113.0,2051.0,1991.0,1778.0,1840.0,2034.0,2185.0,2212.0,2186.0,2117.0,2036.0,1994.0,1952.0,1738.0,1708.0,2071.0,2146.0,2165.0,2162.0,2104.0,2029.0,1968.0,1978.0,1796.0,1803.0,2086.0,2220.0,2258.0,3072.0,3082.0,2624.0,1696.0,923.0,303.0,279.0,556.0,887.0,1103.0,1296.0,1406.0,1489.0,1581.0,1651.0,1541.0,1705.0,1956.0,2149.0,2219.0,2233.0,2188.0,2129.0,2093.0,2064.0,1858.0,2018.0,2121.0,2241.0,2358.0,2368.0,2325.0,2232.0,2171.0,2112.0,1846.0,2090.0,2136.0,2242.0,2336.0,2463.0,2489.0,2401.0,2299.0,2197.0,1941.0,1976.0,2155.0,2266.0,2272.0,2209.0,2186.0,2086.0,2040.0,1995.0,1786.0,1787.0,2064.0,2224.0,2252.0,2220.0,2194.0
2034.0,2185.0,2212.0,2186.0,2117.0,2036.0,1994.0,1952.0,1738.0,1708.0,2071.0,2146.0,2165.0,2162.0,2104.0,2029.0,1968.0,1978.0,1796.0,1803.0,2086.0,2220.0,2258.0,3072.0,3082.0,2624.0,1696.0,923.0,303.0,279.0,556.0,887.0,1103.0,1296.0,1406.0,1489.0,1581.0,1651.0,1541.0,1705.0,1956.0,2149.0,2219.0,2233.0,2188.0,2129.0,2093.0,2064.0,1858.0,2018.0,2121.0,2241.0,2358.0,2368.0,2325.0,2232.0,2171.0,2112.0,1846.0,2090.0,2136.0,2242.0,2336.0,2463.0,2489.0,2401.0,2299.0,2197.0,1941.0,1976.0,2155.0,2266.0,2272.0,2209.0,2186.0,2086.0,2040.0,1995.0,1786.0,1787.0,2064.0,2224.0,2252.0,2220.0,2194.0,2113.0,2065.0,2034.0,1814.0,1898.0,2109.0,2264.0,2297.0,2250.0,2230.0,2144.0,2096.0,2048.0,1824.0,1919.0
2029.0,1968.0,1978.0,1796.0,1803.0,2086.0,2220.0,2258.0,3072.0,3082.0,2624.0,1696.0,923.0,303.0,279.0,556.0,887.0,1103.0,1296.0,1406.0,1489.0,1581.0,1651.0,1541.0,1705.0,1956.0,2149.0,2219.0,2233.0,2188.0,2129.0,2093.0,2064.0,1858.0,2018.0,2121.0,2241.0,2358.0,2368.0,2325.0,2232.0,2171.0,2112.0,1846.0,2090.0,2136.0,2242.0,2336.0,2463.0,2489.0,2401.0,2299.0,2197.0,1941.0,1976.0,2155.0,2266.0,2272.0,2209.0,2186.0,2086.0,2040.0,1995.0,1786.0,1787.0,2064.0,2224.0,2252.0,2220.0,2194.0,2113.0,2065.0,2034.0,1814.0,1898.0,2109.0,2264.0,2297.0,2250.0,2230.0,2144.0,2096.0,2048.0,1824.0,1919.0,2116.0,2266.0,2294.0,2252.0,2240.0,2160.0,2104.0,2067.0,1848.0,2220.0,2229.0,2150.0,2269.0,2284.0,2291.0
556.0,887.0,1103.0,1296.0,1406.0,1489.0,1581.0,1651.0,1541.0,1705.0,1956.0,2149.0,2219.0,2233.0,2188.0,2129.0,2093.0,2064.0,1858.0,2018.0,2121.0,2241.0,2358.0,2368.0,2325.0,2232.0,2171.0,2112.0,1846.0,2090.0,2136.0,2242.0,2336.0,2463.0,2489.0,2401.0,2299.0,2197.0,1941.0,1976.0,2155.0,2266.0,2272.0,2209.0,2186.0,2086.0,2040.0,1995.0,1786.0,1787.0,2064.0,2224.0,2252.0,2220.0,2194.0,2113.0,2065.0,2034.0,1814.0,1898.0,2109.0,2264.0,2297.0,2250.0,2230.0,2144.0,2096.0,2048.0,1824.0,1919.0,2116.0,2266.0,2294.0,2252.0,2240.0,2160.0,2104.0,2067.0,1848.0,2220.0,2229.0,2150.0,2269.0,2284.0,2291.0,2203.0,2136.0,2080.0,1846.0,1931.0,2128.0,2276.0,2302.0,2254.0,2241.0,2144.0,2085.0,2032.0,1816.0,1902.0
2129.0,2093.0,2064.0,1858.0,2018.0,2121.0,2241.0,2358.0,2368.0,2325.0,2232.0,2171.0,2112.0,1846.0,2090.0,2136.0,2242.0,2336.0,2463.0,2489.0,2401.0,2299.0,2197.0,1941.0,1976.0,2155.0,2266.0,2272.0,2209.0,2186.0,2086.0,2040.0,1995.0,1786.0,1787.0,2064.0,2224.0,2252.0,2220.0,2194.0,2113.0,2065.0,2034.0,1814.0,1898.0,2109.0,2264.0,2297.0,2250.0,2230.0,2144.0,2096.0,2048.0,1824.0,1919.0,2116.0,2266.0,2294.0,2252.0,2240.0,2160.0,2104.0,2067.0,1848.0,2220.0,2229.0,2150.0,2269.0,2284.0,2291.0,2203.0,2136.0,2080.0,1846.0,1931.0,2128.0,2276.0,2302.0,2254.0,2241.0,2144.0,2085.0,2032.0,1816.0,1902.0,2112.0,2257.0,2288.0,2238.0,2266.0,2096.0,2045.0,2016.0,1811.0,1836.0,2129.0,2291.0,2306.0,2255.0,2240.0
2136.0,2242.0,2336.0,2463.0,2489.0,2401.0,2299.0,2197.0,1941.0,1976.0,2155.0,2266.0,2272.0,2209.0,2186.0,2086.0,2040.0,1995.0,1786.0,1787.0,2064.0,2224.0,2252.0,2220.0,2194.0,2113.0,2065.0,2034.0,1814.0,1898.0,2109.0,2264.0,2297.0,2250.0,2230.0,2144.0,2096.0,2048.0,1824.0,1919.0,2116.0,2266.0,2294.0,2252.0,2240.0,2160.0,2104.0,2067.0,1848.0,2220.0,2229.0,2150.0,2269.0,2284.0,2291.0,2203.0,2136.0,2080.0,1846.0,1931.0,2128.0,2276.0,2302.0,2254.0,2241.0,2144.0,2085.0,2032.0,1816.0,1902.0,2112.0,2257.0,2288.0,2238.0,2266.0,2096.0,2045.0,2016.0,1811.0,1836.0,2129.0,2291.0,2306.0,2255.0,2240.0,2144.0,2084.0,2025.0,1806.0,1884.0,2097.0,2247.0,2268.0,2225.0,2200.0,2135.0,2071.0,2017.0,1792.0,2114.0
2086.0,2040.0,1995.0,1786.0,1787.0,2064.0,2224.0,2252.0,2220.0,2194.0,2113.0,2065.0,2034.0,1814.0,1898.0,2109.0,2264.0,2297.0,2250.0,2230.0,2144.0,2096.0,2048.0,1824.0,1919.0,2116.0,2266.0,2294.0,2252.0,2240.0,2160.0,2104.0,2067.0,1848.0,2220.0,2229.0,2150.0,2269.0,2284.0,2291.0,2203.0,2136.0,2080.0,1846.0,1931.0,2128.0,2276.0,2302.0,2254.0,2241.0,2144.0,2085.0,2032.0,1816.0,1902.0,2112.0,2257.0,2288.0,2238.0,2266.0,2096.0,2045.0,2016.0,1811.0,1836.0,2129.0,2291.0,2306.0,2255.0,2240.0,2144.0,2084.0,2025.0,1806.0,1884.0,2097.0,2247.0,2268.0,2225.0,2200.0,2135.0,2071.0,2017.0,1792.0,2114.0,2151.0,2204.0,2224.0,2177.0,2162.0,2126.0,2016.0,2024.0,1835.0,2001.0,2103.0,2203.0,2305.0,2299.0,2248.0
2109.0,2264.0,2297.0,2250.0,2230.0,2144.0,2096.0,2048.0,1824.0,1919.0,2116.0,2266.0,2294.0,2252.0,2240.0,2160.0,2104.0,2067.0,1848.0,2220.0,2229.0,2150.0,2269.0,2284.0,2291.0,2203.0,2136.0,2080.0,1846.0,1931.0,2128.0,2276.0,2302.0,2254.0,2241.0,2144.0,2085.0,2032.0,1816.0,1902.0,2112.0,2257.0,2288.0,2238.0,2266.0,2096.0,2045.0,2016.0,1811.0,1836.0,2129.0,2291.0,2306.0,2255.0,2240.0,2144.0,2084.0,2025.0,1806.0,1884.0,2097.0,2247.0,2268.0,2225.0,2200.0,2135.0,2071.0,2017.0,1792.0,2114.0,2151.0,2204.0,2224.0,2177.0,2162.0,2126.0,2016.0,2024.0,1835.0,2001.0,2103.0,2203.0,2305.0,2299.0,2248.0,2188.0,2103.0,2040.0,1803.0,1871.0,2084.0,2221.0,2249.0,2193.0,2148.0,2111.0,2048.0,1986.0,1758.0,1852.0
2160.0,2104.0,2067.0,1848.0,2220.0,2229.0,2150.0,2269.0,2284.0,2291.0,2203.0,2136.0,2080.0,1846.0,1931.0,2128.0,2276.0,2302.0,2254.0,2241.0,2144.0,2085.0,2032.0,1816.0,1902.0,2112.0,2257.0,2288.0,2238.0,2266.0,2096.0,2045.0,2016.0,1811.0,1836.0,2129.0,2291.0,2306.0,2255.0,2240.0,2144.0,2084.0,2025.0,1806.0,1884.0,2097.0,2247.0,2268.0,2225.0,2200.0,2135.0,2071.0,2017.0,1792.0,2114.0,2151.0,2204.0,2224.0,2177.0,2162.0,2126.0,2016.0,2024.0,1835.0,2001.0,2103.0,2203.0,2305.0,2299.0,2248.0,2188.0,2103.0,2040.0,1803.0,1871.0,2084.0,2221.0,2249.0,2193.0,2148.0,2111.0,2048.0,1986.0,1758.0,1852.0,2065.0,2218.0,2243.0,2201.0,2149.0,2108.0,2042.0,1984.0,1768.0,1872.0,2075.0,2207.0,2236.0,2186.0,2150.0
2128.0,2276.0,2302.0,2254.0,2241.0,2144.0,2085.0,2032.0,1816.0,1902.0,2112.0,2257.0,2288.0,2238.0,2266.0,2096.0,2045.0,2016.0,1811.0,1836.0,2129.0,2291.0,2306.0,2255.0,2240.0,2144.0,2084.0,2025.0,1806.0,1884.0,2097.0,2247.0,2268.0,2225.0,2200.0,2135.0,2071.0,2017.0,1792.0,2114.0,2151.0,2204.0,2224.0,2177.0,2162.0,2126.0,2016.0,2024.0,1835.0,2001.0,2103.0,2203.0,2305.0,2299.0,2248.0,2188.0,2103.0,2040.0,1803.0,1871.0,2084.0,2221.0,2249.0,2193.0,2148.0,2111.0,2048.0,1986.0,1758.0,1852.0,2065.0,2218.0,2243.0,2201.0,2149.0,2108.0,2042.0,1984.0,1768.0,1872.0,2075.0,2207.0,2236.0,2186.0,2150.0,2115.0,2048.0,1989.0,1764.0,2084.0,2124.0,2184.0,2196.0,2168.0,2134.0,2101.0,2050.0,1984.0,1776.0,1865.0
2096.0,2045.0,2016.0,1811.0,1836.0,2129.0,2291.0,2306.0,2255.0,2240.0,2144.0,2084.0,2025.0,1806.0,1884.0,2097.0,2247.0,2268.0,2225.0,2200.0,2135.0,2071.0,2017.0,1792.0,2114.0,2151.0,2204.0,2224.0,2177.0,2162.0,2126.0,2016.0,2024.0,1835.0,2001.0,2103.0,2203.0,2305.0,2299.0,2248.0,2188.0,2103.0,2040.0,1803.0,1871.0,2084.0,2221.0,2249.0,2193.0,2148.0,2111.0,2048.0,1986.0,1758.0,1852.0,2065.0,2218.0,2243.0,2201.0,2149.0,2108.0,2042.0,1984.0,1768.0,1872.0,2075.0,2207.0,2236.0,2186.0,2150.0,2115.0,2048.0,1989.0,1764.0,2084.0,2124.0,2184.0,2196.0,2168.0,2134.0,2101.0,2050.0,1984.0,1776.0,1865.0,2087.0,2224.0,2252.0,2203.0,2152.0,2126.0,2052.0,1984.0,1761.0,1916.0,2039.0,2155.0,2262.0,2249.0,2204.0
2097.0,2247.0,2268.0,2225.0,2200.0,2135.0,2071.0,2017.0,1792.0,2114.0,2151.0,2204.0,2224.0,2177.0,2162.0,2126.0,2016.0,2024.0,1835.0,2001.0,2103.0,2203.0,2305.0,2299.0,2248.0,2188.0,2103.0,2040.0,1803.0,1871.0,2084.0,2221.0,2249.0,2193.0,2148.0,2111.0,2048.0,1986.0,1758.0,1852.0,2065.0,2218.0,2243.0,2201.0,2149.0,2108.0,2042.0,1984.0,1768.0,1872.0,2075.0,2207.0,2236.0,2186.0,2150.0,2115.0,2048.0,1989.0,1764.0,2084.0,2124.0,2184.0,2196.0,2168.0,2134.0,2101.0,2050.0,1984.0,1776.0,1865.0,2087.0,2224.0,2252.0,2203.0,2152.0,2126.0,2052.0,1984.0,1761.0,1916.0,2039.0,2155.0,2262.0,2249.0,2204.0,2158.0,2086.0,2008.0,1776.0,1852.0,2075.0,2204.0,2224.0,2173.0,2124.0,2100.0,2040.0,1976.0,1756.0,1841.0
2126.0,2016.0,2024.0,1835.0,2001.0,2103.0,2203.0,2305.0,2299.0,2248.0,2188.0,2103.0,2040.0,1803.0,1871.0,2084.0,2221.0,2249.0,2193.0,2148.0,2111.0,2048.0,1986.0,1758.0,1852.0,2065.0,2218.0,2243.0,2201.0,2149.0,2108.0,2042.0,1984.0,1768.0,1872.0,2075.0,2207.0,2236.0,2186.0,2150.0,2115.0,2048.0,1989.0,1764.0,2084.0,2124.0,2184.0,2196.0,2168.0,2134.0,2101.0,2050.0,1984.0,1776.0,1865.0,2087.0,2224.0,2252.0,2203.0,2152.0,2126.0,2052.0,1984.0,1761.0,1916.0,2039.0,2155.0,2262.0,2249.0,2204.0,2158.0,2086.0,2008.0,1776.0,1852.0,2075.0,2204.0,2224.0,2173.0,2124.0,2100.0,2040.0,1976.0,1756.0,1841.0,2060.0,2200.0,2228.0,2172.0,2132.0,2086.0,2040.0,1969.0,1744.0,2072.0,2094.0,2156.0,2171.0,2136.0,2108.0
2084.0,2221.0,2249.0,2193.0,2148.0,2111.0,2048.0,1986.0,1758.0,1852.0,2065.0,2218.0,2243.0,2201.0,2149.0,2108.0,2042.0,1984.0,1768.0,1872.0,2075.0,2207.0,2236.0,2186.0,2150.0,2115.0,2048.0,1989.0,1764.0,2084.0,2124.0,2184.0,2196.0,2168.0,2134.0,2101.0,2050.0,1984.0,1776.0,1865.0,2087.0,2224.0,2252.0,2203.0,2152.0,2126.0,2052.0,1984.0,1761.0,1916.0,2039.0,2155.0,2262.0,2249.0,2204.0,2158.0,2086.0,2008.0,1776.0,1852.0,2075.0,2204.0,2224.0,2173.0,2124.0,2100.0,2040.0,1976.0,1756.0,1841.0,2060.0,2200.0,2228.0,2172.0,2132.0,2086.0,2040.0,1969.0,1744.0,2072.0,2094.0,2156.0,2171.0,2136.0,2108.0,2082.0,2044.0,1988.0,1761.0,1850.0,2070.0,2216.0,2246.0,2197.0,2156.0,2091.0,2066.0,1990.0,1764.0,1854.0
2108.0,2042.0,1984.0,1768.0,1872.0,2075.0,2207.0,2236.0,2186.0,2150.0,2115.0,2048.0,1989.0,1764.0,2084.0,2124.0,2184.0,2196.0,2168.0,2134.0,2101.0,2050.0,1984.0,1776.0,1865.0,2087.0,2224.0,2252.0,2203.0,2152.0,2126.0,2052.0,1984.0,1761.0,1916.0,2039.0,2155.0,2262.0,2249.0,2204.0,2158.0,2086.0,2008.0,1776.0,1852.0,2075.0,2204.0,2224.0,2173.0,2124.0,2100.0,2040.0,1976.0,1756.0,1841.0,2060.0,2200.0,2228.0,2172.0,2132.0,2086.0,2040.0,1969.0,1744.0,2072.0,2094.0,2156.0,2171.0,2136.0,2108.0,2082.0,2044.0,1988.0,1761.0,1850.0,2070.0,2216.0,2246.0,2197.0,2156.0,2091.0,2066.0,1990.0,1764.0,1854.0,2060.0,2220.0,2242.0,2193.0,2144.0,2088.0,2065.0,2001.0,1772.0,1928.0,2040.0,2158.0,2275.0,2256.0,2216.0
2124.0,2184.0,2196.0,2168.0,2134.0,2101.0,2050.0,1984.0,1776.0,1865.0,2087.0,2224.0,2252.0,2203.0,2152.0,2126.0,2052.0,1984.0,1761.0,1916.0,2039.0,2155.0,2262.0,2249.0,2204.0,2158.0,2086.0,2008.0,1776.0,1852.0,2075.0,2204.0,2224.0,2173.0,2124.0,2100.0,2040.0,1976.0,1756.0,1841.0,2060.0,2200.0,2228.0,2172.0,2132.0,2086.0,2040.0,1969.0,1744.0,2072.0,2094.0,2156.0,2171.0,2136.0,2108.0,2082.0,2044.0,1988.0,1761.0,1850.0,2070.0,2216.0,2246.0,2197.0,2156.0,2091.0,2066.0,1990.0,1764.0,1854.0,2060.0,2220.0,2242.0,2193.0,2144.0,2088.0,2065.0,2001.0,1772.0,1928.0,2040.0,2158.0,2275.0,2256.0,2216.0,2140.0,2107.0,2032.0,1782.0,1856.0,2054.0,2210.0,2224.0,2181.0,2128.0,2064.0,2058.0,1978.0,1761.0,2071.0
2126.0,2052.0,1984.0,1761.0,1916.0,2039.0,2155.0,2262.0,2249.0,2204.0,2158.0,2086.0,2008.0,1776.0,1852.0,2075.0,2204.0,2224.0,2173.0,2124.0,2100.0,2040.0,1976.0,1756.0,1841.0,2060.0,2200.0,2228.0,2172.0,2132.0,2086.0,2040.0,1969.0,1744.0,2072.0,2094.0,2156.0,2171.0,2136.0,2108.0,2082.0,2044.0,1988.0,1761.0,1850.0,2070.0,2216.0,2246.0,2197.0,2156.0,2091.0,2066.0,1990.0,1764.0,1854.0,2060.0,2220.0,2242.0,2193.0,2144.0,2088.0,2065.0,2001.0,1772.0,1928.0,2040.0,2158.0,2275.0,2256.0,2216.0,2140.0,2107.0,2032.0,1782.0,1856.0,2054.0,2210.0,2224.0,2181.0,2128.0,2064.0,2058.0,1978.0,1761.0,2071.0,2120.0,2179.0,2198.0,2156.0,2121.0,2076.0,2020.0,2022.0,1814.0,1921.0,2112.0,2258.0,2267.0,2210.0,2155.0
2075.0,2204.0,2224.0,2173.0,2124.0,2100.0,2040.0,1976.0,1756.0,1841.0,2060.0,2200.0,2228.0,2172.0,2132.0,2086.0,2040.0,1969.0,1744.0,2072.0,2094.0,2156.0,2171.0,2136.0,2108.0,2082.0,2044.0,1988.0,1761.0,1850.0,2070.0,2216.0,2246.0,2197.0,2156.0,2091.0,2066.0,1990.0,1764.0,1854.0,2060.0,2220.0,2242.0,2193.0,2144.0,2088.0,2065.0,2001.0,1772.0,1928.0,2040.0,2158.0,2275.0,2256.0,2216.0,2140.0,2107.0,2032.0,1782.0,1856.0,2054.0,2210.0,2224.0,2181.0,2128.0,2064.0,2058.0,1978.0,1761.0,2071.0,2120.0,2179.0,2198.0,2156.0,2121.0,2076.0,2020.0,2022.0,1814.0,1921.0,2112.0,2258.0,2267.0,2210.0,2155.0,2082.0,2071.0,1997.0,1762.0,1842.0,2074.0,2214.0,2229.0,2181.0,2137.0,2083.0,2078.0,2012.0,1778.0,1857.0
2086.0,2040.0,1969.0,1744.0,2072.0,2094.0,2156.0,2171.0,2136.0,2108.0,2082.0,2044.0,1988.0,1761.0,1850.0,2070.0,2216.0,2246.0,2197.0,2156.0,2091.0,2066.0,1990.0,1764.0,1854.0,2060.0,2220.0,2242.0,2193.0,2144.0,2088.0,2065.0,2001.0,1772.0,1928.0,2040.0,2158.0,2275.0,2256.0,2216.0,2140.0,2107.0,2032.0,1782.0,1856.0,2054.0,2210.0,2224.0,2181.0,2128.0,2064.0,2058.0,1978.0,1761.0,2071.0,2120.0,2179.0,2198.0,2156.0,2121.0,2076.0,2020.0,2022.0,1814.0,1921.0,2112.0,2258.0,2267.0,2210.0,2155.0,2082.0,2071.0,1997.0,1762.0,1842.0,2074.0,2214.0,2229.0,2181.0,2137.0,2083.0,2078.0,2012.0,1778.0,1857.0,2079.0,2226.0,2252.0,2202.0,2161.0,2096.0,2091.0,2020.0,1788.0,1936.0,2033.0,2161.0,2266.0,2252.0,2206.0
2070.0,2216.0,2246.0,2197.0,2156.0,2091.0,2066.0,1990.0,1764.0,1854.0,2060.0,2220.0,2242.0,2193.0,2144.0,2088.0,2065.0,2001.0,1772.0,1928.0,2040.0,2158.0,2275.0,2256.0,2216.0,2140.0,2107.0,2032.0,1782.0,1856.0,2054.0,2210.0,2224.0,2181.0,2128.0,2064.0,2058.0,1978.0,1761.0,2071.0,2120.0,2179.0,2198.0,2156.0,2121.0,2076.0,2020.0,2022.0,1814.0,1921.0,2112.0,2258.0,2267.0,2210.0,2155.0,2082.0,2071.0,1997.0,1762.0,1842.0,2074.0,2214.0,2229.0,2181.0,2137.0,2083.0,2078.0,2012.0,1778.0,1857.0,2079.0,2226.0,2252.0,2202.0,2161.0,2096.0,2091.0,2020.0,1788.0,1936.0,2033.0,2161.0,2266.0,2252.0,2206.0,2138.0,2104.0,2038.0,1782.0,2068.0,2109.0,2164.0,2186.0,2142.0,2112.0,2061.0,2052.0,2004.0,1778.0,1807.0
2088.0,2065.0,2001.0,1772.0,1928.0,2040.0,2158.0,2275.0,2256.0,2216.0,2140.0,2107.0,2032.0,1782.0,1856.0,2054.0,2210.0,2224.0,2181.0,2128.0,2064.0,2058.0,1978.0,1761.0,2071.0,2120.0,2179.0,2198.0,2156.0,2121.0,2076.0,2020.0,2022.0,1814.0,1921.0,2112.0,2258.0,2267.0,2210.0,2155.0,2082.0,2071.0,1997.0,1762.0,1842.0,2074.0,2214.0,2229.0,2181.0,2137.0,2083.0,2078.0,2012.0,1778.0,1857.0,2079.0,2226.0,2252.0,2202.0,2161.0,2096.0,2091.0,2020.0,1788.0,1936.0,2033.0,2161.0,2266.0,2252.0,2206.0,2138.0,2104.0,2038.0,1782.0,2068.0,2109.0,2164.0,2186.0,2142.0,2112.0,2061.0,2052.0,2004.0,1778.0,1807.0,2064.0,2224.0,2253.0,2206.0,2157.0,2096.0,2058.0,2018.0,1777.0,1866.0,2057.0,2208.0,2242.0,2186.0,2146.0
2054.0,2210.0,2224.0,2181.0,2128.0,2064.0,2058.0,1978.0,1761.0,2071.0,2120.0,2179.0,2198.0,2156.0,2121.0,2076.0,2020.0,2022.0,1814.0,1921.0,2112.0,2258.0,2267.0,2210.0,2155.0,2082.0,2071.0,1997.0,1762.0,1842.0,2074.0,2214.0,2229.0,2181.0,2137.0,2083.0,2078.0,2012.0,1778.0,1857.0,2079.0,2226.0,2252.0,2202.0,2161.0,2096.0,2091.0,2020.0,1788.0,1936.0,2033.0,2161.0,2266.0,2252.0,2206.0,2138.0,2104.0,2038.0,1782.0,2068.0,2109.0,2164.0,2186.0,2142.0,2112.0,2061.0,2052.0,2004.0,1778.0,1807.0,2064.0,2224.0,2253.0,2206.0,2157.0,2096.0,2058.0,2018.0,1777.0,1866.0,2057.0,2208.0,2242.0,2186.0,2146.0,2085.0,2044.0,2023.0,1780.0,1853.0,2074.0,2216.0,2236.0,2191.0,2144.0,2075.0,2040.0,2022.0,1790.0,1859.0
2076.0,2020.0,2022.0,1814.0,1921.0,2112.0,2258.0,2267.0,2210.0,2155.0,2082.0,2071.0,1997.0,1762.0,1842.0,2074.0,2214.0,2229.0,2181.0,2137.0,2083.0,2078.0,2012.0,1778.0,1857.0,2079.0,2226.0,2252.0,2202.0,2161.0,2096.0,2091.0,2020.0,1788.0,1936.0,2033.0,2161.0,2266.0,2252.0,2206.0,2138.0,2104.0,2038.0,1782.0,2068.0,2109.0,2164.0,2186.0,2142.0,2112.0,2061.0,2052.0,2004.0,1778.0,1807.0,2064.0,2224.0,2253.0,2206.0,2157.0,2096.0,2058.0,2018.0,1777.0,1866.0,2057.0,2208.0,2242.0,2186.0,2146.0,2085.0,2044.0,2023.0,1780.0,1853.0,2074.0,2216.0,2236.0,2191.0,2144.0,2075.0,2040.0,2022.0,1790.0,1859.0,2082.0,2211.0,2249.0,2196.0,2145.0,2084.0,2043.0,2035.0,1783.0,2134.0,2150.0,2080.0,2198.0,2205.0,2181.0
2074.0,2214.0,2229.0,2181.0,2137.0,2083.0,2078.0,2012.0,1778.0,1857.0,2079.0,2226.0,2252.0,2202.0,2161.0,2096.0,2091.0,2020.0,1788.0,1936.0,2033.0,2161.0,2266.0,2252.0,2206.0,2138.0,2104.0,2038.0,1782.0,2068.0,2109.0,2164.0,2186.0,2142.0,2112.0,2061.0,2052.0,2004.0,1778.0,1807.0,2064.0,2224.0,2253.0,2206.0,2157.0,2096.0,2058.0,2018.0,1777.0,1866.0,2057.0,2208.0,2242.0,2186.0,2146.0,2085.0,2044.0,2023.0,1780.0,1853.0,2074.0,2216.0,2236.0,2191.0,2144.0,2075.0,2040.0,2022.0,1790.0,1859.0,2082.0,2211.0,2249.0,2196.0,2145.0,2084.0,2043.0,2035.0,1783.0,2134.0,2150.0,2080.0,2198.0,2205.0,2181.0,2120.0,2072.0,2048.0,1787.0,1844.0,2060.0,2191.0,2216.0,2167.0,2116.0,2055.0,2015.0,2016.0,1764.0,1826.0
2096.0,2091.0,2020.0,1788.0,1936.0,2033.0,2161.0,2266.0,2252.0,2206.0,2138.0,2104.0,2038.0,1782.0,2068.0,2109.0,2164.0,2186.0,2142.0,2112.0,2061.0,2052.0,2004.0,1778.0,1807.0,2064.0,2224.0,2253.0,2206.0,2157.0,2096.0,2058.0,2018.0,1777.0,1866.0,2057.0,2208.0,2242.0,2186.0,2146.0,2085.0,2044.0,2023.0,1780.0,1853.0,2074.0,2216.0,2236.0,2191.0,2144.0,2075.0,2040.0,2022.0,1790.0,1859.0,2082.0,2211.0,2249.0,2196.0,2145.0,2084.0,2043.0,2035.0,1783.0,2134.0,2150.0,2080.0,2198.0,2205.0,2181.0,2120.0,2072.0,2048.0,1787.0,1844.0,2060.0,2191.0,2216.0,2167.0,2116.0,2055.0,2015.0,2016.0,1764.0,1826.0,2043.0,2182.0,2215.0,2156.0,2108.0,2052.0,2013.0,2014.0,1775.0,1805.0,2036.0,2180.0,2211.0,2172.0,2122.0
2109.0,2164.0,2186.0,2142.0,2112.0,2061.0,2052.0,2004.0,1778.0,1807.0,2064.0,2224.0,2253.0,2206.0,2157.0,2096.0,2058.0,2018.0,1777.0,1866.0,2057.0,2208.0,2242.0,2186.0,2146.0,2085.0,2044.0,2023.0,1780.0,1853.0,2074.0,2216.0,2236.0,2191.0,2144.0,2075.0,2040.0,2022.0,1790.0,1859.0,2082.0,2211.0,2249.0,2196.0,2145.0,2084.0,2043.0,2035.0,1783.0,2134.0,2150.0,2080.0,2198.0,2205.0,2181.0,2120.0,2072.0,2048.0,1787.0,1844.0,2060.0,2191.0,2216.0,2167.0,2116.0,2055.0,2015.0,2016.0,1764.0,1826.0,2043.0,2182.0,2215.0,2156.0,2108.0,2052.0,2013.0,2014.0,1775.0,1805.0,2036.0,2180.0,2211.0,2172.0,2122.0,2060.0,2024.0,2007.0,1780.0,1835.0,2051.0,2193.0,2232.0,2181.0,2130.0,2064.0,2029.0,1993.0,1778.0,2063.0
2096.0,2058.0,2018.0,1777.0,1866.0,2057.0,2208.0,2242.0,2186.0,2146.0,2085.0,2044.0,2023.0,1780.0,1853.0,2074.0,2216.0,2236.0,2191.0,2144.0,2075.0,2040.0,2022.0,1790.0,1859.0,2082.0,2211.0,2249.0,2196.0,2145.0,2084.0,2043.0,2035.0,1783.0,2134.0,2150.0,2080.0,2198.0,2205.0,2181.0,2120.0,2072.0,2048.0,1787.0,1844.0,2060.0,2191.0,2216.0,2167.0,2116.0,2055.0,2015.0,2016.0,1764.0,1826.0,2043.0,2182.0,2215.0,2156.0,2108.0,2052.0,2013.0,2014.0,1775.0,1805.0,2036.0,2180.0,2211.0,2172.0,2122.0,2060.0,2024.0,2007.0,1780.0,1835.0,2051.0,2193.0,2232.0,2181.0,2130.0,2064.0,2029.0,1993.0,1778.0,2063.0,2096.0,2153.0,2168.0,2136.0,2100.0,2051.0,1954.0,1976.0,1809.0,1946.0,2046.0,2154.0,2256.0,2233.0,2184.0
2074.0,2216.0,2236.0,2191.0,2144.0,2075.0,2040.0,2022.0,1790.0,1859.0,2082.0,2211.0,2249.0,2196.0,2145.0,2084.0,2043.0,2035.0,1783.0,2134.0,2150.0,2080.0,2198.0,2205.0,2181.0,2120.0,2072.0,2048.0,1787.0,1844.0,2060.0,2191.0,2216.0,2167.0,2116.0,2055.0,2015.0,2016.0,1764.0,1826.0,2043.0,2182.0,2215.0,2156.0,2108.0,2052.0,2013.0,2014.0,1775.0,1805.0,2036.0,2180.0,2211.0,2172.0,2122.0,2060.0,2024.0,2007.0,1780.0,1835.0,2051.0,2193.0,2232.0,2181.0,2130.0,2064.0,2029.0,1993.0,1778.0,2063.0,2096.0,2153.0,2168.0,2136.0,2100.0,2051.0,1954.0,1976.0,1809.0,1946.0,2046.0,2154.0,2256.0,2233.0,2184.0,2097.0,2035.0,1973.0,1772.0,1824.0,2027.0,2167.0,2189.0,2143.0,2100.0,2043.0,2009.0,1964.0,1783.0,1840.0
2084.0,2043.0,2035.0,1783.0,2134.0,2150.0,2080.0,2198.0,2205.0,2181.0,2120.0,2072.0,2048.0,1787.0,1844.0,2060.0,2191.0,2216.0,2167.0,2116.0,2055.0,2015.0,2016.0,1764.0,1826.0,2043.0,2182.0,2215.0,2156.0,2108.0,2052.0,2013.0,2014.0,1775.0,1805.0,2036.0,2180.0,2211.0,2172.0,2122.0,2060.0,2024.0,2007.0,1780.0,1835.0,2051.0,2193.0,2232.0,2181.0,2130.0,2064.0,2029.0,1993.0,1778.0,2063.0,2096.0,2153.0,2168.0,2136.0,2100.0,2051.0,1954.0,1976.0,1809.0,1946.0,2046.0,2154.0,2256.0,2233.0,2184.0,2097.0,2035.0,1973.0,1772.0,1824.0,2027.0,2167.0,2189.0,2143.0,2100.0,2043.0,2009.0,1964.0,1783.0,1840.0,2064.0,2192.0,2218.0,2166.0,2123.0,2072.0,2034.0,1995.0,1809.0,1884.0,2074.0,2211.0,2230.0,2180.0,2139.0
2060.0,2191.0,2216.0,2167.0,2116.0,2055.0,2015.0,2016.0,1764.0,1826.0,2043.0,2182.0,2215.0,2156.0,2108.0,2052.0,2013.0,2014.0,1775.0,1805.0,2036.0,2180.0,2211.0,2172.0,2122.0,2060.0,2024.0,2007.0,1780.0,1835.0,2051.0,2193.0,2232.0,2181.0,2130.0,2064.0,2029.0,1993.0,1778.0,2063.0,2096.0,2153.0,2168.0,2136.0,2100.0,2051.0,1954.0,1976.0,1809.0,1946.0,2046.0,2154.0,2256.0,2233.0,2184.0,2097.0,2035.0,1973.0,1772.0,1824.0,2027.0,2167.0,2189.0,2143.0,2100.0,2043.0,2009.0,1964.0,1783.0,1840.0,2064.0,2192.0,2218.0,2166.0,2123.0,2072.0,2034.0,1995.0,1809.0,1884.0,2074.0,2211.0,2230.0,2180.0,2139.0,2080.0,2044.0,2002.0,1817.0,2085.0,2136.0,2179.0,2190.0,2165.0,2122.0,2072.0,2036.0,1996.0,1819.0,1831.0
2052.0,2013.0,2014.0,1775.0,1805.0,2036.0,2180.0,2211.0,2172.0,2122.0,2060.0,2024.0,2007.0,1780.0,1835.0,2051.0,2193.0,2232.0,2181.0,2130.0,2064.0,2029.0,1993.0,1778.0,2063.0,2096.0,2153.0,2168.0,2136.0,2100.0,2051.0,1954.0,1976.0,1809.0,1946.0,2046.0,2154.0,2256.0,2233.0,2184.0,2097.0,2035.0,1973.0,1772.0,1824.0,2027.0,2167.0,2189.0,2143.0,2100.0,2043.0,2009.0,1964.0,1783.0,1840.0,2064.0,2192.0,2218.0,2166.0,2123.0,2072.0,2034.0,1995.0,1809.0,1884.0,2074.0,2211.0,2230.0,2180.0,2139.0,2080.0,2044.0,2002.0,1817.0,2085.0,2136.0,2179.0,2190.0,2165.0,2122.0,2072.0,2036.0,1996.0,1819.0,1831.0,2084.0,2224.0,2248.0,2205.0,2155.0,2086.0,2048.0,2003.0,1818.0,1945.0,2036.0,2156.0,2256.0,2244.0,2193.0
2051.0,2193.0,2232.0,2181.0,2130.0,2064.0,2029.0,1993.0,1778.0,2063.0,2096.0,2153.0,2168.0,2136.0,2100.0,2051.0,1954.0,1976.0,1809.0,1946.0,2046.0,2154.0,2256.0,2233.0,2184.0,2097.0,2035.0,1973.0,1772.0,1824.0,2027.0,2167.0,2189.0,2143.0,2100.0,2043.0,2009.0,1964.0,1783.0,1840.0,2064.0,2192.0,2218.0,2166.0,2123.0,2072.0,2034.0,1995.0,1809.0,1884.0,2074.0,2211.0,2230.0,2180.0,2139.0,2080.0,2044.0,2002.0,1817.0,2085.0,2136.0,2179.0,2190.0,2165.0,2122.0,2072.0,2036.0,1996.0,1819.0,1831.0,2084.0,2224.0,2248.0,2205.0,2155.0,2086.0,2048.0,2003.0,1818.0,1945.0,2036.0,2156.0,2256.0,2244.0,2193.0,2128.0,2072.0,2016.0,1818.0,1862.0,2065.0,2188.0,2208.0,2159.0,2116.0,2049.0,2018.0,1972.0,1792.0,1856.0
2051.0,1954.0,1976.0,1809.0,1946.0,2046.0,2154.0,2256.0,2233.0,2184.0,2097.0,2035.0,1973.0,1772.0,1824.0,2027.0,2167.0,2189.0,2143.0,2100.0,2043.0,2009.0,1964.0,1783.0,1840.0,2064.0,2192.0,2218.0,2166.0,2123.0,2072.0,2034.0,1995.0,1809.0,1884.0,2074.0,2211.0,2230.0,2180.0,2139.0,2080.0,2044.0,2002.0,1817.0,2085.0,2136.0,2179.0,2190.0,2165.0,2122.0,2072.0,2036.0,1996.0,1819.0,1831.0,2084.0,2224.0,2248.0,2205.0,2155.0,2086.0,2048.0,2003.0,1818.0,1945.0,2036.0,2156.0,2256.0,2244.0,2193.0,2128.0,2072.0,2016.0,1818.0,1862.0,2065.0,2188.0,2208.0,2159.0,2116.0,2049.0,2018.0,1972.0,1792.0,1856.0,2063.0,2196.0,2222.0,2185.0,2132.0,2076.0,2033.0,1991.0,1808.0,2112.0,2134.0,2176.0,2138.0,2048.0,2137.0
2027.0,2167.0,2189.0,2143.0,2100.0,2043.0,2009.0,1964.0,1783.0,1840.0,2064.0,2192.0,2218.0,2166.0,2123.0,2072.0,2034.0,1995.0,1809.0,1884.0,2074.0,2211.0,2230.0,2180.0,2139.0,2080.0,2044.0,2002.0,1817.0,2085.0,2136.0,2179.0,2190.0,2165.0,2122.0,2072.0,2036.0,1996.0,1819.0,1831.0,2084.0,2224.0,2248.0,2205.0,2155.0,2086.0,2048.0,2003.0,1818.0,1945.0,2036.0,2156.0,2256.0,2244.0,2193.0,2128.0,2072.0,2016.0,1818.0,1862.0,2065.0,2188.0,2208.0,2159.0,2116.0,2049.0,2018.0,1972.0,1792.0,1856.0,2063.0,2196.0,2222.0,2185.0,2132.0,2076.0,2033.0,1991.0,1808.0,2112.0,2134.0,2176.0,2138.0,2048.0,2137.0,2144.0,2132.0,2087.0,1874.0,1900.0,2118.0,2240.0,2250.0,2203.0,2152.0,2074.0,2032.0,1985.0,1773.0,1878.0
2072.0,2034.0,1995.0,1809.0,1884.0,2074.0,2211.0,2230.0,2180.0,2139.0,2080.0,2044.0,2002.0,1817.0,2085.0,2136.0,2179.0,2190.0,2165.0,2122.0,2072.0,2036.0,1996.0,1819.0,1831.0,2084.0,2224.0,2248.0,2205.0,2155.0,2086.0,2048.0,2003.0,1818.0,1945.0,2036.0,2156.0,2256.0,2244.0,2193.0,2128.0,2072.0,2016.0,1818.0,1862.0,2065.0,2188.0,2208.0,2159.0,2116.0,2049.0,2018.0,1972.0,1792.0,1856.0,2063.0,2196.0,2222.0,2185.0,2132.0,2076.0,2033.0,1991.0,1808.0,2112.0,2134.0,2176.0,2138.0,2048.0,2137.0,2144.0,2132.0,2087.0,1874.0,1900.0,2118.0,2240.0,2250.0,2203.0,2152.0,2074.0,2032.0,1985.0,1773.0,1878.0,2080.0,2201.0,2226.0,2165.0,2120.0,2067.0,2024.0,1987.0,1772.0,1957.0,2033.0,2144.0,2246.0,2232.0,2194.0
2136.0,2179.0,2190.0,2165.0,2122.0,2072.0,2036.0,1996.0,1819.0,1831.0,2084.0,2224.0,2248.0,2205.0,2155.0,2086.0,2048.0,2003.0,1818.0,1945.0,2036.0,2156.0,2256.0,2244.0,2193.0,2128.0,2072.0,2016.0,1818.0,1862.0,2065.0,2188.0,2208.0,2159.0,2116.0,2049.0,2018.0,1972.0,1792.0,1856.0,2063.0,2196.0,2222.0,2185.0,2132.0,2076.0,2033.0,1991.0,1808.0,2112.0,2134.0,2176.0,2138.0,2048.0,2137.0,2144.0,2132.0,2087.0,1874.0,1900.0,2118.0,2240.0,2250.0,2203.0,2152.0,2074.0,2032.0,1985.0,1773.0,1878.0,2080.0,2201.0,2226.0,2165.0,2120.0,2067.0,2024.0,1987.0,1772.0,1957.0,2033.0,2144.0,2246.0,2232.0,2194.0,2120.0,2068.0,2016.0,1793.0,1891.0,2090.0,2204.0,2218.0,2166.0,2125.0,2068.0,2022.0,1981.0,1769.0,2096.0
2086.0,2048.0,2003.0,1818.0,1945.0,2036.0,2156.0,2256.0,2244.0,2193.0,2128.0,2072.0,2016.0,1818.0,1862.0,2065.0,2188.0,2208.0,2159.0,2116.0,2049.0,2018.0,1972.0,1792.0,1856.0,2063.0,2196.0,2222.0,2185.0,2132.0,2076.0,2033.0,1991.0,1808.0,2112.0,2134.0,2176.0,2138.0,2048.0,2137.0,2144.0,2132.0,2087.0,1874.0,1900.0,2118.0,2240.0,2250.0,2203.0,2152.0,2074.0,2032.0,1985.0,1773.0,1878.0,2080.0,2201.0,2226.0,2165.0,2120.0,2067.0,2024.0,1987.0,1772.0,1957.0,2033.0,2144.0,2246.0,2232.0,2194.0,2120.0,2068.0,2016.0,1793.0,1891.0,2090.0,2204.0,2218.0,2166.0,2125.0,2068.0,2022.0,1981.0,1769.0,2096.0,2136.0,2169.0,2182.0,2136.0,2118.0,2060.0,1962.0,1985.0,1815.0,1968.0,2124.0,2240.0,2243.0,2192.0,2140.0
2065.0,2188.0,2208.0,2159.0,2116.0,2049.0,2018.0,1972.0,1792.0,1856.0,2063.0,2196.0,2222.0,2185.0,2132.0,2076.0,2033.0,1991.0,1808.0,2112.0,2134.0,2176.0,2138.0,2048.0,2137.0,2144.0,2132.0,2087.0,1874.0,1900.0,2118.0,2240.0,2250.0,2203.0,2152.0,2074.0,2032.0,1985.0,1773.0,1878.0,2080.0,2201.0,2226.0,2165.0,2120.0,2067.0,2024.0,1987.0,1772.0,1957.0,2033.0,2144.0,2246.0,2232.0,2194.0,2120.0,2068.0,2016.0,1793.0,1891.0,2090.0,2204.0,2218.0,2166.0,2125.0,2068.0,2022.0,1981.0,1769.0,2096.0,2136.0,2169.0,2182.0,2136.0,2118.0,2060.0,1962.0,1985.0,1815.0,1968.0,2124.0,2240.0,2243.0,2192.0,2140.0,2078.0,2033.0,1985.0,1772.0,1908.0,2081.0,2201.0,2225.0,2169.0,2272.0,2078.0,1968.0,1894.0,1696.0,1852.0
2076.0,2033.0,1991.0,1808.0,2112.0,2134.0,2176.0,2138.0,2048.0,2137.0,2144.0,2132.0,2087.0,1874.0,1900.0,2118.0,2240.0,2250.0,2203.0,2152.0,2074.0,2032.0,1985.0,1773.0,1878.0,2080.0,2201.0,2226.0,2165.0,2120.0,2067.0,2024.0,1987.0,1772.0,1957.0,2033.0,2144.0,2246.0,2232.0,2194.0,2120.0,2068.0,2016.0,1793.0,1891.0,2090.0,2204.0,2218.0,2166.0,2125.0,2068.0,2022.0,1981.0,1769.0,2096.0,2136.0,2169.0,2182.0,2136.0,2118.0,2060.0,1962.0,1985.0,1815.0,1968.0,2124.0,2240.0,2243.0,2192.0,2140.0,2078.0,2033.0,1985.0,1772.0,1908.0,2081.0,2201.0,2225.0,2169.0,2272.0,2078.0,1968.0,1894.0,1696.0,1852.0,2076.0,2206.0,2226.0,2182.0,2144.0,2087.0,2048.0,2001.0,1796.0,2024.0,2092.0,2153.0,2257.0,2236.0,2201.0
2118.0,2240.0,2250.0,2203.0,2152.0,2074.0,2032.0,1985.0,1773.0,1878.0,2080.0,2201.0,2226.0,2165.0,2120.0,2067.0,2024.0,1987.0,1772.0,1957.0,2033.0,2144.0,2246.0,2232.0,2194.0,2120.0,2068.0,2016.0,1793.0,1891.0,2090.0,2204.0,2218.0,2166.0,2125.0,2068.0,2022.0,1981.0,1769.0,2096.0,2136.0,2169.0,2182.0,2136.0,2118.0,2060.0,1962.0,1985.0,1815.0,1968.0,2124.0,2240.0,2243.0,2192.0,2140.0,2078.0,2033.0,1985.0,1772.0,1908.0,2081.0,2201.0,2225.0,2169.0,2272.0,2078.0,1968.0,1894.0,1696.0,1852.0,2076.0,2206.0,2226.0,2182.0,2144.0,2087.0,2048.0,2001.0,1796.0,2024.0,2092.0,2153.0,2257.0,2236.0,2201.0,2124.0,2060.0,2002.0,1779.0,2125.0,2144.0,2160.0,2160.0,2113.0,2080.0,2033.0,2006.0,1958.0,1759.0,1851.0
2067.0,2024.0,1987.0,1772.0,1957.0,2033.0,2144.0,2246.0,2232.0,2194.0,2120.0,2068.0,2016.0,1793.0,1891.0,2090.0,2204.0,2218.0,2166.0,2125.0,2068.0,2022.0,1981.0,1769.0,2096.0,2136.0,2169.0,2182.0,2136.0,2118.0,2060.0,1962.0,1985.0,1815.0,1968.0,2124.0,2240.0,2243.0,2192.0,2140.0,2078.0,2033.0,1985.0,1772.0,1908.0,2081.0,2201.0,2225.0,2169.0,2272.0,2078.0,1968.0,1894.0,1696.0,1852.0,2076.0,2206.0,2226.0,2182.0,2144.0,2087.0,2048.0,2001.0,1796.0,2024.0,2092.0,2153.0,2257.0,2236.0,2201.0,2124.0,2060.0,2002.0,1779.0,2125.0,2144.0,2160.0,2160.0,2113.0,2080.0,2033.0,2006.0,1958.0,1759.0,1851.0,2110.0,2214.0,2228.0,2164.0,2113.0,2061.0,2016.0,1975.0,1762.0,1871.0,2113.0,2212.0,2219.0,2158.0,2121.0
2090.0,2204.0,2218.0,2166.0,2125.0,2068.0,2022.0,1981.0,1769.0,2096.0,2136.0,2169.0,2182.0,2136.0,2118.0,2060.0,1962.0,1985.0,1815.0,1968.0,2124.0,2240.0,2243.0,2192.0,2140.0,2078.0,2033.0,1985.0,1772.0,1908.0,2081.0,2201.0,2225.0,2169.0,2272.0,2078.0,1968.0,1894.0,1696.0,1852.0,2076.0,2206.0,2226.0,2182.0,2144.0,2087.0,2048.0,2001.0,1796.0,2024.0,2092.0,2153.0,2257.0,2236.0,2201.0,2124.0,2060.0,2002.0,1779.0,2125.0,2144.0,2160.0,2160.0,2113.0,2080.0,2033.0,2006.0,1958.0,1759.0,1851.0,2110.0,2214.0,2228.0,2164.0,2113.0,2061.0,2016.0,1975.0,1762.0,1871.0,2113.0,2212.0,2219.0,2158.0,2121.0,2068.0,2032.0,1984.0,1778.0,1866.0,2133.0,2230.0,2228.0,2176.0,2122.0,2072.0,2028.0,1985.0,1773.0,1808.0
2060.0,1962.0,1985.0,1815.0,1968.0,2124.0,2240.0,2243.0,2192.0,2140.0,2078.0,2033.0,1985.0,1772.0,1908.0,2081.0,2201.0,2225.0,2169.0,2272.0,2078.0,1968.0,1894.0,1696.0,1852.0,2076.0,2206.0,2226.0,2182.0,2144.0,2087.0,2048.0,2001.0,1796.0,2024.0,2092.0,2153.0,2257.0,2236.0,2201.0,2124.0,2060.0,2002.0,1779.0,2125.0,2144.0,2160.0,2160.0,2113.0,2080.0,2033.0,2006.0,1958.0,1759.0,1851.0,2110.0,2214.0,2228.0,2164.0,2113.0,2061.0,2016.0,1975.0,1762.0,1871.0,2113.0,2212.0,2219.0,2158.0,2121.0,2068.0,2032.0,1984.0,1778.0,1866.0,2133.0,2230.0,2228.0,2176.0,2122.0,2072.0,2028.0,1985.0,1773.0,1808.0,2114.0,2222.0,2228.0,2164.0,2122.0,2065.0,2028.0,1976.0,1774.0,2147.0,2185.0,2093.0,2187.0,2202.0,2172.0
2081.0,2201.0,2225.0,2169.0,2272.0,2078.0,1968.0,1894.0,1696.0,1852.0,2076.0,2206.0,2226.0,2182.0,2144.0,2087.0,2048.0,2001.0,1796.0,2024.0,2092.0,2153.0,2257.0,2236.0,2201.0,2124.0,2060.0,2002.0,1779.0,2125.0,2144.0,2160.0,2160.0,2113.0,2080.0,2033.0,2006.0,1958.0,1759.0,1851.0,2110.0,2214.0,2228.0,2164.0,2113.0,2061.0,2016.0,1975.0,1762.0,1871.0,2113.0,2212.0,2219.0,2158.0,2121.0,2068.0,2032.0,1984.0,1778.0,1866.0,2133.0,2230.0,2228.0,2176.0,2122.0,2072.0,2028.0,1985.0,1773.0,1808.0,2114.0,2222.0,2228.0,2164.0,2122.0,2065.0,2028.0,1976.0,1774.0,2147.0,2185.0,2093.0,2187.0,2202.0,2172.0,2116.0,2067.0,2013.0,1790.0,1864.0,2096.0,2226.0,2230.0,2168.0,2120.0,2049.0,2018.0,1965.0,1752.0,1845.0
2087.0,2048.0,2001.0,1796.0,2024.0,2092.0,2153.0,2257.0,2236.0,2201.0,2124.0,2060.0,2002.0,1779.0,2125.0,2144.0,2160.0,2160.0,2113.0,2080.0,2033.0,2006.0,1958.0,1759.0,1851.0,2110.0,2214.0,2228.0,2164.0,2113.0,2061.0,2016.0,1975.0,1762.0,1871.0,2113.0,2212.0,2219.0,2158.0,2121.0,2068.0,2032.0,1984.0,1778.0,1866.0,2133.0,2230.0,2228.0,2176.0,2122.0,2072.0,2028.0,1985.0,1773.0,1808.0,2114.0,2222.0,2228.0,2164.0,2122.0,2065.0,2028.0,1976.0,1774.0,2147.0,2185.0,2093.0,2187.0,2202.0,2172.0,2116.0,2067.0,2013.0,1790.0,1864.0,2096.0,2226.0,2230.0,2168.0,2120.0,2049.0,2018.0,1965.0,1752.0,1845.0,2073.0,2228.0,2224.0,2168.0,2120.0,2065.0,2032.0,1982.0,1776.0,1883.0,2092.0,2240.0,2238.0,2166.0,2120.0
2144.0,2160.0,2160.0,2113.0,2080.0,2033.0,2006.0,1958.0,1759.0,1851.0,2110.0,2214.0,2228.0,2164.0,2113.0,2061.0,2016.0,1975.0,1762.0,1871.0,2113.0,2212.0,2219.0,2158.0,2121.0,2068.0,2032.0,1984.0,1778.0,1866.0,2133.0,2230.0,2228.0,2176.0,2122.0,2072.0,2028.0,1985.0,1773.0,1808.0,2114.0,2222.0,2228.0,2164.0,2122.0,2065.0,2028.0,1976.0,1774.0,2147.0,2185.0,2093.0,2187.0,2202.0,2172.0,2116.0,2067.0,2013.0,1790.0,1864.0,2096.0,2226.0,2230.0,2168.0,2120.0,2049.0,2018.0,1965.0,1752.0,1845.0,2073.0,2228.0,2224.0,2168.0,2120.0,2065.0,2032.0,1982.0,1776.0,1883.0,2092.0,2240.0,2238.0,2166.0,2120.0,2060.0,2017.0,1980.0,1782.0,1876.0,2097.0,2260.0,2252.0,2184.0,2132.0,2070.0,2038.0,1991.0,1792.0,2104.0
2061.0,2016.0,1975.0,1762.0,1871.0,2113.0,2212.0,2219.0,2158.0,2121.0,2068.0,2032.0,1984.0,1778.0,1866.0,2133.0,2230.0,2228.0,2176.0,2122.0,2072.0,2028.0,1985.0,1773.0,1808.0,2114.0,2222.0,2228.0,2164.0,2122.0,2065.0,2028.0,1976.0,1774.0,2147.0,2185.0,2093.0,2187.0,2202.0,2172.0,2116.0,2067.0,2013.0,1790.0,1864.0,2096.0,2226.0,2230.0,2168.0,2120.0,2049.0,2018.0,1965.0,1752.0,1845.0,2073.0,2228.0,2224.0,2168.0,2120.0,2065.0,2032.0,1982.0,1776.0,1883.0,2092.0,2240.0,2238.0,2166.0,2120.0,2060.0,2017.0,1980.0,1782.0,1876.0,2097.0,2260.0,2252.0,2184.0,2132.0,2070.0,2038.0,1991.0,1792.0,2104.0,2152.0,2227.0,2213.0,2152.0,2112.0,2068.0,1965.0,1996.0,1824.0,1944.0,2082.0,2247.0,2305.0,2258.0,2201.0
2133.0,2230.0,2228.0,2176.0,2122.0,2072.0,2028.0,1985.0,1773.0,1808.0,2114.0,2222.0,2228.0,2164.0,2122.0,2065.0,2028.0,1976.0,1774.0,2147.0,2185.0,2093.0,2187.0,2202.0,2172.0,2116.0,2067.0,2013.0,1790.0,1864.0,2096.0,2226.0,2230.0,2168.0,2120.0,2049.0,2018.0,1965.0,1752.0,1845.0,2073.0,2228.0,2224.0,2168.0,2120.0,2065.0,2032.0,1982.0,1776.0,1883.0,2092.0,2240.0,2238.0,2166.0,2120.0,2060.0,2017.0,1980.0,1782.0,1876.0,2097.0,2260.0,2252.0,2184.0,2132.0,2070.0,2038.0,1991.0,1792.0,2104.0,2152.0,2227.0,2213.0,2152.0,2112.0,2068.0,1965.0,1996.0,1824.0,1944.0,2082.0,2247.0,2305.0,2258.0,2201.0,2116.0,2064.0,1994.0,1784.0,1859.0,2082.0,2230.0,2222.0,2148.0,2096.0,2036.0,2008.0,1960.0,1749.0,1838.0
2065.0,2028.0,1976.0,1774.0,2147.0,2185.0,2093.0,2187.0,2202.0,2172.0,2116.0,2067.0,2013.0,1790.0,1864.0,2096.0,2226.0,2230.0,2168.0,2120.0,2049.0,2018.0,1965.0,1752.0,1845.0,2073.0,2228.0,2224.0,2168.0,2120.0,2065.0,2032.0,1982.0,1776.0,1883.0,2092.0,2240.0,2238.0,2166.0,2120.0,2060.0,2017.0,1980.0,1782.0,1876.0,2097.0,2260.0,2252.0,2184.0,2132.0,2070.0,2038.0,1991.0,1792.0,2104.0,2152.0,2227.0,2213.0,2152.0,2112.0,2068.0,1965.0,1996.0,1824.0,1944.0,2082.0,2247.0,2305.0,2258.0,2201.0,2116.0,2064.0,1994.0,1784.0,1859.0,2082.0,2230.0,2222.0,2148.0,2096.0,2036.0,2008.0,1960.0,1749.0,1838.0,2080.0,2238.0,2233.0,2160.0,2112.0,2048.0,2016.0,1968.0,1770.0,1873.0,2083.0,2237.0,2232.0,2160.0,2107.0
2096.0,2226.0,2230.0,2168.0,2120.0,2049.0,2018.0,1965.0,1752.0,1845.0,2073.0,2228.0,2224.0,2168.0,2120.0,2065.0,2032.0,1982.0,1776.0,1883.0,2092.0,2240.0,2238.0,2166.0,2120.0,2060.0,2017.0,1980.0,1782.0,1876.0,2097.0,2260.0,2252.0,2184.0,2132.0,2070.0,2038.0,1991.0,1792.0,2104.0,2152.0,2227.0,2213.0,2152.0,2112.0,2068.0,1965.0,1996.0,1824.0,1944.0,2082.0,2247.0,2305.0,2258.0,2201.0,2116.0,2064.0,1994.0,1784.0,1859.0,2082.0,2230.0,2222.0,2148.0,2096.0,2036.0,2008.0,1960.0,1749.0,1838.0,2080.0,2238.0,2233.0,2160.0,2112.0,2048.0,2016.0,1968.0,1770.0,1873.0,2083.0,2237.0,2232.0,2160.0,2107.0,2052.0,2015.0,1972.0,1767.0,2079.0,2130.0,2200.0,2220.0,2156.0,2113.0,2060.0,2038.0,1990.0,1792.0,1882.0
2065.0,2032.0,1982.0,1776.0,1883.0,2092.0,2240.0,2238.0,2166.0,2120.0,2060.0,2017.0,1980.0,1782.0,1876.0,2097.0,2260.0,2252.0,2184.0,2132.0,2070.0,2038.0,1991.0,1792.0,2104.0,2152.0,2227.0,2213.0,2152.0,2112.0,2068.0,1965.0,1996.0,1824.0,1944.0,2082.0,2247.0,2305.0,2258.0,2201.0,2116.0,2064.0,1994.0,1784.0,1859.0,2082.0,2230.0,2222.0,2148.0,2096.0,2036.0,2008.0,1960.0,1749.0,1838.0,2080.0,2238.0,2233.0,2160.0,2112.0,2048.0,2016.0,1968.0,1770.0,1873.0,2083.0,2237.0,2232.0,2160.0,2107.0,2052.0,2015.0,1972.0,1767.0,2079.0,2130.0,2200.0,2220.0,2156.0,2113.0,2060.0,2038.0,1990.0,1792.0,1882.0,2120.0,2278.0,2280.0,2210.0,2147.0,2083.0,2038.0,1992.0,1788.0,1944.0,2052.0,2180.0,2306.0,2263.0,2208.0
2097.0,2260.0,2252.0,2184.0,2132.0,2070.0,2038.0,1991.0,1792.0,2104.0,2152.0,2227.0,2213.0,2152.0,2112.0,2068.0,1965.0,1996.0,1824.0,1944.0,2082.0,2247.0,2305.0,2258.0,2201.0,2116.0,2064.0,1994.0,1784.0,1859.0,2082.0,2230.0,2222.0,2148.0,2096.0,2036.0,2008.0,1960.0,1749.0,1838.0,2080.0,2238.0,2233.0,2160.0,2112.0,2048.0,2016.0,1968.0,1770.0,1873.0,2083.0,2237.0,2232.0,2160.0,2107.0,2052.0,2015.0,1972.0,1767.0,2079.0,2130.0,2200.0,2220.0,2156.0,2113.0,2060.0,2038.0,1990.0,1792.0,1882.0,2120.0,2278.0,2280.0,2210.0,2147.0,2083.0,2038.0,1992.0,1788.0,1944.0,2052.0,2180.0,2306.0,2263.0,2208.0,2129.0,2074.0,2015.0,1796.0,1873.0,2103.0,2219.0,2257.0,2177.0,2112.0,2048.0,2011.0,1972.0,1770.0,1850.0
2068.0,1965.0,1996.0,1824.0,1944.0,2082.0,2247.0,2305.0,2258.0,2201.0,2116.0,2064.0,1994.0,1784.0,1859.0,2082.0,2230.0,2222.0,2148.0,2096.0,2036.0,2008.0,1960.0,1749.0,1838.0,2080.0,2238.0,2233.0,2160.0,2112.0,2048.0,2016.0,1968.0,1770.0,1873.0,2083.0,2237.0,2232.0,2160.0,2107.0,2052.0,2015.0,1972.0,1767.0,2079.0,2130.0,2200.0,2220.0,2156.0,2113.0,2060.0,2038.0,1990.0,1792.0,1882.0,2120.0,2278.0,2280.0,2210.0,2147.0,2083.0,2038.0,1992.0,1788.0,1944.0,2052.0,2180.0,2306.0,2263.0,2208.0,2129.0,2074.0,2015.0,1796.0,1873.0,2103.0,2219.0,2257.0,2177.0,2112.0,2048.0,2011.0,1972.0,1770.0,1850.0,2093.0,2220.0,2262.0,2183.0,2124.0,2067.0,2023.0,1984.0,1770.0,2093.0,2129.0,2173.0,2209.0,2144.0,2104.0
2082.0,2230.0,2222.0,2148.0,2096.0,2036.0,2008.0,1960.0,1749.0,1838.0,2080.0,2238.0,2233.0,2160.0,2112.0,2048.0,2016.0,1968.0,1770.0,1873.0,2083.0,2237.0,2232.0,2160.0,2107.0,2052.0,2015.0,1972.0,1767.0,2079.0,2130.0,2200.0,2220.0,2156.0,2113.0,2060.0,2038.0,1990.0,1792.0,1882.0,2120.0,2278.0,2280.0,2210.0,2147.0,2083.0,2038.0,1992.0,1788.0,1944.0,2052.0,2180.0,2306.0,2263.0,2208.0,2129.0,2074.0,2015.0,1796.0,1873.0,2103.0,2219.0,2257.0,2177.0,2112.0,2048.0,2011.0,1972.0,1770.0,1850.0,2093.0,2220.0,2262.0,2183.0,2124.0,2067.0,2023.0,1984.0,1770.0,2093.0,2129.0,2173.0,2209.0,2144.0,2104.0,2044.0,2016.0,1968.0,1775.0,1861.0,2106.0,2228.0,2276.0,2202.0,2130.0,2072.0,2031.0,1982.0,1776.0,1859.0
2048.0,2016.0,1968.0,1770.0,1873.0,2083.0,2237.0,2232.0,2160.0,2107.0,2052.0,2015.0,1972.0,1767.0,2079.0,2130.0,2200.0,2220.0,2156.0,2113.0,2060.0,2038.0,1990.0,1792.0,1882.0,2120.0,2278.0,2280.0,2210.0,2147.0,2083.0,2038.0,1992.0,1788.0,1944.0,2052.0,2180.0,2306.0,2263.0,2208.0,2129.0,2074.0,2015.0,1796.0,1873.0,2103.0,2219.0,2257.0,2177.0,2112.0,2048.0,2011.0,1972.0,1770.0,1850.0,2093.0,2220.0,2262.0,2183.0,2124.0,2067.0,2023.0,1984.0,1770.0,2093.0,2129.0,2173.0,2209.0,2144.0,2104.0,2044.0,2016.0,1968.0,1775.0,1861.0,2106.0,2228.0,2276.0,2202.0,2130.0,2072.0,2031.0,1982.0,1776.0,1859.0,2104.0,2227.0,2276.0,2192.0,2130.0,2060.0,2021.0,1977.0,1774.0,1926.0,2023.0,2165.0,2280.0,2240.0,2168.0
2130.0,2200.0,2220.0,2156.0,2113.0,2060.0,2038.0,1990.0,1792.0,1882.0,2120.0,2278.0,2280.0,2210.0,2147.0,2083.0,2038.0,1992.0,1788.0,1944.0,2052.0,2180.0,2306.0,2263.0,2208.0,2129.0,2074.0,2015.0,1796.0,1873.0,2103.0,2219.0,2257.0,2177.0,2112.0,2048.0,2011.0,1972.0,1770.0,1850.0,2093.0,2220.0,2262.0,2183.0,2124.0,2067.0,2023.0,1984.0,1770.0,2093.0,2129.0,2173.0,2209.0,2144.0,2104.0,2044.0,2016.0,1968.0,1775.0,1861.0,2106.0,2228.0,2276.0,2202.0,2130.0,2072.0,2031.0,1982.0,1776.0,1859.0,2104.0,2227.0,2276.0,2192.0,2130.0,2060.0,2021.0,1977.0,1774.0,1926.0,2023.0,2165.0,2280.0,2240.0,2168.0,2096.0,2038.0,1987.0,1769.0,1831.0,2065.0,2180.0,2234.0,2152.0,2085.0,2024.0,1990.0,1950.0,1741.0,2056.0
2083.0,2038.0,1992.0,1788.0,1944.0,2052.0,2180.0,2306.0,2263.0,2208.0,2129.0,2074.0,2015.0,1796.0,1873.0,2103.0,2219.0,2257.0,2177.0,2112.0,2048.0,2011.0,1972.0,1770.0,1850.0,2093.0,2220.0,2262.0,2183.0,2124.0,2067.0,2023.0,1984.0,1770.0,2093.0,2129.0,2173.0,2209.0,2144.0,2104.0,2044.0,2016.0,1968.0,1775.0,1861.0,2106.0,2228.0,2276.0,2202.0,2130.0,2072.0,2031.0,1982.0,1776.0,1859.0,2104.0,2227.0,2276.0,2192.0,2130.0,2060.0,2021.0,1977.0,1774.0,1926.0,2023.0,2165.0,2280.0,2240.0,2168.0,2096.0,2038.0,1987.0,1769.0,1831.0,2065.0,2180.0,2234.0,2152.0,2085.0,2024.0,1990.0,1950.0,1741.0,2056.0,2104.0,2159.0,2207.0,2152.0,2104.0,2052.0,1944.0,1968.0,1813.0,1928.0,2142.0,2248.0,2277.0,2208.0,2143.0
2103.0,2219.0,2257.0,2177.0,2112.0,2048.0,2011.0,1972.0,1770.0,1850.0,2093.0,2220.0,2262.0,2183.0,2124.0,2067.0,2023.0,1984.0,1770.0,2093.0,2129.0,2173.0,2209.0,2144.0,2104.0,2044.0,2016.0,1968.0,1775.0,1861.0,2106.0,2228.0,2276.0,2202.0,2130.0,2072.0,2031.0,1982.0,1776.0,1859.0,2104.0,2227.0,2276.0,2192.0,2130.0,2060.0,2021.0,1977.0,1774.0,1926.0,2023.0,2165.0,2280.0,2240.0,2168.0,2096.0,2038.0,1987.0,1769.0,1831.0,2065.0,2180.0,2234.0,2152.0,2085.0,2024.0,1990.0,1950.0,1741.0,2056.0,2104.0,2159.0,2207.0,2152.0,2104.0,2052.0,1944.0,1968.0,1813.0,1928.0,2142.0,2248.0,2277.0,2208.0,2143.0,2062.0,2008.0,1968.0,1772.0,1858.0,2096.0,2220.0,2236.0,2208.0,2129.0,2066.0,2029.0,1976.0,1784.0,1872.0
2067.0,2023.0,1984.0,1770.0,2093.0,2129.0,2173.0,2209.0,2144.0,2104.0,2044.0,2016.0,1968.0,1775.0,1861.0,2106.0,2228.0,2276.0,2202.0,2130.0,2072.0,2031.0,1982.0,1776.0,1859.0,2104.0,2227.0,2276.0,2192.0,2130.0,2060.0,2021.0,1977.0,1774.0,1926.0,2023.0,2165.0,2280.0,2240.0,2168.0,2096.0,2038.0,1987.0,1769.0,1831.0,2065.0,2180.0,2234.0,2152.0,2085.0,2024.0,1990.0,1950.0,1741.0,2056.0,2104.0,2159.0,2207.0,2152.0,2104.0,2052.0,1944.0,1968.0,1813.0,1928.0,2142.0,2248.0,2277.0,2208.0,2143.0,2062.0,2008.0,1968.0,1772.0,1858.0,2096.0,2220.0,2236.0,2208.0,2129.0,2066.0,2029.0,1976.0,1784.0,1872.0,2112.0,2232.0,2256.0,2217.0,2146.0,2085.0,2038.0,2000.0,1805.0,1952.0,2048.0,2192.0,2290.0,2288.0,2220.0
2106.0,2228.0,2276.0,2202.0,2130.0,2072.0,2031.0,1982.0,1776.0,1859.0,2104.0,2227.0,2276.0,2192.0,2130.0,2060.0,2021.0,1977.0,1774.0,1926.0,2023.0,2165.0,2280.0,2240.0,2168.0,2096.0,2038.0,1987.0,1769.0,1831.0,2065.0,2180.0,2234.0,2152.0,2085.0,2024.0,1990.0,1950.0,1741.0,2056.0,2104.0,2159.0,2207.0,2152.0,2104.0,2052.0,1944.0,1968.0,1813.0,1928.0,2142.0,2248.0,2277.0,2208.0,2143.0,2062.0,2008.0,1968.0,1772.0,1858.0,2096.0,2220.0,2236.0,2208.0,2129.0,2066.0,2029.0,1976.0,1784.0,1872.0,2112.0,2232.0,2256.0,2217.0,2146.0,2085.0,2038.0,2000.0,1805.0,1952.0,2048.0,2192.0,2290.0,2288.0,2220.0,2132.0,2072.0,2001.0,1802.0,2089.0,2134.0,2178.0,2196.0,2180.0,2112.0,2051.0,2008.0,1969.0,1777.0,1856.0
2060.0,2021.0,1977.0,1774.0,1926.0,2023.0,2165.0,2280.0,2240.0,2168.0,2096.0,2038.0,1987.0,1769.0,1831.0,2065.0,2180.0,2234.0,2152.0,2085.0,2024.0,1990.0,1950.0,1741.0,2056.0,2104.0,2159.0,2207.0,2152.0,2104.0,2052.0,1944.0,1968.0,1813.0,1928.0,2142.0,2248.0,2277.0,2208.0,2143.0,2062.0,2008.0,1968.0,1772.0,1858.0,2096.0,2220.0,2236.0,2208.0,2129.0,2066.0,2029.0,1976.0,1784.0,1872.0,2112.0,2232.0,2256.0,2217.0,2146.0,2085.0,2038.0,2000.0,1805.0,1952.0,2048.0,2192.0,2290.0,2288.0,2220.0,2132.0,2072.0,2001.0,1802.0,2089.0,2134.0,2178.0,2196.0,2180.0,2112.0,2051.0,2008.0,1969.0,1777.0,1856.0,2102.0,2226.0,2248.0,2220.0,2149.0,2069.0,2022.0,1968.0,1787.0,1881.0,2096.0,2224.0,2240.0,2216.0,2136.0
2065.0,2180.0,2234.0,2152.0,2085.0,2024.0,1990.0,1950.0,1741.0,2056.0,2104.0,2159.0,2207.0,2152.0,2104.0,2052.0,1944.0,1968.0,1813.0,1928.0,2142.0,2248.0,2277.0,2208.0,2143.0,2062.0,2008.0,1968.0,1772.0,1858.0,2096.0,2220.0,2236.0,2208.0,2129.0,2066.0,2029.0,1976.0,1784.0,1872.0,2112.0,2232.0,2256.0,2217.0,2146.0,2085.0,2038.0,2000.0,1805.0,1952.0,2048.0,2192.0,2290.0,2288.0,2220.0,2132.0,2072.0,2001.0,1802.0,2089.0,2134.0,2178.0,2196.0,2180.0,2112.0,2051.0,2008.0,1969.0,1777.0,1856.0,2102.0,2226.0,2248.0,2220.0,2149.0,2069.0,2022.0,1968.0,1787.0,1881.0,2096.0,2224.0,2240.0,2216.0,2136.0,2065.0,2012.0,1963.0,1775.0,1857.0,2105.0,2220.0,2240.0,2214.0,2144.0,2064.0,2023.0,1970.0,1776.0,1857.0
2052.0,1944.0,1968.0,1813.0,1928.0,2142.0,2248.0,2277.0,2208.0,2143.0,2062.0,2008.0,1968.0,1772.0,1858.0,2096.0,2220.0,2236.0,2208.0,2129.0,2066.0,2029.0,1976.0,1784.0,1872.0,2112.0,2232.0,2256.0,2217.0,2146.0,2085.0,2038.0,2000.0,1805.0,1952.0,2048.0,2192.0,2290.0,2288.0,2220.0,2132.0,2072.0,2001.0,1802.0,2089.0,2134.0,2178.0,2196.0,2180.0,2112.0,2051.0,2008.0,1969.0,1777.0,1856.0,2102.0,2226.0,2248.0,2220.0,2149.0,2069.0,2022.0,1968.0,1787.0,1881.0,2096.0,2224.0,2240.0,2216.0,2136.0,2065.0,2012.0,1963.0,1775.0,1857.0,2105.0,2220.0,2240.0,2214.0,2144.0,2064.0,2023.0,1970.0,1776.0,1857.0,2092.0,2219.0,2234.0,2211.0,2141.0,2065.0,2018.0,1964.0,1780.0,2134.0,2142.0,2083.0,2202.0,2240.0,2200.0
2096.0,2220.0,2236.0,2208.0,2129.0,2066.0,2029.0,1976.0,1784.0,1872.0,2112.0,2232.0,2256.0,2217.0,2146.0,2085.0,2038.0,2000.0,1805.0,1952.0,2048.0,2192.0,2290.0,2288.0,2220.0,2132.0,2072.0,2001.0,1802.0,2089.0,2134.0,2178.0,2196.0,2180.0,2112.0,2051.0,2008.0,1969.0,1777.0,1856.0,2102.0,2226.0,2248.0,2220.0,2149.0,2069.0,2022.0,1968.0,1787.0,1881.0,2096.0,2224.0,2240.0,2216.0,2136.0,2065.0,2012.0,1963.0,1775.0,1857.0,2105.0,2220.0,2240.0,2214.0,2144.0,2064.0,2023.0,1970.0,1776.0,1857.0,2092.0,2219.0,2234.0,2211.0,2141.0,2065.0,2018.0,1964.0,1780.0,2134.0,2142.0,2083.0,2202.0,2240.0,2200.0,2111.0,2048.0,1994.0,1753.0,2746.0,3080.0,3078.0,3076.0,3091.0,3083.0,3082.0,3080.0,2945.0,2344.0,1973.0
2085.0,2038.0,2000.0,1805.0,1952.0,2048.0,2192.0,2290.0,2288.0,2220.0,2132.0,2072.0,2001.0,1802.0,2089.0,2134.0,2178.0,2196.0,2180.0,2112.0,2051.0,2008.0,1969.0,1777.0,1856.0,2102.0,2226.0,2248.0,2220.0,2149.0,2069.0,2022.0,1968.0,1787.0,1881.0,2096.0,2224.0,2240.0,2216.0,2136.0,2065.0,2012.0,1963.0,1775.0,1857.0,2105.0,2220.0,2240.0,2214.0,2144.0,2064.0,2023.0,1970.0,1776.0,1857.0,2092.0,2219.0,2234.0,2211.0,2141.0,2065.0,2018.0,1964.0,1780.0,2134.0,2142.0,2083.0,2202.0,2240.0,2200.0,2111.0,2048.0,1994.0,1753.0,2746.0,3080.0,3078.0,3076.0,3091.0,3083.0,3082.0,3080.0,2945.0,2344.0,1973.0,1876.0,1720.0,1832.0,2804.0,2697.0,3080.0,2819.0,3076.0,2774.0,3081.0,3012.0,2540.0,1972.0,1465.0,1121.0
2134.0,2178.0,2196.0,2180.0,2112.0,2051.0,2008.0,1969.0,1777.0,1856.0,2102.0,2226.0,2248.0,2220.0,2149.0,2069.0,2022.0,1968.0,1787.0,1881.0,2096.0,2224.0,2240.0,2216.0,2136.0,2065.0,2012.0,1963.0,1775.0,1857.0,2105.0,2220.0,2240.0,2214.0,2144.0,2064.0,2023.0,1970.0,1776.0,1857.0,2092.0,2219.0,2234.0,2211.0,2141.0,2065.0,2018.0,1964.0,1780.0,2134.0,2142.0,2083.0,2202.0,2240.0,2200.0,2111.0,2048.0,1994.0,1753.0,2746.0,3080.0,3078.0,3076.0,3091.0,3083.0,3082.0,3080.0,2945.0,2344.0,1973.0,1876.0,1720.0,1832.0,2804.0,2697.0,3080.0,2819.0,3076.0,2774.0,3081.0,3012.0,2540.0,1972.0,1465.0,1121.0,832.0,1821.0,1824.0,2484.0,2480.0,3040.0,2938.0,3081.0,2837.0,2204.0,1512.0,987.0,623.0,244.0,1507.0
2069.0,2022.0,1968.0,1787.0,1881.0,2096.0,2224.0,2240.0,2216.0,2136.0,2065.0,2012.0,1963.0,1775.0,1857.0,2105.0,2220.0,2240.0,2214.0,2144.0,2064.0,2023.0,1970.0,1776.0,1857.0,2092.0,2219.0,2234.0,2211.0,2141.0,2065.0,2018.0,1964.0,1780.0,2134.0,2142.0,2083.0,2202.0,2240.0,2200.0,2111.0,2048.0,1994.0,1753.0,2746.0,3080.0,3078.0,3076.0,3091.0,3083.0,3082.0,3080.0,2945.0,2344.0,1973.0,1876.0,1720.0,1832.0,2804.0,2697.0,3080.0,2819.0,3076.0,2774.0,3081.0,3012.0,2540.0,1972.0,1465.0,1121.0,832.0,1821.0,1824.0,2484.0,2480.0,3040.0,2938.0,3081.0,2837.0,2204.0,1512.0,987.0,623.0,244.0,1507.0,1668.0,2158.0,2409.0,2287.0,2469.0,2204.0,2258.0,1825.0,1163.0,892.0,781.0,789.0,881.0,1690.0,1752.0
2105.0,2220.0,2240.0,2214.0,2144.0,2064.0,2023.0,1970.0,1776.0,1857.0,2092.0,2219.0,2234.0,2211.0,2141.0,2065.0,2018.0,1964.0,1780.0,2134.0,2142.0,2083.0,2202.0,2240.0,2200.0,2111.0,2048.0,1994.0,1753.0,2746.0,3080.0,3078.0,3076.0,3091.0,3083.0,3082.0,3080.0,2945.0,2344.0,1973.0,1876.0,1720.0,1832.0,2804.0,2697.0,3080.0,2819.0,3076.0,2774.0,3081.0,3012.0,2540.0,1972.0,1465.0,1121.0,832.0,1821.0,1824.0,2484.0,2480.0,3040.0,2938.0,3081.0,2837.0,2204.0,1512.0,987.0,623.0,244.0,1507.0,1668.0,2158.0,2409.0,2287.0,2469.0,2204.0,2258.0,1825.0,1163.0,892.0,781.0,789.0,881.0,1690.0,1752.0,2177.0,1902.0,1925.0,1606.0,1792.0,2024.0,1784.0,1465.0,1161.0,1015.0,870.0,1296.0,1353.0,1622.0,1698.0
2065.0,2018.0,1964.0,1780.0,2134.0,2142.0,2083.0,2202.0,2240.0,2200.0,2111.0,2048.0,1994.0,1753.0,2746.0,3080.0,3078.0,3076.0,3091.0,3083.0,3082.0,3080.0,2945.0,2344.0,1973.0,1876.0,1720.0,1832.0,2804.0,2697.0,3080.0,2819.0,3076.0,2774.0,3081.0,3012.0,2540.0,1972.0,1465.0,1121.0,832.0,1821.0,1824.0,2484.0,2480.0,3040.0,2938.0,3081.0,2837.0,2204.0,1512.0,987.0,623.0,244.0,1507.0,1668.0,2158.0,2409.0,2287.0,2469.0,2204.0,2258.0,1825.0,1163.0,892.0,781.0,789.0,881.0,1690.0,1752.0,2177.0,1902.0,1925.0,1606.0,1792.0,2024.0,1784.0,1465.0,1161.0,1015.0,870.0,1296.0,1353.0,1622.0,1698.0,1864.0,1987.0,2048.0,2028.0,1745.0,1633.0,1380.0,1408.0,1108.0,873.0,1009.0,1197.0,1376.0,1504.0,1658.0
3080.0,3078.0,3076.0,3091.0,3083.0,3082.0,3080.0,2945.0,2344.0,1973.0,1876.0,1720.0,1832.0,2804.0,2697.0,3080.0,2819.0,3076.0,2774.0,3081.0,3012.0,2540.0,1972.0,1465.0,1121.0,832.0,1821.0,1824.0,2484.0,2480.0,3040.0,2938.0,3081.0,2837.0,2204.0,1512.0,987.0,623.0,244.0,1507.0,1668.0,2158.0,2409.0,2287.0,2469.0,2204.0,2258.0,1825.0,1163.0,892.0,781.0,789.0,881.0,1690.0,1752.0,2177.0,1902.0,1925.0,1606.0,1792.0,2024.0,1784.0,1465.0,1161.0,1015.0,870.0,1296.0,1353.0,1622.0,1698.0,1864.0,1987.0,2048.0,2028.0,1745.0,1633.0,1380.0,1408.0,1108.0,873.0,1009.0,1197.0,1376.0,1504.0,1658.0,1701.0,1742.0,1767.0,1635.0,1970.0,2003.0,2040.0,2053.0,2016.0,2015.0,1942.0,1888.0,1836.0,1664.0,1767.0
3080.0,2819.0,3076.0,2774.0,3081.0,3012.0,2540.0,1972.0,1465.0,1121.0,832.0,1821.0,1824.0,2484.0,2480.0,3040.0,2938.0,3081.0,2837.0,2204.0,1512.0,987.0,623.0,244.0,1507.0,1668.0,2158.0,2409.0,2287.0,2469.0,2204.0,2258.0,1825.0,1163.0,892.0,781.0,789.0,881.0,1690.0,1752.0,2177.0,1902.0,1925.0,1606.0,1792.0,2024.0,1784.0,1465.0,1161.0,1015.0,870.0,1296.0,1353.0,1622.0,1698.0,1864.0,1987.0,2048.0,2028.0,1745.0,1633.0,1380.0,1408.0,1108.0,873.0,1009.0,1197.0,1376.0,1504.0,1658.0,1701.0,1742.0,1767.0,1635.0,1970.0,2003.0,2040.0,2053.0,2016.0,2015.0,1942.0,1888.0,1836.0,1664.0,1767.0,1957.0,2037.0,2048.0,1987.0,1964.0,1906.0,1947.0,2028.0,1774.0,1791.0,1778.0,1801.0,1821.0,1755.0,1812.0
3040.0,2938.0,3081.0,2837.0,2204.0,1512.0,987.0,623.0,244.0,1507.0,1668.0,2158.0,2409.0,2287.0,2469.0,2204.0,2258.0,1825.0,1163.0,892.0,781.0,789.0,881.0,1690.0,1752.0,2177.0,1902.0,1925.0,1606.0,1792.0,2024.0,1784.0,1465.0,1161.0,1015.0,870.0,1296.0,1353.0,1622.0,1698.0,1864.0,1987.0,2048.0,2028.0,1745.0,1633.0,1380.0,1408.0,1108.0,873.0,1009.0,1197.0,1376.0,1504.0,1658.0,1701.0,1742.0,1767.0,1635.0,1970.0,2003.0,2040.0,2053.0,2016.0,2015.0,1942.0,1888.0,1836.0,1664.0,1767.0,1957.0,2037.0,2048.0,1987.0,1964.0,1906.0,1947.0,2028.0,1774.0,1791.0,1778.0,1801.0,1821.0,1755.0,1812.0,1681.0,1566.0,1504.0,1353.0,1492.0,1804.0,1969.0,2028.0,2018.0,1997.0,1997.0,1956.0,1916.0,1745.0,1849.0
2204.0,2258.0,1825.0,1163.0,892.0,781.0,789.0,881.0,1690.0,1752.0,2177.0,1902.0,1925.0,1606.0,1792.0,2024.0,1784.0,1465.0,1161.0,1015.0,870.0,1296.0,1353.0,1622.0,1698.0,1864.0,1987.0,2048.0,2028.0,1745.0,1633.0,1380.0,1408.0,1108.0,873.0,1009.0,1197.0,1376.0,1504.0,1658.0,1701.0,1742.0,1767.0,1635.0,1970.0,2003.0,2040.0,2053.0,2016.0,2015.0,1942.0,1888.0,1836.0,1664.0,1767.0,1957.0,2037.0,2048.0,1987.0,1964.0,1906.0,1947.0,2028.0,1774.0,1791.0,1778.0,1801.0,1821.0,1755.0,1812.0,1681.0,1566.0,1504.0,1353.0,1492.0,1804.0,1969.0,2028.0,2018.0,1997.0,1997.0,1956.0,1916.0,1745.0,1849.0,2113.0,2247.0,2287.0,2248.0,2221.0,2210.0,2157.0,2096.0,1908.0,2254.0,2297.0,2332.0,2346.0,2315.0,2288.0
2024.0,1784.0,1465.0,1161.0,1015.0,870.0,1296.0,1353.0,1622.0,1698.0,1864.0,1987.0,2048.0,2028.0,1745.0,1633.0,1380.0,1408.0,1108.0,873.0,1009.0,1197.0,1376.0,1504.0,1658.0,1701.0,1742.0,1767.0,1635.0,1970.0,2003.0,2040.0,2053.0,2016.0,2015.0,1942.0,1888.0,1836.0,1664.0,1767.0,1957.0,2037.0,2048.0,1987.0,1964.0,1906.0,1947.0,2028.0,1774.0,1791.0,1778.0,1801.0,1821.0,1755.0,1812.0,1681.0,1566.0,1504.0,1353.0,1492.0,1804.0,1969.0,2028.0,2018.0,1997.0,1997.0,1956.0,1916.0,1745.0,1849.0,2113.0,2247.0,2287.0,2248.0,2221.0,2210.0,2157.0,2096.0,1908.0,2254.0,2297.0,2332.0,2346.0,2315.0,2288.0,2283.0,2220.0,2166.0,1972.0,2058.0,2324.0,2432.0,2446.0,2390.0,2348.0,2319.0,2250.0,2180.0,1980.0,2058.0
1633.0,1380.0,1408.0,1108.0,873.0,1009.0,1197.0,1376.0,1504.0,1658.0,1701.0,1742.0,1767.0,1635.0,1970.0,2003.0,2040.0,2053.0,2016.0,2015.0,1942.0,1888.0,1836.0,1664.0,1767.0,1957.0,2037.0,2048.0,1987.0,1964.0,1906.0,1947.0,2028.0,1774.0,1791.0,1778.0,1801.0,1821.0,1755.0,1812.0,1681.0,1566.0,1504.0,1353.0,1492.0,1804.0,1969.0,2028.0,2018.0,1997.0,1997.0,1956.0,1916.0,1745.0,1849.0,2113.0,2247.0,2287.0,2248.0,2221.0,2210.0,2157.0,2096.0,1908.0,2254.0,2297.0,2332.0,2346.0,2315.0,2288.0,2283.0,2220.0,2166.0,1972.0,2058.0,2324.0,2432.0,2446.0,2390.0,2348.0,2319.0,2250.0,2180.0,1980.0,2058.0,2320.0,2427.0,2441.0,2384.0,2340.0,2316.0,2244.0,2176.0,1982.0,2132.0,2248.0,2377.0,2470.0,2440.0,2391.0
2003.0,2040.0,2053.0,2016.0,2015.0,1942.0,1888.0,1836.0,1664.0,1767.0,1957.0,2037.0,2048.0,1987.0,1964.0,1906.0,1947.0,2028.0,1774.0,1791.0,1778.0,1801.0,1821.0,1755.0,1812.0,1681.0,1566.0,1504.0,1353.0,1492.0,1804.0,1969.0,2028.0,2018.0,1997.0,1997.0,1956.0,1916.0,1745.0,1849.0,2113.0,2247.0,2287.0,2248.0,2221.0,2210.0,2157.0,2096.0,1908.0,2254.0,2297.0,2332.0,2346.0,2315.0,2288.0,2283.0,2220.0,2166.0,1972.0,2058.0,2324.0,2432.0,2446.0,2390.0,2348.0,2319.0,2250.0,2180.0,1980.0,2058.0,2320.0,2427.0,2441.0,2384.0,2340.0,2316.0,2244.0,2176.0,1982.0,2132.0,2248.0,2377.0,2470.0,2440.0,2391.0,2344.0,2251.0,2173.0,1955.0,2022.0,2260.0,2369.0,2378.0,2320.0,2269.0,2249.0,2180.0,2107.0,1906.0,2210.0
1906.0,1947.0,2028.0,1774.0,1791.0,1778.0,1801.0,1821.0,1755.0,1812.0,1681.0,1566.0,1504.0,1353.0,1492.0,1804.0,1969.0,2028.0,2018.0,1997.0,1997.0,1956.0,1916.0,1745.0,1849.0,2113.0,2247.0,2287.0,2248.0,2221.0,2210.0,2157.0,2096.0,1908.0,2254.0,2297.0,2332.0,2346.0,2315.0,2288.0,2283.0,2220.0,2166.0,1972.0,2058.0,2324.0,2432.0,2446.0,2390.0,2348.0,2319.0,2250.0,2180.0,1980.0,2058.0,2320.0,2427.0,2441.0,2384.0,2340.0,2316.0,2244.0,2176.0,1982.0,2132.0,2248.0,2377.0,2470.0,2440.0,2391.0,2344.0,2251.0,2173.0,1955.0,2022.0,2260.0,2369.0,2378.0,2320.0,2269.0,2249.0,2180.0,2107.0,1906.0,2210.0,2274.0,2304.0,2322.0,2268.0,2228.0,2208.0,2071.0,2066.0,1920.0,2032.0,2268.0,2372.0,2364.0,2293.0,2237.0
1804.0,1969.0,2028.0,2018.0,1997.0,1997.0,1956.0,1916.0,1745.0,1849.0,2113.0,2247.0,2287.0,2248.0,2221.0,2210.0,2157.0,2096.0,1908.0,2254.0,2297.0,2332.0,2346.0,2315.0,2288.0,2283.0,2220.0,2166.0,1972.0,2058.0,2324.0,2432.0,2446.0,2390.0,2348.0,2319.0,2250.0,2180.0,1980.0,2058.0,2320.0,2427.0,2441.0,2384.0,2340.0,2316.0,2244.0,2176.0,1982.0,2132.0,2248.0,2377.0,2470.0,2440.0,2391.0,2344.0,2251.0,2173.0,1955.0,2022.0,2260.0,2369.0,2378.0,2320.0,2269.0,2249.0,2180.0,2107.0,1906.0,2210.0,2274.0,2304.0,2322.0,2268.0,2228.0,2208.0,2071.0,2066.0,1920.0,2032.0,2268.0,2372.0,2364.0,2293.0,2237.0,2189.0,2143.0,2059.0,1856.0,1928.0,2180.0,2295.0,2304.0,2252.0,2201.0,2178.0,2129.0,2057.0,1851.0,1929.0
2210.0,2157.0,2096.0,1908.0,2254.0,2297.0,2332.0,2346.0,2315.0,2288.0,2283.0,2220.0,2166.0,1972.0,2058.0,2324.0,2432.0,2446.0,2390.0,2348.0,2319.0,2250.0,2180.0,1980.0,2058.0,2320.0,2427.0,2441.0,2384.0,2340.0,2316.0,2244.0,2176.0,1982.0,2132.0,2248.0,2377.0,2470.0,2440.0,2391.0,2344.0,2251.0,2173.0,1955.0,2022.0,2260.0,2369.0,2378.0,2320.0,2269.0,2249.0,2180.0,2107.0,1906.0,2210.0,2274.0,2304.0,2322.0,2268.0,2228.0,2208.0,2071.0,2066.0,1920.0,2032.0,2268.0,2372.0,2364.0,2293.0,2237.0,2189.0,2143.0,2059.0,1856.0,1928.0,2180.0,2295.0,2304.0,2252.0,2201.0,2178.0,2129.0,2057.0,1851.0,1929.0,2171.0,2289.0,2308.0,2246.0,2200.0,2144.0,2125.0,2048.0,1846.0,1982.0,2087.0,2235.0,2318.0,2292.0,2244.0
2324.0,2432.0,2446.0,2390.0,2348.0,2319.0,2250.0,2180.0,1980.0,2058.0,2320.0,2427.0,2441.0,2384.0,2340.0,2316.0,2244.0,2176.0,1982.0,2132.0,2248.0,2377.0,2470.0,2440.0,2391.0,2344.0,2251.0,2173.0,1955.0,2022.0,2260.0,2369.0,2378.0,2320.0,2269.0,2249.0,2180.0,2107.0,1906.0,2210.0,2274.0,2304.0,2322.0,2268.0,2228.0,2208.0,2071.0,2066.0,1920.0,2032.0,2268.0,2372.0,2364.0,2293.0,2237.0,2189.0,2143.0,2059.0,1856.0,1928.0,2180.0,2295.0,2304.0,2252.0,2201.0,2178.0,2129.0,2057.0,1851.0,1929.0,2171.0,2289.0,2308.0,2246.0,2200.0,2144.0,2125.0,2048.0,1846.0,1982.0,2087.0,2235.0,2318.0,2292.0,2244.0,2180.0,2141.0,2043.0,1824.0,2107.0,2162.0,2192.0,2217.0,2176.0,2144.0,2091.0,2090.0,2011.0,1815.0,1890.0
2316.0,2244.0,2176.0,1982.0,2132.0,2248.0,2377.0,2470.0,2440.0,2391.0,2344.0,2251.0,2173.0,1955.0,2022.0,2260.0,2369.0,2378.0,2320.0,2269.0,2249.0,2180.0,2107.0,1906.0,2210.0,2274.0,2304.0,2322.0,2268.0,2228.0,2208.0,2071.0,2066.0,1920.0,2032.0,2268.0,2372.0,2364.0,2293.0,2237.0,2189.0,2143.0,2059.0,1856.0,1928.0,2180.0,2295.0,2304.0,2252.0,2201.0,2178.0,2129.0,2057.0,1851.0,1929.0,2171.0,2289.0,2308.0,2246.0,2200.0,2144.0,2125.0,2048.0,1846.0,1982.0,2087.0,2235.0,2318.0,2292.0,2244.0,2180.0,2141.0,2043.0,1824.0,2107.0,2162.0,2192.0,2217.0,2176.0,2144.0,2091.0,2090.0,2011.0,1815.0,1890.0,2148.0,2261.0,2271.0,2218.0,2167.0,2116.0,2098.0,2016.0,1817.0,1908.0,2146.0,2252.0,2270.0,2211.0,2171.0
2260.0,2369.0,2378.0,2320.0,2269.0,2249.0,2180.0,2107.0,1906.0,2210.0,2274.0,2304.0,2322.0,2268.0,2228.0,2208.0,2071.0,2066.0,1920.0,2032.0,2268.0,2372.0,2364.0,2293.0,2237.0,2189.0,2143.0,2059.0,1856.0,1928.0,2180.0,2295.0,2304.0,2252.0,2201.0,2178.0,2129.0,2057.0,1851.0,1929.0,2171.0,2289.0,2308.0,2246.0,2200.0,2144.0,2125.0,2048.0,1846.0,1982.0,2087.0,2235.0,2318.0,2292.0,2244.0,2180.0,2141.0,2043.0,1824.0,2107.0,2162.0,2192.0,2217.0,2176.0,2144.0,2091.0,2090.0,2011.0,1815.0,1890.0,2148.0,2261.0,2271.0,2218.0,2167.0,2116.0,2098.0,2016.0,1817.0,1908.0,2146.0,2252.0,2270.0,2211.0,2171.0,2117.0,2108.0,2023.0,1812.0,1888.0,2144.0,2257.0,2269.0,2211.0,2160.0,2105.0,2101.0,2005.0,1812.0,1880.0
2208.0,2071.0,2066.0,1920.0,2032.0,2268.0,2372.0,2364.0,2293.0,2237.0,2189.0,2143.0,2059.0,1856.0,1928.0,2180.0,2295.0,2304.0,2252.0,2201.0,2178.0,2129.0,2057.0,1851.0,1929.0,2171.0,2289.0,2308.0,2246.0,2200.0,2144.0,2125.0,2048.0,1846.0,1982.0,2087.0,2235.0,2318.0,2292.0,2244.0,2180.0,2141.0,2043.0,1824.0,2107.0,2162.0,2192.0,2217.0,2176.0,2144.0,2091.0,2090.0,2011.0,1815.0,1890.0,2148.0,2261.0,2271.0,2218.0,2167.0,2116.0,2098.0,2016.0,1817.0,1908.0,2146.0,2252.0,2270.0,2211.0,2171.0,2117.0,2108.0,2023.0,1812.0,1888.0,2144.0,2257.0,2269.0,2211.0,2160.0,2105.0,2101.0,2005.0,1812.0,1880.0,2144.0,2252.0,2266.0,2208.0,2154.0,2104.0,2097.0,2011.0,1798.0,2141.0,2134.0,2117.0,2217.0,2212.0,2188.0
2180.0,2295.0,2304.0,2252.0,2201.0,2178.0,2129.0,2057.0,1851.0,1929.0,2171.0,2289.0,2308.0,2246.0,2200.0,2144.0,2125.0,2048.0,1846.0,1982.0,2087.0,2235.0,2318.0,2292.0,2244.0,2180.0,2141.0,2043.0,1824.0,2107.0,2162.0,2192.0,2217.0,2176.0,2144.0,2091.0,2090.0,2011.0,1815.0,1890.0,2148.0,2261.0,2271.0,2218.0,2167.0,2116.0,2098.0,2016.0,1817.0,1908.0,2146.0,2252.0,2270.0,2211.0,2171.0,2117.0,2108.0,2023.0,1812.0,1888.0,2144.0,2257.0,2269.0,2211.0,2160.0,2105.0,2101.0,2005.0,1812.0,1880.0,2144.0,2252.0,2266.0,2208.0,2154.0,2104.0,2097.0,2011.0,1798.0,2141.0,2134.0,2117.0,2217.0,2212.0,2188.0,2128.0,2108.0,2014.0,1802.0,1862.0,2124.0,2235.0,2239.0,2183.0,2128.0,2078.0,2056.0,1992.0,1780.0,1856.0
2144.0,2125.0,2048.0,1846.0,1982.0,2087.0,2235.0,2318.0,2292.0,2244.0,2180.0,2141.0,2043.0,1824.0,2107.0,2162.0,2192.0,2217.0,2176.0,2144.0,2091.0,2090.0,2011.0,1815.0,1890.0,2148.0,2261.0,2271.0,2218.0,2167.0,2116.0,2098.0,2016.0,1817.0,1908.0,2146.0,2252.0,2270.0,2211.0,2171.0,2117.0,2108.0,2023.0,1812.0,1888.0,2144.0,2257.0,2269.0,2211.0,2160.0,2105.0,2101.0,2005.0,1812.0,1880.0,2144.0,2252.0,2266.0,2208.0,2154.0,2104.0,2097.0,2011.0,1798.0,2141.0,2134.0,2117.0,2217.0,2212.0,2188.0,2128.0,2108.0,2014.0,1802.0,1862.0,2124.0,2235.0,2239.0,2183.0,2128.0,2078.0,2056.0,1992.0,1780.0,1856.0,2112.0,2226.0,2244.0,2181.0,2132.0,2077.0,2067.0,1992.0,1792.0,1874.0,2108.0,2218.0,2230.0,2176.0,2126.0
2162.0,2192.0,2217.0,2176.0,2144.0,2091.0,2090.0,2011.0,1815.0,1890.0,2148.0,2261.0,2271.0,2218.0,2167.0,2116.0,2098.0,2016.0,1817.0,1908.0,2146.0,2252.0,2270.0,2211.0,2171.0,2117.0,2108.0,2023.0,1812.0,1888.0,2144.0,2257.0,2269.0,2211.0,2160.0,2105.0,2101.0,2005.0,1812.0,1880.0,2144.0,2252.0,2266.0,2208.0,2154.0,2104.0,2097.0,2011.0,1798.0,2141.0,2134.0,2117.0,2217.0,2212.0,2188.0,2128.0,2108.0,2014.0,1802.0,1862.0,2124.0,2235.0,2239.0,2183.0,2128.0,2078.0,2056.0,1992.0,1780.0,1856.0,2112.0,2226.0,2244.0,2181.0,2132.0,2077.0,2067.0,1992.0,1792.0,1874.0,2108.0,2218.0,2230.0,2176.0,2126.0,2079.0,2037.0,2003.0,1797.0,1855.0,2120.0,2227.0,2251.0,2180.0,2144.0,2084.0,2041.0,2007.0,1795.0,2089.0
2116.0,2098.0,2016.0,1817.0,1908.0,2146.0,2252.0,2270.0,2211.0,2171.0,2117.0,2108.0,2023.0,1812.0,1888.0,2144.0,2257.0,2269.0,2211.0,2160.0,2105.0,2101.0,2005.0,1812.0,1880.0,2144.0,2252.0,2266.0,2208.0,2154.0,2104.0,2097.0,2011.0,1798.0,2141.0,2134.0,2117.0,2217.0,2212.0,2188.0,2128.0,2108.0,2014.0,1802.0,1862.0,2124.0,2235.0,2239.0,2183.0,2128.0,2078.0,2056.0,1992.0,1780.0,1856.0,2112.0,2226.0,2244.0,2181.0,2132.0,2077.0,2067.0,1992.0,1792.0,1874.0,2108.0,2218.0,2230.0,2176.0,2126.0,2079.0,2037.0,2003.0,1797.0,1855.0,2120.0,2227.0,2251.0,2180.0,2144.0,2084.0,2041.0,2007.0,1795.0,2089.0,2143.0,2184.0,2206.0,2165.0,2129.0,2092.0,2011.0,1988.0,1837.0,1988.0,2092.0,2225.0,2315.0,2265.0,2203.0
2144.0,2257.0,2269.0,2211.0,2160.0,2105.0,2101.0,2005.0,1812.0,1880.0,2144.0,2252.0,2266.0,2208.0,2154.0,2104.0,2097.0,2011.0,1798.0,2141.0,2134.0,2117.0,2217.0,2212.0,2188.0,2128.0,2108.0,2014.0,1802.0,1862.0,2124.0,2235.0,2239.0,2183.0,2128.0,2078.0,2056.0,1992.0,1780.0,1856.0,2112.0,2226.0,2244.0,2181.0,2132.0,2077.0,2067.0,1992.0,1792.0,1874.0,2108.0,2218.0,2230.0,2176.0,2126.0,2079.0,2037.0,2003.0,1797.0,1855.0,2120.0,2227.0,2251.0,2180.0,2144.0,2084.0,2041.0,2007.0,1795.0,2089.0,2143.0,2184.0,2206.0,2165.0,2129.0,2092.0,2011.0,1988.0,1837.0,1988.0,2092.0,2225.0,2315.0,2265.0,2203.0,2121.0,2051.0,2016.0,1781.0,1841.0,2086.0,2192.0,2207.0,2152.0,2104.0,2048.0,2009.0,1988.0,1784.0,1841.0
2104.0,2097.0,2011.0,1798.0,2141.0,2134.0,2117.0,2217.0,2212.0,2188.0,2128.0,2108.0,2014.0,1802.0,1862.0,2124.0,2235.0,2239.0,2183.0,2128.0,2078.0,2056.0,1992.0,1780.0,1856.0,2112.0,2226.0,2244.0,2181.0,2132.0,2077.0,2067.0,1992.0,1792.0,1874.0,2108.0,2218.0,2230.0,2176.0,2126.0,2079.0,2037.0,2003.0,1797.0,1855.0,2120.0,2227.0,2251.0,2180.0,2144.0,2084.0,2041.0,2007.0,1795.0,2089.0,2143.0,2184.0,2206.0,2165.0,2129.0,2092.0,2011.0,1988.0,1837.0,1988.0,2092.0,2225.0,2315.0,2265.0,2203.0,2121.0,2051.0,2016.0,1781.0,1841.0,2086.0,2192.0,2207.0,2152.0,2104.0,2048.0,2009.0,1988.0,1784.0,1841.0,2100.0,2208.0,2232.0,2177.0,2124.0,2077.0,2033.0,2020.0,1815.0,1891.0,2122.0,2235.0,2256.0,2191.0,2145.0
2124.0,2235.0,2239.0,2183.0,2128.0,2078.0,2056.0,1992.0,1780.0,1856.0,2112.0,2226.0,2244.0,2181.0,2132.0,2077.0,2067.0,1992.0,1792.0,1874.0,2108.0,2218.0,2230.0,2176.0,2126.0,2079.0,2037.0,2003.0,1797.0,1855.0,2120.0,2227.0,2251.0,2180.0,2144.0,2084.0,2041.0,2007.0,1795.0,2089.0,2143.0,2184.0,2206.0,2165.0,2129.0,2092.0,2011.0,1988.0,1837.0,1988.0,2092.0,2225.0,2315.0,2265.0,2203.0,2121.0,2051.0,2016.0,1781.0,1841.0,2086.0,2192.0,2207.0,2152.0,2104.0,2048.0,2009.0,1988.0,1784.0,1841.0,2100.0,2208.0,2232.0,2177.0,2124.0,2077.0,2033.0,2020.0,1815.0,1891.0,2122.0,2235.0,2256.0,2191.0,2145.0,2096.0,2057.0,2034.0,1831.0,2108.0,2169.0,2200.0,2219.0,2176.0,2132.0,2094.0,2054.0,2035.0,1829.0,1884.0
2077.0,2067.0,1992.0,1792.0,1874.0,2108.0,2218.0,2230.0,2176.0,2126.0,2079.0,2037.0,2003.0,1797.0,1855.0,2120.0,2227.0,2251.0,2180.0,2144.0,2084.0,2041.0,2007.0,1795.0,2089.0,2143.0,2184.0,2206.0,2165.0,2129.0,2092.0,2011.0,1988.0,1837.0,1988.0,2092.0,2225.0,2315.0,2265.0,2203.0,2121.0,2051.0,2016.0,1781.0,1841.0,2086.0,2192.0,2207.0,2152.0,2104.0,2048.0,2009.0,1988.0,1784.0,1841.0,2100.0,2208.0,2232.0,2177.0,2124.0,2077.0,2033.0,2020.0,1815.0,1891.0,2122.0,2235.0,2256.0,2191.0,2145.0,2096.0,2057.0,2034.0,1831.0,2108.0,2169.0,2200.0,2219.0,2176.0,2132.0,2094.0,2054.0,2035.0,1829.0,1884.0,2130.0,2232.0,2249.0,2192.0,2147.0,2091.0,2048.0,2000.0,1824.0,1950.0,2043.0,2196.0,2275.0,2257.0,2194.0
2120.0,2227.0,2251.0,2180.0,2144.0,2084.0,2041.0,2007.0,1795.0,2089.0,2143.0,2184.0,2206.0,2165.0,2129.0,2092.0,2011.0,1988.0,1837.0,1988.0,2092.0,2225.0,2315.0,2265.0,2203.0,2121.0,2051.0,2016.0,1781.0,1841.0,2086.0,2192.0,2207.0,2152.0,2104.0,2048.0,2009.0,1988.0,1784.0,1841.0,2100.0,2208.0,2232.0,2177.0,2124.0,2077.0,2033.0,2020.0,1815.0,1891.0,2122.0,2235.0,2256.0,2191.0,2145.0,2096.0,2057.0,2034.0,1831.0,2108.0,2169.0,2200.0,2219.0,2176.0,2132.0,2094.0,2054.0,2035.0,1829.0,1884.0,2130.0,2232.0,2249.0,2192.0,2147.0,2091.0,2048.0,2000.0,1824.0,1950.0,2043.0,2196.0,2275.0,2257.0,2194.0,2131.0,2067.0,1999.0,1824.0,1873.0,2113.0,2204.0,2220.0,2168.0,2120.0,2057.0,2017.0,1959.0,1803.0,1855.0
2092.0,2011.0,1988.0,1837.0,1988.0,2092.0,2225.0,2315.0,2265.0,2203.0,2121.0,2051.0,2016.0,1781.0,1841.0,2086.0,2192.0,2207.0,2152.0,2104.0,2048.0,2009.0,1988.0,1784.0,1841.0,2100.0,2208.0,2232.0,2177.0,2124.0,2077.0,2033.0,2020.0,1815.0,1891.0,2122.0,2235.0,2256.0,2191.0,2145.0,2096.0,2057.0,2034.0,1831.0,2108.0,2169.0,2200.0,2219.0,2176.0,2132.0,2094.0,2054.0,2035.0,1829.0,1884.0,2130.0,2232.0,2249.0,2192.0,2147.0,2091.0,2048.0,2000.0,1824.0,1950.0,2043.0,2196.0,2275.0,2257.0,2194.0,2131.0,2067.0,1999.0,1824.0,1873.0,2113.0,2204.0,2220.0,2168.0,2120.0,2057.0,2017.0,1959.0,1803.0,1855.0,2094.0,2202.0,2211.0,2166.0,2119.0,2070.0,2021.0,1962.0,1803.0,2088.0,2134.0,2162.0,2186.0,2143.0,2104.0
2086.0,2192.0,2207.0,2152.0,2104.0,2048.0,2009.0,1988.0,1784.0,1841.0,2100.0,2208.0,2232.0,2177.0,2124.0,2077.0,2033.0,2020.0,1815.0,1891.0,2122.0,2235.0,2256.0,2191.0,2145.0,2096.0,2057.0,2034.0,1831.0,2108.0,2169.0,2200.0,2219.0,2176.0,2132.0,2094.0,2054.0,2035.0,1829.0,1884.0,2130.0,2232.0,2249.0,2192.0,2147.0,2091.0,2048.0,2000.0,1824.0,1950.0,2043.0,2196.0,2275.0,2257.0,2194.0,2131.0,2067.0,1999.0,1824.0,1873.0,2113.0,2204.0,2220.0,2168.0,2120.0,2057.0,2017.0,1959.0,1803.0,1855.0,2094.0,2202.0,2211.0,2166.0,2119.0,2070.0,2021.0,1962.0,1803.0,2088.0,2134.0,2162.0,2186.0,2143.0,2104.0,2056.0,2018.0,1967.0,1816.0,1882.0,2121.0,2230.0,2240.0,2202.0,2144.0,2080.0,2032.0,1968.0,1832.0,1892.0
2077.0,2033.0,2020.0,1815.0,1891.0,2122.0,2235.0,2256.0,2191.0,2145.0,2096.0,2057.0,2034.0,1831.0,2108.0,2169.0,2200.0,2219.0,2176.0,2132.0,2094.0,2054.0,2035.0,1829.0,1884.0,2130.0,2232.0,2249.0,2192.0,2147.0,2091.0,2048.0,2000.0,1824.0,1950.0,2043.0,2196.0,2275.0,2257.0,2194.0,2131.0,2067.0,1999.0,1824.0,1873.0,2113.0,2204.0,2220.0,2168.0,2120.0,2057.0,2017.0,1959.0,1803.0,1855.0,2094.0,2202.0,2211.0,2166.0,2119.0,2070.0,2021.0,1962.0,1803.0,2088.0,2134.0,2162.0,2186.0,2143.0,2104.0,2056.0,2018.0,1967.0,1816.0,1882.0,2121.0,2230.0,2240.0,2202.0,2144.0,2080.0,2032.0,1968.0,1832.0,1892.0,2123.0,2218.0,2240.0,2180.0,2130.0,2072.0,2026.0,1969.0,1828.0,1945.0,2035.0,2187.0,2262.0,2238.0,2190.0
2169.0,2200.0,2219.0,2176.0,2132.0,2094.0,2054.0,2035.0,1829.0,1884.0,2130.0,2232.0,2249.0,2192.0,2147.0,2091.0,2048.0,2000.0,1824.0,1950.0,2043.0,2196.0,2275.0,2257.0,2194.0,2131.0,2067.0,1999.0,1824.0,1873.0,2113.0,2204.0,2220.0,2168.0,2120.0,2057.0,2017.0,1959.0,1803.0,1855.0,2094.0,2202.0,2211.0,2166.0,2119.0,2070.0,2021.0,1962.0,1803.0,2088.0,2134.0,2162.0,2186.0,2143.0,2104.0,2056.0,2018.0,1967.0,1816.0,1882.0,2121.0,2230.0,2240.0,2202.0,2144.0,2080.0,2032.0,1968.0,1832.0,1892.0,2123.0,2218.0,2240.0,2180.0,2130.0,2072.0,2026.0,1969.0,1828.0,1945.0,2035.0,2187.0,2262.0,2238.0,2190.0,2113.0,2060.0,1982.0,1829.0,1885.0,2105.0,2192.0,2204.0,2163.0,2108.0,2054.0,2012.0,1954.0,1814.0,2081.0
2091.0,2048.0,2000.0,1824.0,1950.0,2043.0,2196.0,2275.0,2257.0,2194.0,2131.0,2067.0,1999.0,1824.0,1873.0,2113.0,2204.0,2220.0,2168.0,2120.0,2057.0,2017.0,1959.0,1803.0,1855.0,2094.0,2202.0,2211.0,2166.0,2119.0,2070.0,2021.0,1962.0,1803.0,2088.0,2134.0,2162.0,2186.0,2143.0,2104.0,2056.0,2018.0,1967.0,1816.0,1882.0,2121.0,2230.0,2240.0,2202.0,2144.0,2080.0,2032.0,1968.0,1832.0,1892.0,2123.0,2218.0,2240.0,2180.0,2130.0,2072.0,2026.0,1969.0,1828.0,1945.0,2035.0,2187.0,2262.0,2238.0,2190.0,2113.0,2060.0,1982.0,1829.0,1885.0,2105.0,2192.0,2204.0,2163.0,2108.0,2054.0,2012.0,1954.0,1814.0,2081.0,2133.0,2158.0,2176.0,2140.0,2106.0,2062.0,1995.0,1946.0,1860.0,1954.0,2173.0,2259.0,2250.0,2196.0,2136.0
2113.0,2204.0,2220.0,2168.0,2120.0,2057.0,2017.0,1959.0,1803.0,1855.0,2094.0,2202.0,2211.0,2166.0,2119.0,2070.0,2021.0,1962.0,1803.0,2088.0,2134.0,2162.0,2186.0,2143.0,2104.0,2056.0,2018.0,1967.0,1816.0,1882.0,2121.0,2230.0,2240.0,2202.0,2144.0,2080.0,2032.0,1968.0,1832.0,1892.0,2123.0,2218.0,2240.0,2180.0,2130.0,2072.0,2026.0,1969.0,1828.0,1945.0,2035.0,2187.0,2262.0,2238.0,2190.0,2113.0,2060.0,1982.0,1829.0,1885.0,2105.0,2192.0,2204.0,2163.0,2108.0,2054.0,2012.0,1954.0,1814.0,2081.0,2133.0,2158.0,2176.0,2140.0,2106.0,2062.0,1995.0,1946.0,1860.0,1954.0,2173.0,2259.0,2250.0,2196.0,2136.0,2076.0,2028.0,1972.0,1820.0,1894.0,2117.0,2207.0,2218.0,2160.0,2112.0,2059.0,2029.0,1969.0,1851.0,1905.0
2070.0,2021.0,1962.0,1803.0,2088.0,2134.0,2162.0,2186.0,2143.0,2104.0,2056.0,2018.0,1967.0,1816.0,1882.0,2121.0,2230.0,2240.0,2202.0,2144.0,2080.0,2032.0,1968.0,1832.0,1892.0,2123.0,2218.0,2240.0,2180.0,2130.0,2072.0,2026.0,1969.0,1828.0,1945.0,2035.0,2187.0,2262.0,2238.0,2190.0,2113.0,2060.0,1982.0,1829.0,1885.0,2105.0,2192.0,2204.0,2163.0,2108.0,2054.0,2012.0,1954.0,1814.0,2081.0,2133.0,2158.0,2176.0,2140.0,2106.0,2062.0,1995.0,1946.0,1860.0,1954.0,2173.0,2259.0,2250.0,2196.0,2136.0,2076.0,2028.0,1972.0,1820.0,1894.0,2117.0,2207.0,2218.0,2160.0,2112.0,2059.0,2029.0,1969.0,1851.0,1905.0,2120.0,2220.0,2224.0,2176.0,2125.0,2074.0,2027.0,1971.0,1792.0,1945.0,2025.0,2166.0,2256.0,2226.0,2192.0
2121.0,2230.0,2240.0,2202.0,2144.0,2080.0,2032.0,1968.0,1832.0,1892.0,2123.0,2218.0,2240.0,2180.0,2130.0,2072.0,2026.0,1969.0,1828.0,1945.0,2035.0,2187.0,2262.0,2238.0,2190.0,2113.0,2060.0,1982.0,1829.0,1885.0,2105.0,2192.0,2204.0,2163.0,2108.0,2054.0,2012.0,1954.0,1814.0,2081.0,2133.0,2158.0,2176.0,2140.0,2106.0,2062.0,1995.0,1946.0,1860.0,1954.0,2173.0,2259.0,2250.0,2196.0,2136.0,2076.0,2028.0,1972.0,1820.0,1894.0,2117.0,2207.0,2218.0,2160.0,2112.0,2059.0,2029.0,1969.0,1851.0,1905.0,2120.0,2220.0,2224.0,2176.0,2125.0,2074.0,2027.0,1971.0,1792.0,1945.0,2025.0,2166.0,2256.0,2226.0,2192.0,2113.0,2054.0,1985.0,1792.0,2094.0,2132.0,2168.0,2170.0,2132.0,2096.0,2048.0,2007.0,1948.0,1776.0,1885.0
2072.0,2026.0,1969.0,1828.0,1945.0,2035.0,2187.0,2262.0,2238.0,2190.0,2113.0,2060.0,1982.0,1829.0,1885.0,2105.0,2192.0,2204.0,2163.0,2108.0,2054.0,2012.0,1954.0,1814.0,2081.0,2133.0,2158.0,2176.0,2140.0,2106.0,2062.0,1995.0,1946.0,1860.0,1954.0,2173.0,2259.0,2250.0,2196.0,2136.0,2076.0,2028.0,1972.0,1820.0,1894.0,2117.0,2207.0,2218.0,2160.0,2112.0,2059.0,2029.0,1969.0,1851.0,1905.0,2120.0,2220.0,2224.0,2176.0,2125.0,2074.0,2027.0,1971.0,1792.0,1945.0,2025.0,2166.0,2256.0,2226.0,2192.0,2113.0,2054.0,1985.0,1792.0,2094.0,2132.0,2168.0,2170.0,2132.0,2096.0,2048.0,2007.0,1948.0,1776.0,1885.0,2056.0,2069.0,2118.0,2176.0,2203.0,2255.0,2224.0,2136.0,1903.0,1986.0,2134.0,2180.0,2153.0,2073.0,2031.0
2105.0,2192.0,2204.0,2163.0,2108.0,2054.0,2012.0,1954.0,1814.0,2081.0,2133.0,2158.0,2176.0,2140.0,2106.0,2062.0,1995.0,1946.0,1860.0,1954.0,2173.0,2259.0,2250.0,2196.0,2136.0,2076.0,2028.0,1972.0,1820.0,1894.0,2117.0,2207.0,2218.0,2160.0,2112.0,2059.0,2029.0,1969.0,1851.0,1905.0,2120.0,2220.0,2224.0,2176.0,2125.0,2074.0,2027.0,1971.0,1792.0,1945.0,2025.0,2166.0,2256.0,2226.0,2192.0,2113.0,2054.0,1985.0,1792.0,2094.0,2132.0,2168.0,2170.0,2132.0,2096.0,2048.0,2007.0,1948.0,1776.0,1885.0,2056.0,2069.0,2118.0,2176.0,2203.0,2255.0,2224.0,2136.0,1903.0,1986.0,2134.0,2180.0,2153.0,2073.0,2031.0,1970.0,1932.0,1875.0,1708.0,1852.0,2071.0,2144.0,2145.0,2096.0,2050.0,2008.0,1968.0,1910.0,1745.0,1903.0
2062.0,1995.0,1946.0,1860.0,1954.0,2173.0,2259.0,2250.0,2196.0,2136.0,2076.0,2028.0,1972.0,1820.0,1894.0,2117.0,2207.0,2218.0,2160.0,2112.0,2059.0,2029.0,1969.0,1851.0,1905.0,2120.0,2220.0,2224.0,2176.0,2125.0,2074.0,2027.0,1971.0,1792.0,1945.0,2025.0,2166.0,2256.0,2226.0,2192.0,2113.0,2054.0,1985.0,1792.0,2094.0,2132.0,2168.0,2170.0,2132.0,2096.0,2048.0,2007.0,1948.0,1776.0,1885.0,2056.0,2069.0,2118.0,2176.0,2203.0,2255.0,2224.0,2136.0,1903.0,1986.0,2134.0,2180.0,2153.0,2073.0,2031.0,1970.0,1932.0,1875.0,1708.0,1852.0,2071.0,2144.0,2145.0,2096.0,2050.0,2008.0,1968.0,1910.0,1745.0,1903.0,2105.0,2180.0,2183.0,2128.0,2089.0,2030.0,2003.0,1948.0,1780.0,2188.0,2168.0,2080.0,2182.0,2188.0,2158.0
2117.0,2207.0,2218.0,2160.0,2112.0,2059.0,2029.0,1969.0,1851.0,1905.0,2120.0,2220.0,2224.0,2176.0,2125.0,2074.0,2027.0,1971.0,1792.0,1945.0,2025.0,2166.0,2256.0,2226.0,2192.0,2113.0,2054.0,1985.0,1792.0,2094.0,2132.0,2168.0,2170.0,2132.0,2096.0,2048.0,2007.0,1948.0,1776.0,1885.0,2056.0,2069.0,2118.0,2176.0,2203.0,2255.0,2224.0,2136.0,1903.0,1986.0,2134.0,2180.0,2153.0,2073.0,2031.0,1970.0,1932.0,1875.0,1708.0,1852.0,2071.0,2144.0,2145.0,2096.0,2050.0,2008.0,1968.0,1910.0,1745.0,1903.0,2105.0,2180.0,2183.0,2128.0,2089.0,2030.0,2003.0,1948.0,1780.0,2188.0,2168.0,2080.0,2182.0,2188.0,2158.0,2124.0,2068.0,2000.0,1816.0,1899.0,2180.0,2242.0,2240.0,2172.0,2130.0,2080.0,2048.0,1981.0,1804.0,1898.0
2074.0,2027.0,1971.0,1792.0,1945.0,2025.0,2166.0,2256.0,2226.0,2192.0,2113.0,2054.0,1985.0,1792.0,2094.0,2132.0,2168.0,2170.0,2132.0,2096.0,2048.0,2007.0,1948.0,1776.0,1885.0,2056.0,2069.0,2118.0,2176.0,2203.0,2255.0,2224.0,2136.0,1903.0,1986.0,2134.0,2180.0,2153.0,2073.0,2031.0,1970.0,1932.0,1875.0,1708.0,1852.0,2071.0,2144.0,2145.0,2096.0,2050.0,2008.0,1968.0,1910.0,1745.0,1903.0,2105.0,2180.0,2183.0,2128.0,2089.0,2030.0,2003.0,1948.0,1780.0,2188.0,2168.0,2080.0,2182.0,2188.0,2158.0,2124.0,2068.0,2000.0,1816.0,1899.0,2180.0,2242.0,2240.0,2172.0,2130.0,2080.0,2048.0,1981.0,1804.0,1898.0,2178.0,2260.0,2246.0,2193.0,2280.0,2128.0,1987.0,1897.0,1744.0,1859.0,2179.0,2260.0,2260.0,2195.0,2152.0
2132.0,2168.0,2170.0,2132.0,2096.0,2048.0,2007.0,1948.0,1776.0,1885.0,2056.0,2069.0,2118.0,2176.0,2203.0,2255.0,2224.0,2136.0,1903.0,1986.0,2134.0,2180.0,2153.0,2073.0,2031.0,1970.0,1932.0,1875.0,1708.0,1852.0,2071.0,2144.0,2145.0,2096.0,2050.0,2008.0,1968.0,1910.0,1745.0,1903.0,2105.0,2180.0,2183.0,2128.0,2089.0,2030.0,2003.0,1948.0,1780.0,2188.0,2168.0,2080.0,2182.0,2188.0,2158.0,2124.0,2068.0,2000.0,1816.0,1899.0,2180.0,2242.0,2240.0,2172.0,2130.0,2080.0,2048.0,1981.0,1804.0,1898.0,2178.0,2260.0,2246.0,2193.0,2280.0,2128.0,1987.0,1897.0,1744.0,1859.0,2179.0,2260.0,2260.0,2195.0,2152.0,2104.0,2060.0,2007.0,1833.0,1924.0,2200.0,2277.0,2259.0,2187.0,2124.0,2069.0,2028.0,1966.0,1793.0,2086.0
2255.0,2224.0,2136.0,1903.0,1986.0,2134.0,2180.0,2153.0,2073.0,2031.0,1970.0,1932.0,1875.0,1708.0,1852.0,2071.0,2144.0,2145.0,2096.0,2050.0,2008.0,1968.0,1910.0,1745.0,1903.0,2105.0,2180.0,2183.0,2128.0,2089.0,2030.0,2003.0,1948.0,1780.0,2188.0,2168.0,2080.0,2182.0,2188.0,2158.0,2124.0,2068.0,2000.0,1816.0,1899.0,2180.0,2242.0,2240.0,2172.0,2130.0,2080.0,2048.0,1981.0,1804.0,1898.0,2178.0,2260.0,2246.0,2193.0,2280.0,2128.0,1987.0,1897.0,1744.0,1859.0,2179.0,2260.0,2260.0,2195.0,2152.0,2104.0,2060.0,2007.0,1833.0,1924.0,2200.0,2277.0,2259.0,2187.0,2124.0,2069.0,2028.0,1966.0,1793.0,2086.0,2168.0,2192.0,2194.0,2131.0,2096.0,2059.0,2032.0,1932.0,1820.0,1984.0,2114.0,2258.0,2304.0,2248.0,2192.0
2071.0,2144.0,2145.0,2096.0,2050.0,2008.0,1968.0,1910.0,1745.0,1903.0,2105.0,2180.0,2183.0,2128.0,2089.0,2030.0,2003.0,1948.0,1780.0,2188.0,2168.0,2080.0,2182.0,2188.0,2158.0,2124.0,2068.0,2000.0,1816.0,1899.0,2180.0,2242.0,2240.0,2172.0,2130.0,2080.0,2048.0,1981.0,1804.0,1898.0,2178.0,2260.0,2246.0,2193.0,2280.0,2128.0,1987.0,1897.0,1744.0,1859.0,2179.0,2260.0,2260.0,2195.0,2152.0,2104.0,2060.0,2007.0,1833.0,1924.0,2200.0,2277.0,2259.0,2187.0,2124.0,2069.0,2028.0,1966.0,1793.0,2086.0,2168.0,2192.0,2194.0,2131.0,2096.0,2059.0,2032.0,1932.0,1820.0,1984.0,2114.0,2258.0,2304.0,2248.0,2192.0,2110.0,2058.0,1972.0,1792.0,1872.0,2120.0,2235.0,2216.0,2154.0,2102.0,2054.0,2017.0,1961.0,1794.0,1884.0
2030.0,2003.0,1948.0,1780.0,2188.0,2168.0,2080.0,2182.0,2188.0,2158.0,2124.0,2068.0,2000.0,1816.0,1899.0,2180.0,2242.0,2240.0,2172.0,2130.0,2080.0,2048.0,1981.0,1804.0,1898.0,2178.0,2260.0,2246.0,2193.0,2280.0,2128.0,1987.0,1897.0,1744.0,1859.0,2179.0,2260.0,2260.0,2195.0,2152.0,2104.0,2060.0,2007.0,1833.0,1924.0,2200.0,2277.0,2259.0,2187.0,2124.0,2069.0,2028.0,1966.0,1793.0,2086.0,2168.0,2192.0,2194.0,2131.0,2096.0,2059.0,2032.0,1932.0,1820.0,1984.0,2114.0,2258.0,2304.0,2248.0,2192.0,2110.0,2058.0,1972.0,1792.0,1872.0,2120.0,2235.0,2216.0,2154.0,2102.0,2054.0,2017.0,1961.0,1794.0,1884.0,2129.0,2256.0,2236.0,2156.0,2111.0,2048.0,2015.0,1948.0,1782.0,1890.0,2116.0,2234.0,2218.0,2149.0,2096.0
2180.0,2242.0,2240.0,2172.0,2130.0,2080.0,2048.0,1981.0,1804.0,1898.0,2178.0,2260.0,2246.0,2193.0,2280.0,2128.0,1987.0,1897.0,1744.0,1859.0,2179.0,2260.0,2260.0,2195.0,2152.0,2104.0,2060.0,2007.0,1833.0,1924.0,2200.0,2277.0,2259.0,2187.0,2124.0,2069.0,2028.0,1966.0,1793.0,2086.0,2168.0,2192.0,2194.0,2131.0,2096.0,2059.0,2032.0,1932.0,1820.0,1984.0,2114.0,2258.0,2304.0,2248.0,2192.0,2110.0,2058.0,1972.0,1792.0,1872.0,2120.0,2235.0,2216.0,2154.0,2102.0,2054.0,2017.0,1961.0,1794.0,1884.0,2129.0,2256.0,2236.0,2156.0,2111.0,2048.0,2015.0,1948.0,1782.0,1890.0,2116.0,2234.0,2218.0,2149.0,2096.0,2048.0,2016.0,1962.0,1778.0,2080.0,2144.0,2200.0,2189.0,2128.0,2091.0,2048.0,2026.0,1968.0,1800.0,1895.0
2128.0,1987.0,1897.0,1744.0,1859.0,2179.0,2260.0,2260.0,2195.0,2152.0,2104.0,2060.0,2007.0,1833.0,1924.0,2200.0,2277.0,2259.0,2187.0,2124.0,2069.0,2028.0,1966.0,1793.0,2086.0,2168.0,2192.0,2194.0,2131.0,2096.0,2059.0,2032.0,1932.0,1820.0,1984.0,2114.0,2258.0,2304.0,2248.0,2192.0,2110.0,2058.0,1972.0,1792.0,1872.0,2120.0,2235.0,2216.0,2154.0,2102.0,2054.0,2017.0,1961.0,1794.0,1884.0,2129.0,2256.0,2236.0,2156.0,2111.0,2048.0,2015.0,1948.0,1782.0,1890.0,2116.0,2234.0,2218.0,2149.0,2096.0,2048.0,2016.0,1962.0,1778.0,2080.0,2144.0,2200.0,2189.0,2128.0,2091.0,2048.0,2026.0,1968.0,1800.0,1895.0,2144.0,2269.0,2252.0,2186.0,2128.0,2077.0,2040.0,1966.0,1804.0,1949.0,2055.0,2240.0,2290.0,2242.0,2185.0
2200.0,2277.0,2259.0,2187.0,2124.0,2069.0,2028.0,1966.0,1793.0,2086.0,2168.0,2192.0,2194.0,2131.0,2096.0,2059.0,2032.0,1932.0,1820.0,1984.0,2114.0,2258.0,2304.0,2248.0,2192.0,2110.0,2058.0,1972.0,1792.0,1872.0,2120.0,2235.0,2216.0,2154.0,2102.0,2054.0,2017.0,1961.0,1794.0,1884.0,2129.0,2256.0,2236.0,2156.0,2111.0,2048.0,2015.0,1948.0,1782.0,1890.0,2116.0,2234.0,2218.0,2149.0,2096.0,2048.0,2016.0,1962.0,1778.0,2080.0,2144.0,2200.0,2189.0,2128.0,2091.0,2048.0,2026.0,1968.0,1800.0,1895.0,2144.0,2269.0,2252.0,2186.0,2128.0,2077.0,2040.0,1966.0,1804.0,1949.0,2055.0,2240.0,2290.0,2242.0,2185.0,2115.0,2076.0,2000.0,1810.0,1897.0,2132.0,2263.0,2236.0,2165.0,2100.0,2040.0,2013.0,1943.0,1776.0,1860.0
2059.0,2032.0,1932.0,1820.0,1984.0,2114.0,2258.0,2304.0,2248.0,2192.0,2110.0,2058.0,1972.0,1792.0,1872.0,2120.0,2235.0,2216.0,2154.0,2102.0,2054.0,2017.0,1961.0,1794.0,1884.0,2129.0,2256.0,2236.0,2156.0,2111.0,2048.0,2015.0,1948.0,1782.0,1890.0,2116.0,2234.0,2218.0,2149.0,2096.0,2048.0,2016.0,1962.0,1778.0,2080.0,2144.0,2200.0,2189.0,2128.0,2091.0,2048.0,2026.0,1968.0,1800.0,1895.0,2144.0,2269.0,2252.0,2186.0,2128.0,2077.0,2040.0,1966.0,1804.0,1949.0,2055.0,2240.0,2290.0,2242.0,2185.0,2115.0,2076.0,2000.0,1810.0,1897.0,2132.0,2263.0,2236.0,2165.0,2100.0,2040.0,2013.0,1943.0,1776.0,1860.0,2112.0,2245.0,2233.0,2156.0,2103.0,2050.0,2018.0,1956.0,1783.0,2103.0,2148.0,2214.0,2208.0,2132.0,2089.0
2120.0,2235.0,2216.0,2154.0,2102.0,2054.0,2017.0,1961.0,1794.0,1884.0,2129.0,2256.0,2236.0,2156.0,2111.0,2048.0,2015.0,1948.0,1782.0,1890.0,2116.0,2234.0,2218.0,2149.0,2096.0,2048.0,2016.0,1962.0,1778.0,2080.0,2144.0,2200.0,2189.0,2128.0,2091.0,2048.0,2026.0,1968.0,1800.0,1895.0,2144.0,2269.0,2252.0,2186.0,2128.0,2077.0,2040.0,1966.0,1804.0,1949.0,2055.0,2240.0,2290.0,2242.0,2185.0,2115.0,2076.0,2000.0,1810.0,1897.0,2132.0,2263.0,2236.0,2165.0,2100.0,2040.0,2013.0,1943.0,1776.0,1860.0,2112.0,2245.0,2233.0,2156.0,2103.0,2050.0,2018.0,1956.0,1783.0,2103.0,2148.0,2214.0,2208.0,2132.0,2089.0,2040.0,2012.0,1944.0,1788.0,1890.0,2136.0,2253.0,2256.0,2176.0,2111.0,2053.0,2012.0,1954.0,1780.0,1882.0
2048.0,2015.0,1948.0,1782.0,1890.0,2116.0,2234.0,2218.0,2149.0,2096.0,2048.0,2016.0,1962.0,1778.0,2080.0,2144.0,2200.0,2189.0,2128.0,2091.0,2048.0,2026.0,1968.0,1800.0,1895.0,2144.0,2269.0,2252.0,2186.0,2128.0,2077.0,2040.0,1966.0,1804.0,1949.0,2055.0,2240.0,2290.0,2242.0,2185.0,2115.0,2076.0,2000.0,1810.0,1897.0,2132.0,2263.0,2236.0,2165.0,2100.0,2040.0,2013.0,1943.0,1776.0,1860.0,2112.0,2245.0,2233.0,2156.0,2103.0,2050.0,2018.0,1956.0,1783.0,2103.0,2148.0,2214.0,2208.0,2132.0,2089.0,2040.0,2012.0,1944.0,1788.0,1890.0,2136.0,2253.0,2256.0,2176.0,2111.0,2053.0,2012.0,1954.0,1780.0,1882.0,2126.0,2215.0,2242.0,2150.0,2096.0,2040.0,2004.0,1948.0,1780.0,1921.0,2026.0,2188.0,2283.0,2235.0,2166.0
2144.0,2200.0,2189.0,2128.0,2091.0,2048.0,2026.0,1968.0,1800.0,1895.0,2144.0,2269.0,2252.0,2186.0,2128.0,2077.0,2040.0,1966.0,1804.0,1949.0,2055.0,2240.0,2290.0,2242.0,2185.0,2115.0,2076.0,2000.0,1810.0,1897.0,2132.0,2263.0,2236.0,2165.0,2100.0,2040.0,2013.0,1943.0,1776.0,1860.0,2112.0,2245.0,2233.0,2156.0,2103.0,2050.0,2018.0,1956.0,1783.0,2103.0,2148.0,2214.0,2208.0,2132.0,2089.0,2040.0,2012.0,1944.0,1788.0,1890.0,2136.0,2253.0,2256.0,2176.0,2111.0,2053.0,2012.0,1954.0,1780.0,1882.0,2126.0,2215.0,2242.0,2150.0,2096.0,2040.0,2004.0,1948.0,1780.0,1921.0,2026.0,2188.0,2283.0,2235.0,2166.0,2100.0,2051.0,1974.0,1796.0,1876.0,2113.0,2208.0,2245.0,2156.0,2097.0,2040.0,2009.0,1948.0,1772.0,2073.0
2077.0,2040.0,1966.0,1804.0,1949.0,2055.0,2240.0,2290.0,2242.0,2185.0,2115.0,2076.0,2000.0,1810.0,1897.0,2132.0,2263.0,2236.0,2165.0,2100.0,2040.0,2013.0,1943.0,1776.0,1860.0,2112.0,2245.0,2233.0,2156.0,2103.0,2050.0,2018.0,1956.0,1783.0,2103.0,2148.0,2214.0,2208.0,2132.0,2089.0,2040.0,2012.0,1944.0,1788.0,1890.0,2136.0,2253.0,2256.0,2176.0,2111.0,2053.0,2012.0,1954.0,1780.0,1882.0,2126.0,2215.0,2242.0,2150.0,2096.0,2040.0,2004.0,1948.0,1780.0,1921.0,2026.0,2188.0,2283.0,2235.0,2166.0,2100.0,2051.0,1974.0,1796.0,1876.0,2113.0,2208.0,2245.0,2156.0,2097.0,2040.0,2009.0,1948.0,1772.0,2073.0,2133.0,2165.0,2194.0,2125.0,2073.0,2030.0,2013.0,1900.0,1800.0,1932.0,2178.0,2262.0,2292.0,2192.0,2125.0
2132.0,2263.0,2236.0,2165.0,2100.0,2040.0,2013.0,1943.0,1776.0,1860.0,2112.0,2245.0,2233.0,2156.0,2103.0,2050.0,2018.0,1956.0,1783.0,2103.0,2148.0,2214.0,2208.0,2132.0,2089.0,2040.0,2012.0,1944.0,1788.0,1890.0,2136.0,2253.0,2256.0,2176.0,2111.0,2053.0,2012.0,1954.0,1780.0,1882.0,2126.0,2215.0,2242.0,2150.0,2096.0,2040.0,2004.0,1948.0,1780.0,1921.0,2026.0,2188.0,2283.0,2235.0,2166.0,2100.0,2051.0,1974.0,1796.0,1876.0,2113.0,2208.0,2245.0,2156.0,2097.0,2040.0,2009.0,1948.0,1772.0,2073.0,2133.0,2165.0,2194.0,2125.0,2073.0,2030.0,2013.0,1900.0,1800.0,1932.0,2178.0,2262.0,2292.0,2192.0,2125.0,2060.0,2018.0,1956.0,1789.0,1889.0,2134.0,2247.0,2290.0,2204.0,2130.0,2070.0,2040.0,1972.0,1810.0,1895.0
2050.0,2018.0,1956.0,1783.0,2103.0,2148.0,2214.0,2208.0,2132.0,2089.0,2040.0,2012.0,1944.0,1788.0,1890.0,2136.0,2253.0,2256.0,2176.0,2111.0,2053.0,2012.0,1954.0,1780.0,1882.0,2126.0,2215.0,2242.0,2150.0,2096.0,2040.0,2004.0,1948.0,1780.0,1921.0,2026.0,2188.0,2283.0,2235.0,2166.0,2100.0,2051.0,1974.0,1796.0,1876.0,2113.0,2208.0,2245.0,2156.0,2097.0,2040.0,2009.0,1948.0,1772.0,2073.0,2133.0,2165.0,2194.0,2125.0,2073.0,2030.0,2013.0,1900.0,1800.0,1932.0,2178.0,2262.0,2292.0,2192.0,2125.0,2060.0,2018.0,1956.0,1789.0,1889.0,2134.0,2247.0,2290.0,2204.0,2130.0,2070.0,2040.0,1972.0,1810.0,1895.0,2140.0,2250.0,2291.0,2196.0,2127.0,2060.0,2025.0,1969.0,1804.0,1940.0,2038.0,2196.0,2304.0,2241.0,2176.0
2136.0,2253.0,2256.0,2176.0,2111.0,2053.0,2012.0,1954.0,1780.0,1882.0,2126.0,2215.0,2242.0,2150.0,2096.0,2040.0,2004.0,1948.0,1780.0,1921.0,2026.0,2188.0,2283.0,2235.0,2166.0,2100.0,2051.0,1974.0,1796.0,1876.0,2113.0,2208.0,2245.0,2156.0,2097.0,2040.0,2009.0,1948.0,1772.0,2073.0,2133.0,2165.0,2194.0,2125.0,2073.0,2030.0,2013.0,1900.0,1800.0,1932.0,2178.0,2262.0,2292.0,2192.0,2125.0,2060.0,2018.0,1956.0,1789.0,1889.0,2134.0,2247.0,2290.0,2204.0,2130.0,2070.0,2040.0,1972.0,1810.0,1895.0,2140.0,2250.0,2291.0,2196.0,2127.0,2060.0,2025.0,1969.0,1804.0,1940.0,2038.0,2196.0,2304.0,2241.0,2176.0,2096.0,2048.0,1967.0,1792.0,2074.0,2137.0,2173.0,2206.0,2146.0,2084.0,2032.0,2001.0,1948.0,1789.0,1880.0
2040.0,2004.0,1948.0,1780.0,1921.0,2026.0,2188.0,2283.0,2235.0,2166.0,2100.0,2051.0,1974.0,1796.0,1876.0,2113.0,2208.0,2245.0,2156.0,2097.0,2040.0,2009.0,1948.0,1772.0,2073.0,2133.0,2165.0,2194.0,2125.0,2073.0,2030.0,2013.0,1900.0,1800.0,1932.0,2178.0,2262.0,2292.0,2192.0,2125.0,2060.0,2018.0,1956.0,1789.0,1889.0,2134.0,2247.0,2290.0,2204.0,2130.0,2070.0,2040.0,1972.0,1810.0,1895.0,2140.0,2250.0,2291.0,2196.0,2127.0,2060.0,2025.0,1969.0,1804.0,1940.0,2038.0,2196.0,2304.0,2241.0,2176.0,2096.0,2048.0,1967.0,1792.0,2074.0,2137.0,2173.0,2206.0,2146.0,2084.0,2032.0,2001.0,1948.0,1789.0,1880.0,2125.0,2230.0,2257.0,2198.0,2128.0,2058.0,2027.0,1958.0,1801.0,1900.0,2136.0,2228.0,2245.0,2192.0,2118.0
2113.0,2208.0,2245.0,2156.0,2097.0,2040.0,2009.0,1948.0,1772.0,2073.0,2133.0,2165.0,2194.0,2125.0,2073.0,2030.0,2013.0,1900.0,1800.0,1932.0,2178.0,2262.0,2292.0,2192.0,2125.0,2060.0,2018.0,1956.0,1789.0,1889.0,2134.0,2247.0,2290.0,2204.0,2130.0,2070.0,2040.0,1972.0,1810.0,1895.0,2140.0,2250.0,2291.0,2196.0,2127.0,2060.0,2025.0,1969.0,1804.0,1940.0,2038.0,2196.0,2304.0,2241.0,2176.0,2096.0,2048.0,1967.0,1792.0,2074.0,2137.0,2173.0,2206.0,2146.0,2084.0,2032.0,2001.0,1948.0,1789.0,1880.0,2125.0,2230.0,2257.0,2198.0,2128.0,2058.0,2027.0,1958.0,1801.0,1900.0,2136.0,2228.0,2245.0,2192.0,2118.0,2055.0,2015.0,1955.0,1789.0,1874.0,2128.0,2220.0,2233.0,2186.0,2119.0,2051.0,2020.0,1944.0,1786.0,1878.0
2030.0,2013.0,1900.0,1800.0,1932.0,2178.0,2262.0,2292.0,2192.0,2125.0,2060.0,2018.0,1956.0,1789.0,1889.0,2134.0,2247.0,2290.0,2204.0,2130.0,2070.0,2040.0,1972.0,1810.0,1895.0,2140.0,2250.0,2291.0,2196.0,2127.0,2060.0,2025.0,1969.0,1804.0,1940.0,2038.0,2196.0,2304.0,2241.0,2176.0,2096.0,2048.0,1967.0,1792.0,2074.0,2137.0,2173.0,2206.0,2146.0,2084.0,2032.0,2001.0,1948.0,1789.0,1880.0,2125.0,2230.0,2257.0,2198.0,2128.0,2058.0,2027.0,1958.0,1801.0,1900.0,2136.0,2228.0,2245.0,2192.0,2118.0,2055.0,2015.0,1955.0,1789.0,1874.0,2128.0,2220.0,2233.0,2186.0,2119.0,2051.0,2020.0,1944.0,1786.0,1878.0,2124.0,2216.0,2219.0,2183.0,2101.0,2038.0,1989.0,1920.0,1772.0,2112.0,2095.0,2083.0,2190.0,2208.0,2153.0
2134.0,2247.0,2290.0,2204.0,2130.0,2070.0,2040.0,1972.0,1810.0,1895.0,2140.0,2250.0,2291.0,2196.0,2127.0,2060.0,2025.0,1969.0,1804.0,1940.0,2038.0,2196.0,2304.0,2241.0,2176.0,2096.0,2048.0,1967.0,1792.0,2074.0,2137.0,2173.0,2206.0,2146.0,2084.0,2032.0,2001.0,1948.0,1789.0,1880.0,2125.0,2230.0,2257.0,2198.0,2128.0,2058.0,2027.0,1958.0,1801.0,1900.0,2136.0,2228.0,2245.0,2192.0,2118.0,2055.0,2015.0,1955.0,1789.0,1874.0,2128.0,2220.0,2233.0,2186.0,2119.0,2051.0,2020.0,1944.0,1786.0,1878.0,2124.0,2216.0,2219.0,2183.0,2101.0,2038.0,1989.0,1920.0,1772.0,2112.0,2095.0,2083.0,2190.0,2208.0,2153.0,2088.0,2033.0,1959.0,1795.0,1872.0,2112.0,2210.0,2213.0,2189.0,2109.0,2040.0,2000.0,1929.0,1785.0,1861.0
2060.0,2025.0,1969.0,1804.0,1940.0,2038.0,2196.0,2304.0,2241.0,2176.0,2096.0,2048.0,1967.0,1792.0,2074.0,2137.0,2173.0,2206.0,2146.0,2084.0,2032.0,2001.0,1948.0,1789.0,1880.0,2125.0,2230.0,2257.0,2198.0,2128.0,2058.0,2027.0,1958.0,1801.0,1900.0,2136.0,2228.0,2245.0,2192.0,2118.0,2055.0,2015.0,1955.0,1789.0,1874.0,2128.0,2220.0,2233.0,2186.0,2119.0,2051.0,2020.0,1944.0,1786.0,1878.0,2124.0,2216.0,2219.0,2183.0,2101.0,2038.0,1989.0,1920.0,1772.0,2112.0,2095.0,2083.0,2190.0,2208.0,2153.0,2088.0,2033.0,1959.0,1795.0,1872.0,2112.0,2210.0,2213.0,2189.0,2109.0,2040.0,2000.0,1929.0,1785.0,1861.0,2121.0,2213.0,2224.0,2185.0,2104.0,2038.0,1993.0,1936.0,1796.0,1886.0,2113.0,2208.0,2210.0,2186.0,2114.0
2137.0,2173.0,2206.0,2146.0,2084.0,2032.0,2001.0,1948.0,1789.0,1880.0,2125.0,2230.0,2257.0,2198.0,2128.0,2058.0,2027.0,1958.0,1801.0,1900.0,2136.0,2228.0,2245.0,2192.0,2118.0,2055.0,2015.0,1955.0,1789.0,1874.0,2128.0,2220.0,2233.0,2186.0,2119.0,2051.0,2020.0,1944.0,1786.0,1878.0,2124.0,2216.0,2219.0,2183.0,2101.0,2038.0,1989.0,1920.0,1772.0,2112.0,2095.0,2083.0,2190.0,2208.0,2153.0,2088.0,2033.0,1959.0,1795.0,1872.0,2112.0,2210.0,2213.0,2189.0,2109.0,2040.0,2000.0,1929.0,1785.0,1861.0,2121.0,2213.0,2224.0,2185.0,2104.0,2038.0,1993.0,1936.0,1796.0,1886.0,2113.0,2208.0,2210.0,2186.0,2114.0,2040.0,2000.0,1926.0,1782.0,1867.0,2128.0,2225.0,2230.0,2210.0,2136.0,2064.0,2024.0,1952.0,1815.0,2096.0
2058.0,2027.0,1958.0,1801.0,1900.0,2136.0,2228.0,2245.0,2192.0,2118.0,2055.0,2015.0,1955.0,1789.0,1874.0,2128.0,2220.0,2233.0,2186.0,2119.0,2051.0,2020.0,1944.0,1786.0,1878.0,2124.0,2216.0,2219.0,2183.0,2101.0,2038.0,1989.0,1920.0,1772.0,2112.0,2095.0,2083.0,2190.0,2208.0,2153.0,2088.0,2033.0,1959.0,1795.0,1872.0,2112.0,2210.0,2213.0,2189.0,2109.0,2040.0,2000.0,1929.0,1785.0,1861.0,2121.0,2213.0,2224.0,2185.0,2104.0,2038.0,1993.0,1936.0,1796.0,1886.0,2113.0,2208.0,2210.0,2186.0,2114.0,2040.0,2000.0,1926.0,1782.0,1867.0,2128.0,2225.0,2230.0,2210.0,2136.0,2064.0,2024.0,1952.0,1815.0,2096.0,2159.0,2200.0,2209.0,2192.0,2140.0,2064.0,2030.0,1912.0,1844.0,1992.0,2088.0,2254.0,2318.0,2296.0,2221.0
2128.0,2220.0,2233.0,2186.0,2119.0,2051.0,2020.0,1944.0,1786.0,1878.0,2124.0,2216.0,2219.0,2183.0,2101.0,2038.0,1989.0,1920.0,1772.0,2112.0,2095.0,2083.0,2190.0,2208.0,2153.0,2088.0,2033.0,1959.0,1795.0,1872.0,2112.0,2210.0,2213.0,2189.0,2109.0,2040.0,2000.0,1929.0,1785.0,1861.0,2121.0,2213.0,2224.0,2185.0,2104.0,2038.0,1993.0,1936.0,1796.0,1886.0,2113.0,2208.0,2210.0,2186.0,2114.0,2040.0,2000.0,1926.0,1782.0,1867.0,2128.0,2225.0,2230.0,2210.0,2136.0,2064.0,2024.0,1952.0,1815.0,2096.0,2159.0,2200.0,2209.0,2192.0,2140.0,2064.0,2030.0,1912.0,1844.0,1992.0,2088.0,2254.0,2318.0,2296.0,2221.0,2120.0,2055.0,1972.0,1793.0,1897.0,2126.0,2214.0,2218.0,2176.0,2128.0,2052.0,2011.0,1936.0,1776.0,1904.0
2038.0,1989.0,1920.0,1772.0,2112.0,2095.0,2083.0,2190.0,2208.0,2153.0,2088.0,2033.0,1959.0,1795.0,1872.0,2112.0,2210.0,2213.0,2189.0,2109.0,2040.0,2000.0,1929.0,1785.0,1861.0,2121.0,2213.0,2224.0,2185.0,2104.0,2038.0,1993.0,1936.0,1796.0,1886.0,2113.0,2208.0,2210.0,2186.0,2114.0,2040.0,2000.0,1926.0,1782.0,1867.0,2128.0,2225.0,2230.0,2210.0,2136.0,2064.0,2024.0,1952.0,1815.0,2096.0,2159.0,2200.0,2209.0,2192.0,2140.0,2064.0,2030.0,1912.0,1844.0,1992.0,2088.0,2254.0,2318.0,2296.0,2221.0,2120.0,2055.0,1972.0,1793.0,1897.0,2126.0,2214.0,2218.0,2176.0,2128.0,2052.0,2011.0,1936.0,1776.0,1904.0,2125.0,2216.0,2220.0,2165.0,2132.0,2062.0,2014.0,1945.0,1804.0,1896.0,2129.0,2224.0,2230.0,2174.0,2146.0
2112.0,2210.0,2213.0,2189.0,2109.0,2040.0,2000.0,1929.0,1785.0,1861.0,2121.0,2213.0,2224.0,2185.0,2104.0,2038.0,1993.0,1936.0,1796.0,1886.0,2113.0,2208.0,2210.0,2186.0,2114.0,2040.0,2000.0,1926.0,1782.0,1867.0,2128.0,2225.0,2230.0,2210.0,2136.0,2064.0,2024.0,1952.0,1815.0,2096.0,2159.0,2200.0,2209.0,2192.0,2140.0,2064.0,2030.0,1912.0,1844.0,1992.0,2088.0,2254.0,2318.0,2296.0,2221.0,2120.0,2055.0,1972.0,1793.0,1897.0,2126.0,2214.0,2218.0,2176.0,2128.0,2052.0,2011.0,1936.0,1776.0,1904.0,2125.0,2216.0,2220.0,2165.0,2132.0,2062.0,2014.0,1945.0,1804.0,1896.0,2129.0,2224.0,2230.0,2174.0,2146.0,2062.0,2014.0,1948.0,1786.0,2094.0,2152.0,2192.0,2196.0,2148.0,2125.0,2055.0,2012.0,1941.0,1787.0,1900.0
2038.0,1993.0,1936.0,1796.0,1886.0,2113.0,2208.0,2210.0,2186.0,2114.0,2040.0,2000.0,1926.0,1782.0,1867.0,2128.0,2225.0,2230.0,2210.0,2136.0,2064.0,2024.0,1952.0,1815.0,2096.0,2159.0,2200.0,2209.0,2192.0,2140.0,2064.0,2030.0,1912.0,1844.0,1992.0,2088.0,2254.0,2318.0,2296.0,2221.0,2120.0,2055.0,1972.0,1793.0,1897.0,2126.0,2214.0,2218.0,2176.0,2128.0,2052.0,2011.0,1936.0,1776.0,1904.0,2125.0,2216.0,2220.0,2165.0,2132.0,2062.0,2014.0,1945.0,1804.0,1896.0,2129.0,2224.0,2230.0,2174.0,2146.0,2062.0,2014.0,1948.0,1786.0,2094.0,2152.0,2192.0,2196.0,2148.0,2125.0,2055.0,2012.0,1941.0,1787.0,1900.0,2132.0,2228.0,2234.0,2176.0,2152.0,2066.0,2011.0,1940.0,1782.0,1946.0,2022.0,2201.0,2265.0,2228.0,2202.0
2128.0,2225.0,2230.0,2210.0,2136.0,2064.0,2024.0,1952.0,1815.0,2096.0,2159.0,2200.0,2209.0,2192.0,2140.0,2064.0,2030.0,1912.0,1844.0,1992.0,2088.0,2254.0,2318.0,2296.0,2221.0,2120.0,2055.0,1972.0,1793.0,1897.0,2126.0,2214.0,2218.0,2176.0,2128.0,2052.0,2011.0,1936.0,1776.0,1904.0,2125.0,2216.0,2220.0,2165.0,2132.0,2062.0,2014.0,1945.0,1804.0,1896.0,2129.0,2224.0,2230.0,2174.0,2146.0,2062.0,2014.0,1948.0,1786.0,2094.0,2152.0,2192.0,2196.0,2148.0,2125.0,2055.0,2012.0,1941.0,1787.0,1900.0,2132.0,2228.0,2234.0,2176.0,2152.0,2066.0,2011.0,1940.0,1782.0,1946.0,2022.0,2201.0,2265.0,2228.0,2202.0,2113.0,2049.0,1960.0,1795.0,1897.0,2131.0,2224.0,2212.0,2154.0,2141.0,2053.0,1996.0,1922.0,1782.0,1873.0
2064.0,2030.0,1912.0,1844.0,1992.0,2088.0,2254.0,2318.0,2296.0,2221.0,2120.0,2055.0,1972.0,1793.0,1897.0,2126.0,2214.0,2218.0,2176.0,2128.0,2052.0,2011.0,1936.0,1776.0,1904.0,2125.0,2216.0,2220.0,2165.0,2132.0,2062.0,2014.0,1945.0,1804.0,1896.0,2129.0,2224.0,2230.0,2174.0,2146.0,2062.0,2014.0,1948.0,1786.0,2094.0,2152.0,2192.0,2196.0,2148.0,2125.0,2055.0,2012.0,1941.0,1787.0,1900.0,2132.0,2228.0,2234.0,2176.0,2152.0,2066.0,2011.0,1940.0,1782.0,1946.0,2022.0,2201.0,2265.0,2228.0,2202.0,2113.0,2049.0,1960.0,1795.0,1897.0,2131.0,2224.0,2212.0,2154.0,2141.0,2053.0,1996.0,1922.0,1782.0,1873.0,2116.0,2196.0,2202.0,2136.0,2130.0,2048.0,2000.0,1929.0,1799.0,2097.0,2146.0,2176.0,2178.0,2136.0,2129.0
2126.0,2214.0,2218.0,2176.0,2128.0,2052.0,2011.0,1936.0,1776.0,1904.0,2125.0,2216.0,2220.0,2165.0,2132.0,2062.0,2014.0,1945.0,1804.0,1896.0,2129.0,2224.0,2230.0,2174.0,2146.0,2062.0,2014.0,1948.0,1786.0,2094.0,2152.0,2192.0,2196.0,2148.0,2125.0,2055.0,2012.0,1941.0,1787.0,1900.0,2132.0,2228.0,2234.0,2176.0,2152.0,2066.0,2011.0,1940.0,1782.0,1946.0,2022.0,2201.0,2265.0,2228.0,2202.0,2113.0,2049.0,1960.0,1795.0,1897.0,2131.0,2224.0,2212.0,2154.0,2141.0,2053.0,1996.0,1922.0,1782.0,1873.0,2116.0,2196.0,2202.0,2136.0,2130.0,2048.0,2000.0,1929.0,1799.0,2097.0,2146.0,2176.0,2178.0,2136.0,2129.0,2069.0,2022.0,1960.0,1814.0,1909.0,2152.0,2244.0,2250.0,2188.0,2160.0,2084.0,2036.0,1960.0,1800.0,1908.0
2062.0,2014.0,1945.0,1804.0,1896.0,2129.0,2224.0,2230.0,2174.0,2146.0,2062.0,2014.0,1948.0,1786.0,2094.0,2152.0,2192.0,2196.0,2148.0,2125.0,2055.0,2012.0,1941.0,1787.0,1900.0,2132.0,2228.0,2234.0,2176.0,2152.0,2066.0,2011.0,1940.0,1782.0,1946.0,2022.0,2201.0,2265.0,2228.0,2202.0,2113.0,2049.0,1960.0,1795.0,1897.0,2131.0,2224.0,2212.0,2154.0,2141.0,2053.0,1996.0,1922.0,1782.0,1873.0,2116.0,2196.0,2202.0,2136.0,2130.0,2048.0,2000.0,1929.0,1799.0,2097.0,2146.0,2176.0,2178.0,2136.0,2129.0,2069.0,2022.0,1960.0,1814.0,1909.0,2152.0,2244.0,2250.0,2188.0,2160.0,2084.0,2036.0,1960.0,1800.0,1908.0,2137.0,2237.0,2237.0,2176.0,2141.0,2087.0,2026.0,1941.0,1811.0,1949.0,2039.0,2196.0,2265.0,2225.0,2185.0
2152.0,2192.0,2196.0,2148.0,2125.0,2055.0,2012.0,1941.0,1787.0,1900.0,2132.0,2228.0,2234.0,2176.0,2152.0,2066.0,2011.0,1940.0,1782.0,1946.0,2022.0,2201.0,2265.0,2228.0,2202.0,2113.0,2049.0,1960.0,1795.0,1897.0,2131.0,2224.0,2212.0,2154.0,2141.0,2053.0,1996.0,1922.0,1782.0,1873.0,2116.0,2196.0,2202.0,2136.0,2130.0,2048.0,2000.0,1929.0,1799.0,2097.0,2146.0,2176.0,2178.0,2136.0,2129.0,2069.0,2022.0,1960.0,1814.0,1909.0,2152.0,2244.0,2250.0,2188.0,2160.0,2084.0,2036.0,1960.0,1800.0,1908.0,2137.0,2237.0,2237.0,2176.0,2141.0,2087.0,2026.0,1941.0,1811.0,1949.0,2039.0,2196.0,2265.0,2225.0,2185.0,2120.0,2048.0,1953.0,1800.0,1888.0,2114.0,2212.0,2211.0,2157.0,2105.0,2067.0,2020.0,1934.0,1800.0,2076.0
2066.0,2011.0,1940.0,1782.0,1946.0,2022.0,2201.0,2265.0,2228.0,2202.0,2113.0,2049.0,1960.0,1795.0,1897.0,2131.0,2224.0,2212.0,2154.0,2141.0,2053.0,1996.0,1922.0,1782.0,1873.0,2116.0,2196.0,2202.0,2136.0,2130.0,2048.0,2000.0,1929.0,1799.0,2097.0,2146.0,2176.0,2178.0,2136.0,2129.0,2069.0,2022.0,1960.0,1814.0,1909.0,2152.0,2244.0,2250.0,2188.0,2160.0,2084.0,2036.0,1960.0,1800.0,1908.0,2137.0,2237.0,2237.0,2176.0,2141.0,2087.0,2026.0,1941.0,1811.0,1949.0,2039.0,2196.0,2265.0,2225.0,2185.0,2120.0,2048.0,1953.0,1800.0,1888.0,2114.0,2212.0,2211.0,2157.0,2105.0,2067.0,2020.0,1934.0,1800.0,2076.0,2143.0,2176.0,2194.0,2139.0,2104.0,2084.0,2025.0,1899.0,1813.0,1939.0,2186.0,2273.0,2263.0,2192.0,2135.0
2131.0,2224.0,2212.0,2154.0,2141.0,2053.0,1996.0,1922.0,1782.0,1873.0,2116.0,2196.0,2202.0,2136.0,2130.0,2048.0,2000.0,1929.0,1799.0,2097.0,2146.0,2176.0,2178.0,2136.0,2129.0,2069.0,2022.0,1960.0,1814.0,1909.0,2152.0,2244.0,2250.0,2188.0,2160.0,2084.0,2036.0,1960.0,1800.0,1908.0,2137.0,2237.0,2237.0,2176.0,2141.0,2087.0,2026.0,1941.0,1811.0,1949.0,2039.0,2196.0,2265.0,2225.0,2185.0,2120.0,2048.0,1953.0,1800.0,1888.0,2114.0,2212.0,2211.0,2157.0,2105.0,2067.0,2020.0,1934.0,1800.0,2076.0,2143.0,2176.0,2194.0,2139.0,2104.0,2084.0,2025.0,1899.0,1813.0,1939.0,2186.0,2273.0,2263.0,2192.0,2135.0,2096.0,2018.0,1925.0,1777.0,1874.0,2108.0,2192.0,2196.0,2143.0,2146.0,2065.0,1992.0,1923.0,1789.0,1900.0
2048.0,2000.0,1929.0,1799.0,2097.0,2146.0,2176.0,2178.0,2136.0,2129.0,2069.0,2022.0,1960.0,1814.0,1909.0,2152.0,2244.0,2250.0,2188.0,2160.0,2084.0,2036.0,1960.0,1800.0,1908.0,2137.0,2237.0,2237.0,2176.0,2141.0,2087.0,2026.0,1941.0,1811.0,1949.0,2039.0,2196.0,2265.0,2225.0,2185.0,2120.0,2048.0,1953.0,1800.0,1888.0,2114.0,2212.0,2211.0,2157.0,2105.0,2067.0,2020.0,1934.0,1800.0,2076.0,2143.0,2176.0,2194.0,2139.0,2104.0,2084.0,2025.0,1899.0,1813.0,1939.0,2186.0,2273.0,2263.0,2192.0,2135.0,2096.0,2018.0,1925.0,1777.0,1874.0,2108.0,2192.0,2196.0,2143.0,2146.0,2065.0,1992.0,1923.0,1789.0,1900.0,2156.0,2248.0,2250.0,2182.0,2131.0,2105.0,2048.0,1951.0,1805.0,1943.0,1998.0,2184.0,2249.0,2219.0,2166.0
2152.0,2244.0,2250.0,2188.0,2160.0,2084.0,2036.0,1960.0,1800.0,1908.0,2137.0,2237.0,2237.0,2176.0,2141.0,2087.0,2026.0,1941.0,1811.0,1949.0,2039.0,2196.0,2265.0,2225.0,2185.0,2120.0,2048.0,1953.0,1800.0,1888.0,2114.0,2212.0,2211.0,2157.0,2105.0,2067.0,2020.0,1934.0,1800.0,2076.0,2143.0,2176.0,2194.0,2139.0,2104.0,2084.0,2025.0,1899.0,1813.0,1939.0,2186.0,2273.0,2263.0,2192.0,2135.0,2096.0,2018.0,1925.0,1777.0,1874.0,2108.0,2192.0,2196.0,2143.0,2146.0,2065.0,1992.0,1923.0,1789.0,1900.0,2156.0,2248.0,2250.0,2182.0,2131.0,2105.0,2048.0,1951.0,1805.0,1943.0,1998.0,2184.0,2249.0,2219.0,2166.0,2134.0,2044.0,1957.0,1796.0,2062.0,2138.0,2162.0,2170.0,2122.0,2092.0,2076.0,2032.0,1945.0,1806.0,1914.0
2087.0,2026.0,1941.0,1811.0,1949.0,2039.0,2196.0,2265.0,2225.0,2185.0,2120.0,2048.0,1953.0,1800.0,1888.0,2114.0,2212.0,2211.0,2157.0,2105.0,2067.0,2020.0,1934.0,1800.0,2076.0,2143.0,2176.0,2194.0,2139.0,2104.0,2084.0,2025.0,1899.0,1813.0,1939.0,2186.0,2273.0,2263.0,2192.0,2135.0,2096.0,2018.0,1925.0,1777.0,1874.0,2108.0,2192.0,2196.0,2143.0,2146.0,2065.0,1992.0,1923.0,1789.0,1900.0,2156.0,2248.0,2250.0,2182.0,2131.0,2105.0,2048.0,1951.0,1805.0,1943.0,1998.0,2184.0,2249.0,2219.0,2166.0,2134.0,2044.0,1957.0,1796.0,2062.0,2138.0,2162.0,2170.0,2122.0,2092.0,2076.0,2032.0,1945.0,1806.0,1914.0,2148.0,2240.0,2236.0,2181.0,2132.0,2113.0,2058.0,1960.0,1822.0,1905.0,2155.0,2244.0,2251.0,2182.0,2144.0
2114.0,2212.0,2211.0,2157.0,2105.0,2067.0,2020.0,1934.0,1800.0,2076.0,2143.0,2176.0,2194.0,2139.0,2104.0,2084.0,2025.0,1899.0,1813.0,1939.0,2186.0,2273.0,2263.0,2192.0,2135.0,2096.0,2018.0,1925.0,1777.0,1874.0,2108.0,2192.0,2196.0,2143.0,2146.0,2065.0,1992.0,1923.0,1789.0,1900.0,2156.0,2248.0,2250.0,2182.0,2131.0,2105.0,2048.0,1951.0,1805.0,1943.0,1998.0,2184.0,2249.0,2219.0,2166.0,2134.0,2044.0,1957.0,1796.0,2062.0,2138.0,2162.0,2170.0,2122.0,2092.0,2076.0,2032.0,1945.0,1806.0,1914.0,2148.0,2240.0,2236.0,2181.0,2132.0,2113.0,2058.0,1960.0,1822.0,1905.0,2155.0,2244.0,2251.0,2182.0,2144.0,2097.0,2058.0,1967.0,1816.0,1920.0,2144.0,2235.0,2236.0,2184.0,2136.0,2101.0,2060.0,1963.0,1826.0,1926.0
2084.0,2025.0,1899.0,1813.0,1939.0,2186.0,2273.0,2263.0,2192.0,2135.0,2096.0,2018.0,1925.0,1777.0,1874.0,2108.0,2192.0,2196.0,2143.0,2146.0,2065.0,1992.0,1923.0,1789.0,1900.0,2156.0,2248.0,2250.0,2182.0,2131.0,2105.0,2048.0,1951.0,1805.0,1943.0,1998.0,2184.0,2249.0,2219.0,2166.0,2134.0,2044.0,1957.0,1796.0,2062.0,2138.0,2162.0,2170.0,2122.0,2092.0,2076.0,2032.0,1945.0,1806.0,1914.0,2148.0,2240.0,2236.0,2181.0,2132.0,2113.0,2058.0,1960.0,1822.0,1905.0,2155.0,2244.0,2251.0,2182.0,2144.0,2097.0,2058.0,1967.0,1816.0,1920.0,2144.0,2235.0,2236.0,2184.0,2136.0,2101.0,2060.0,1963.0,1826.0,1926.0,2150.0,2240.0,2244.0,2179.0,2134.0,2085.0,2056.0,1968.0,1817.0,2144.0,2113.0,2122.0,2212.0,2200.0,2174.0
2108.0,2192.0,2196.0,2143.0,2146.0,2065.0,1992.0,1923.0,1789.0,1900.0,2156.0,2248.0,2250.0,2182.0,2131.0,2105.0,2048.0,1951.0,1805.0,1943.0,1998.0,2184.0,2249.0,2219.0,2166.0,2134.0,2044.0,1957.0,1796.0,2062.0,2138.0,2162.0,2170.0,2122.0,2092.0,2076.0,2032.0,1945.0,1806.0,1914.0,2148.0,2240.0,2236.0,2181.0,2132.0,2113.0,2058.0,1960.0,1822.0,1905.0,2155.0,2244.0,2251.0,2182.0,2144.0,2097.0,2058.0,1967.0,1816.0,1920.0,2144.0,2235.0,2236.0,2184.0,2136.0,2101.0,2060.0,1963.0,1826.0,1926.0,2150.0,2240.0,2244.0,2179.0,2134.0,2085.0,2056.0,1968.0,1817.0,2144.0,2113.0,2122.0,2212.0,2200.0,2174.0,2114.0,2096.0,1980.0,1826.0,1912.0,2132.0,2223.0,2211.0,2156.0,2105.0,2050.0,2038.0,1945.0,1796.0,1890.0
2105.0,2048.0,1951.0,1805.0,1943.0,1998.0,2184.0,2249.0,2219.0,2166.0,2134.0,2044.0,1957.0,1796.0,2062.0,2138.0,2162.0,2170.0,2122.0,2092.0,2076.0,2032.0,1945.0,1806.0,1914.0,2148.0,2240.0,2236.0,2181.0,2132.0,2113.0,2058.0,1960.0,1822.0,1905.0,2155.0,2244.0,2251.0,2182.0,2144.0,2097.0,2058.0,1967.0,1816.0,1920.0,2144.0,2235.0,2236.0,2184.0,2136.0,2101.0,2060.0,1963.0,1826.0,1926.0,2150.0,2240.0,2244.0,2179.0,2134.0,2085.0,2056.0,1968.0,1817.0,2144.0,2113.0,2122.0,2212.0,2200.0,2174.0,2114.0,2096.0,1980.0,1826.0,1912.0,2132.0,2223.0,2211.0,2156.0,2105.0,2050.0,2038.0,1945.0,1796.0,1890.0,2128.0,2221.0,2224.0,2156.0,2116.0,2060.0,2060.0,1960.0,1813.0,1921.0,2137.0,2233.0,2228.0,2172.0,2120.0
2138.0,2162.0,2170.0,2122.0,2092.0,2076.0,2032.0,1945.0,1806.0,1914.0,2148.0,2240.0,2236.0,2181.0,2132.0,2113.0,2058.0,1960.0,1822.0,1905.0,2155.0,2244.0,2251.0,2182.0,2144.0,2097.0,2058.0,1967.0,1816.0,1920.0,2144.0,2235.0,2236.0,2184.0,2136.0,2101.0,2060.0,1963.0,1826.0,1926.0,2150.0,2240.0,2244.0,2179.0,2134.0,2085.0,2056.0,1968.0,1817.0,2144.0,2113.0,2122.0,2212.0,2200.0,2174.0,2114.0,2096.0,1980.0,1826.0,1912.0,2132.0,2223.0,2211.0,2156.0,2105.0,2050.0,2038.0,1945.0,1796.0,1890.0,2128.0,2221.0,2224.0,2156.0,2116.0,2060.0,2060.0,1960.0,1813.0,1921.0,2137.0,2233.0,2228.0,2172.0,2120.0,2073.0,2062.0,1975.0,1823.0,1917.0,2146.0,2236.0,2240.0,2172.0,2135.0,2080.0,2090.0,1986.0,1832.0,2105.0
2113.0,2058.0,1960.0,1822.0,1905.0,2155.0,2244.0,2251.0,2182.0,2144.0,2097.0,2058.0,1967.0,1816.0,1920.0,2144.0,2235.0,2236.0,2184.0,2136.0,2101.0,2060.0,1963.0,1826.0,1926.0,2150.0,2240.0,2244.0,2179.0,2134.0,2085.0,2056.0,1968.0,1817.0,2144.0,2113.0,2122.0,2212.0,2200.0,2174.0,2114.0,2096.0,1980.0,1826.0,1912.0,2132.0,2223.0,2211.0,2156.0,2105.0,2050.0,2038.0,1945.0,1796.0,1890.0,2128.0,2221.0,2224.0,2156.0,2116.0,2060.0,2060.0,1960.0,1813.0,1921.0,2137.0,2233.0,2228.0,2172.0,2120.0,2073.0,2062.0,1975.0,1823.0,1917.0,2146.0,2236.0,2240.0,2172.0,2135.0,2080.0,2090.0,1986.0,1832.0,2105.0,2166.0,2204.0,2200.0,2155.0,2119.0,2080.0,2080.0,1918.0,1832.0,1990.0,2072.0,2258.0,2317.0,2262.0,2205.0
2144.0,2235.0,2236.0,2184.0,2136.0,2101.0,2060.0,1963.0,1826.0,1926.0,2150.0,2240.0,2244.0,2179.0,2134.0,2085.0,2056.0,1968.0,1817.0,2144.0,2113.0,2122.0,2212.0,2200.0,2174.0,2114.0,2096.0,1980.0,1826.0,1912.0,2132.0,2223.0,2211.0,2156.0,2105.0,2050.0,2038.0,1945.0,1796.0,1890.0,2128.0,2221.0,2224.0,2156.0,2116.0,2060.0,2060.0,1960.0,1813.0,1921.0,2137.0,2233.0,2228.0,2172.0,2120.0,2073.0,2062.0,1975.0,1823.0,1917.0,2146.0,2236.0,2240.0,2172.0,2135.0,2080.0,2090.0,1986.0,1832.0,2105.0,2166.0,2204.0,2200.0,2155.0,2119.0,2080.0,2080.0,1918.0,1832.0,1990.0,2072.0,2258.0,2317.0,2262.0,2205.0,2122.0,2089.0,1980.0,1810.0,1892.0,2115.0,2201.0,2196.0,2141.0,2099.0,2040.0,2032.0,1952.0,1793.0,1885.0
2085.0,2056.0,1968.0,1817.0,2144.0,2113.0,2122.0,2212.0,2200.0,2174.0,2114.0,2096.0,1980.0,1826.0,1912.0,2132.0,2223.0,2211.0,2156.0,2105.0,2050.0,2038.0,1945.0,1796.0,1890.0,2128.0,2221.0,2224.0,2156.0,2116.0,2060.0,2060.0,1960.0,1813.0,1921.0,2137.0,2233.0,2228.0,2172.0,2120.0,2073.0,2062.0,1975.0,1823.0,1917.0,2146.0,2236.0,2240.0,2172.0,2135.0,2080.0,2090.0,1986.0,1832.0,2105.0,2166.0,2204.0,2200.0,2155.0,2119.0,2080.0,2080.0,1918.0,1832.0,1990.0,2072.0,2258.0,2317.0,2262.0,2205.0,2122.0,2089.0,1980.0,1810.0,1892.0,2115.0,2201.0,2196.0,2141.0,2099.0,2040.0,2032.0,1952.0,1793.0,1885.0,2116.0,2194.0,2208.0,2136.0,2092.0,2038.0,2008.0,1952.0,1785.0,1896.0,2100.0,2194.0,2192.0,2130.0,2088.0
2132.0,2223.0,2211.0,2156.0,2105.0,2050.0,2038.0,1945.0,1796.0,1890.0,2128.0,2221.0,2224.0,2156.0,2116.0,2060.0,2060.0,1960.0,1813.0,1921.0,2137.0,2233.0,2228.0,2172.0,2120.0,2073.0,2062.0,1975.0,1823.0,1917.0,2146.0,2236.0,2240.0,2172.0,2135.0,2080.0,2090.0,1986.0,1832.0,2105.0,2166.0,2204.0,2200.0,2155.0,2119.0,2080.0,2080.0,1918.0,1832.0,1990.0,2072.0,2258.0,2317.0,2262.0,2205.0,2122.0,2089.0,1980.0,1810.0,1892.0,2115.0,2201.0,2196.0,2141.0,2099.0,2040.0,2032.0,1952.0,1793.0,1885.0,2116.0,2194.0,2208.0,2136.0,2092.0,2038.0,2008.0,1952.0,1785.0,1896.0,2100.0,2194.0,2192.0,2130.0,2088.0,2026.0,1996.0,1940.0,1787.0,2060.0,2120.0,2154.0,2164.0,2118.0,2076.0,2033.0,2001.0,1957.0,1796.0,1891.0
2060.0,2060.0,1960.0,1813.0,1921.0,2137.0,2233.0,2228.0,2172.0,2120.0,2073.0,2062.0,1975.0,1823.0,1917.0,2146.0,2236.0,2240.0,2172.0,2135.0,2080.0,2090.0,1986.0,1832.0,2105.0,2166.0,2204.0,2200.0,2155.0,2119.0,2080.0,2080.0,1918.0,1832.0,1990.0,2072.0,2258.0,2317.0,2262.0,2205.0,2122.0,2089.0,1980.0,1810.0,1892.0,2115.0,2201.0,2196.0,2141.0,2099.0,2040.0,2032.0,1952.0,1793.0,1885.0,2116.0,2194.0,2208.0,2136.0,2092.0,2038.0,2008.0,1952.0,1785.0,1896.0,2100.0,2194.0,2192.0,2130.0,2088.0,2026.0,1996.0,1940.0,1787.0,2060.0,2120.0,2154.0,2164.0,2118.0,2076.0,2033.0,2001.0,1957.0,1796.0,1891.0,2115.0,2202.0,2210.0,2143.0,2098.0,2036.0,1996.0,1946.0,1790.0,1916.0,1980.0,2164.0,2232.0,2196.0,2148.0
2146.0,2236.0,2240.0,2172.0,2135.0,2080.0,2090.0,1986.0,1832.0,2105.0,2166.0,2204.0,2200.0,2155.0,2119.0,2080.0,2080.0,1918.0,1832.0,1990.0,2072.0,2258.0,2317.0,2262.0,2205.0,2122.0,2089.0,1980.0,1810.0,1892.0,2115.0,2201.0,2196.0,2141.0,2099.0,2040.0,2032.0,1952.0,1793.0,1885.0,2116.0,2194.0,2208.0,2136.0,2092.0,2038.0,2008.0,1952.0,1785.0,1896.0,2100.0,2194.0,2192.0,2130.0,2088.0,2026.0,1996.0,1940.0,1787.0,2060.0,2120.0,2154.0,2164.0,2118.0,2076.0,2033.0,2001.0,1957.0,1796.0,1891.0,2115.0,2202.0,2210.0,2143.0,2098.0,2036.0,1996.0,1946.0,1790.0,1916.0,1980.0,2164.0,2232.0,2196.0,2148.0,2082.0,2031.0,1984.0,1802.0,1876.0,2092.0,2170.0,2172.0,2109.0,2069.0,2017.0,1987.0,1949.0,1786.0,1882.0
2080.0,2080.0,1918.0,1832.0,1990.0,2072.0,2258.0,2317.0,2262.0,2205.0,2122.0,2089.0,1980.0,1810.0,1892.0,2115.0,2201.0,2196.0,2141.0,2099.0,2040.0,2032.0,1952.0,1793.0,1885.0,2116.0,2194.0,2208.0,2136.0,2092.0,2038.0,2008.0,1952.0,1785.0,1896.0,2100.0,2194.0,2192.0,2130.0,2088.0,2026.0,1996.0,1940.0,1787.0,2060.0,2120.0,2154.0,2164.0,2118.0,2076.0,2033.0,2001.0,1957.0,1796.0,1891.0,2115.0,2202.0,2210.0,2143.0,2098.0,2036.0,1996.0,1946.0,1790.0,1916.0,1980.0,2164.0,2232.0,2196.0,2148.0,2082.0,2031.0,1984.0,1802.0,1876.0,2092.0,2170.0,2172.0,2109.0,2069.0,2017.0,1987.0,1949.0,1786.0,1882.0,2100.0,2192.0,2198.0,2143.0,2097.0,2048.0,2009.0,1968.0,1820.0,2090.0,2141.0,2176.0,2184.0,2132.0,2099.0
2115.0,2201.0,2196.0,2141.0,2099.0,2040.0,2032.0,1952.0,1793.0,1885.0,2116.0,2194.0,2208.0,2136.0,2092.0,2038.0,2008.0,1952.0,1785.0,1896.0,2100.0,2194.0,2192.0,2130.0,2088.0,2026.0,1996.0,1940.0,1787.0,2060.0,2120.0,2154.0,2164.0,2118.0,2076.0,2033.0,2001.0,1957.0,1796.0,1891.0,2115.0,2202.0,2210.0,2143.0,2098.0,2036.0,1996.0,1946.0,1790.0,1916.0,1980.0,2164.0,2232.0,2196.0,2148.0,2082.0,2031.0,1984.0,1802.0,1876.0,2092.0,2170.0,2172.0,2109.0,2069.0,2017.0,1987.0,1949.0,1786.0,1882.0,2100.0,2192.0,2198.0,2143.0,2097.0,2048.0,2009.0,1968.0,1820.0,2090.0,2141.0,2176.0,2184.0,2132.0,2099.0,2053.0,2017.0,1991.0,1829.0,1930.0,2137.0,2232.0,2232.0,2176.0,2119.0,2051.0,2016.0,1960.0,1821.0,1896.0
2038.0,2008.0,1952.0,1785.0,1896.0,2100.0,2194.0,2192.0,2130.0,2088.0,2026.0,1996.0,1940.0,1787.0,2060.0,2120.0,2154.0,2164.0,2118.0,2076.0,2033.0,2001.0,1957.0,1796.0,1891.0,2115.0,2202.0,2210.0,2143.0,2098.0,2036.0,1996.0,1946.0,1790.0,1916.0,1980.0,2164.0,2232.0,2196.0,2148.0,2082.0,2031.0,1984.0,1802.0,1876.0,2092.0,2170.0,2172.0,2109.0,2069.0,2017.0,1987.0,1949.0,1786.0,1882.0,2100.0,2192.0,2198.0,2143.0,2097.0,2048.0,2009.0,1968.0,1820.0,2090.0,2141.0,2176.0,2184.0,2132.0,2099.0,2053.0,2017.0,1991.0,1829.0,1930.0,2137.0,2232.0,2232.0,2176.0,2119.0,2051.0,2016.0,1960.0,1821.0,1896.0,2121.0,2205.0,2210.0,2146.0,2098.0,2048.0,2006.0,1976.0,1821.0,1941.0,2001.0,2184.0,2246.0,2218.0,2170.0
2120.0,2154.0,2164.0,2118.0,2076.0,2033.0,2001.0,1957.0,1796.0,1891.0,2115.0,2202.0,2210.0,2143.0,2098.0,2036.0,1996.0,1946.0,1790.0,1916.0,1980.0,2164.0,2232.0,2196.0,2148.0,2082.0,2031.0,1984.0,1802.0,1876.0,2092.0,2170.0,2172.0,2109.0,2069.0,2017.0,1987.0,1949.0,1786.0,1882.0,2100.0,2192.0,2198.0,2143.0,2097.0,2048.0,2009.0,1968.0,1820.0,2090.0,2141.0,2176.0,2184.0,2132.0,2099.0,2053.0,2017.0,1991.0,1829.0,1930.0,2137.0,2232.0,2232.0,2176.0,2119.0,2051.0,2016.0,1960.0,1821.0,1896.0,2121.0,2205.0,2210.0,2146.0,2098.0,2048.0,2006.0,1976.0,1821.0,1941.0,2001.0,2184.0,2246.0,2218.0,2170.0,2094.0,2040.0,1951.0,1817.0,1892.0,2108.0,2180.0,2179.0,2122.0,2074.0,2024.0,1990.0,1924.0,1804.0,2058.0
2036.0,1996.0,1946.0,1790.0,1916.0,1980.0,2164.0,2232.0,2196.0,2148.0,2082.0,2031.0,1984.0,1802.0,1876.0,2092.0,2170.0,2172.0,2109.0,2069.0,2017.0,1987.0,1949.0,1786.0,1882.0,2100.0,2192.0,2198.0,2143.0,2097.0,2048.0,2009.0,1968.0,1820.0,2090.0,2141.0,2176.0,2184.0,2132.0,2099.0,2053.0,2017.0,1991.0,1829.0,1930.0,2137.0,2232.0,2232.0,2176.0,2119.0,2051.0,2016.0,1960.0,1821.0,1896.0,2121.0,2205.0,2210.0,2146.0,2098.0,2048.0,2006.0,1976.0,1821.0,1941.0,2001.0,2184.0,2246.0,2218.0,2170.0,2094.0,2040.0,1951.0,1817.0,1892.0,2108.0,2180.0,2179.0,2122.0,2074.0,2024.0,1990.0,1924.0,1804.0,2058.0,2115.0,2148.0,2160.0,2110.0,2080.0,2030.0,2004.0,1861.0,1825.0,1958.0,2167.0,2244.0,2232.0,2176.0,2118.0
2092.0,2170.0,2172.0,2109.0,2069.0,2017.0,1987.0,1949.0,1786.0,1882.0,2100.0,2192.0,2198.0,2143.0,2097.0,2048.0,2009.0,1968.0,1820.0,2090.0,2141.0,2176.0,2184.0,2132.0,2099.0,2053.0,2017.0,1991.0,1829.0,1930.0,2137.0,2232.0,2232.0,2176.0,2119.0,2051.0,2016.0,1960.0,1821.0,1896.0,2121.0,2205.0,2210.0,2146.0,2098.0,2048.0,2006.0,1976.0,1821.0,1941.0,2001.0,2184.0,2246.0,2218.0,2170.0,2094.0,2040.0,1951.0,1817.0,1892.0,2108.0,2180.0,2179.0,2122.0,2074.0,2024.0,1990.0,1924.0,1804.0,2058.0,2115.0,2148.0,2160.0,2110.0,2080.0,2030.0,2004.0,1861.0,1825.0,1958.0,2167.0,2244.0,2232.0,2176.0,2118.0,2054.0,2010.0,1944.0,1836.0,1914.0,2129.0,2208.0,2202.0,2148.0,2100.0,2042.0,2007.0,1939.0,1830.0,1907.0
2048.0,2009.0,1968.0,1820.0,2090.0,2141.0,2176.0,2184.0,2132.0,2099.0,2053.0,2017.0,1991.0,1829.0,1930.0,2137.0,2232.0,2232.0,2176.0,2119.0,2051.0,2016.0,1960.0,1821.0,1896.0,2121.0,2205.0,2210.0,2146.0,2098.0,2048.0,2006.0,1976.0,1821.0,1941.0,2001.0,2184.0,2246.0,2218.0,2170.0,2094.0,2040.0,1951.0,1817.0,1892.0,2108.0,2180.0,2179.0,2122.0,2074.0,2024.0,1990.0,1924.0,1804.0,2058.0,2115.0,2148.0,2160.0,2110.0,2080.0,2030.0,2004.0,1861.0,1825.0,1958.0,2167.0,2244.0,2232.0,2176.0,2118.0,2054.0,2010.0,1944.0,1836.0,1914.0,2129.0,2208.0,2202.0,2148.0,2100.0,2042.0,2007.0,1939.0,1830.0,1907.0,2134.0,2212.0,2204.0,2154.0,2105.0,2052.0,2013.0,1942.0,1852.0,1963.0,2025.0,2204.0,2267.0,2232.0,2184.0
2137.0,2232.0,2232.0,2176.0,2119.0,2051.0,2016.0,1960.0,1821.0,1896.0,2121.0,2205.0,2210.0,2146.0,2098.0,2048.0,2006.0,1976.0,1821.0,1941.0,2001.0,2184.0,2246.0,2218.0,2170.0,2094.0,2040.0,1951.0,1817.0,1892.0,2108.0,2180.0,2179.0,2122.0,2074.0,2024.0,1990.0,1924.0,1804.0,2058.0,2115.0,2148.0,2160.0,2110.0,2080.0,2030.0,2004.0,1861.0,1825.0,1958.0,2167.0,2244.0,2232.0,2176.0,2118.0,2054.0,2010.0,1944.0,1836.0,1914.0,2129.0,2208.0,2202.0,2148.0,2100.0,2042.0,2007.0,1939.0,1830.0,1907.0,2134.0,2212.0,2204.0,2154.0,2105.0,2052.0,2013.0,1942.0,1852.0,1963.0,2025.0,2204.0,2267.0,2232.0,2184.0,2112.0,2058.0,1976.0,1856.0,2097.0,2137.0,2168.0,2165.0,2121.0,2089.0,2040.0,2008.0,1935.0,1841.0,1934.0
2048.0,2006.0,1976.0,1821.0,1941.0,2001.0,2184.0,2246.0,2218.0,2170.0,2094.0,2040.0,1951.0,1817.0,1892.0,2108.0,2180.0,2179.0,2122.0,2074.0,2024.0,1990.0,1924.0,1804.0,2058.0,2115.0,2148.0,2160.0,2110.0,2080.0,2030.0,2004.0,1861.0,1825.0,1958.0,2167.0,2244.0,2232.0,2176.0,2118.0,2054.0,2010.0,1944.0,1836.0,1914.0,2129.0,2208.0,2202.0,2148.0,2100.0,2042.0,2007.0,1939.0,1830.0,1907.0,2134.0,2212.0,2204.0,2154.0,2105.0,2052.0,2013.0,1942.0,1852.0,1963.0,2025.0,2204.0,2267.0,2232.0,2184.0,2112.0,2058.0,1976.0,1856.0,2097.0,2137.0,2168.0,2165.0,2121.0,2089.0,2040.0,2008.0,1935.0,1841.0,1934.0,2138.0,2212.0,2210.0,2158.0,2102.0,2048.0,2006.0,1939.0,1838.0,1940.0,2136.0,2219.0,2208.0,2158.0,2119.0
2108.0,2180.0,2179.0,2122.0,2074.0,2024.0,1990.0,1924.0,1804.0,2058.0,2115.0,2148.0,2160.0,2110.0,2080.0,2030.0,2004.0,1861.0,1825.0,1958.0,2167.0,2244.0,2232.0,2176.0,2118.0,2054.0,2010.0,1944.0,1836.0,1914.0,2129.0,2208.0,2202.0,2148.0,2100.0,2042.0,2007.0,1939.0,1830.0,1907.0,2134.0,2212.0,2204.0,2154.0,2105.0,2052.0,2013.0,1942.0,1852.0,1963.0,2025.0,2204.0,2267.0,2232.0,2184.0,2112.0,2058.0,1976.0,1856.0,2097.0,2137.0,2168.0,2165.0,2121.0,2089.0,2040.0,2008.0,1935.0,1841.0,1934.0,2138.0,2212.0,2210.0,2158.0,2102.0,2048.0,2006.0,1939.0,1838.0,1940.0,2136.0,2219.0,2208.0,2158.0,2119.0,2060.0,2024.0,1957.0,1838.0,1948.0,2176.0,2242.0,2240.0,2180.0,2141.0,2084.0,2040.0,1972.0,1840.0,1972.0
2030.0,2004.0,1861.0,1825.0,1958.0,2167.0,2244.0,2232.0,2176.0,2118.0,2054.0,2010.0,1944.0,1836.0,1914.0,2129.0,2208.0,2202.0,2148.0,2100.0,2042.0,2007.0,1939.0,1830.0,1907.0,2134.0,2212.0,2204.0,2154.0,2105.0,2052.0,2013.0,1942.0,1852.0,1963.0,2025.0,2204.0,2267.0,2232.0,2184.0,2112.0,2058.0,1976.0,1856.0,2097.0,2137.0,2168.0,2165.0,2121.0,2089.0,2040.0,2008.0,1935.0,1841.0,1934.0,2138.0,2212.0,2210.0,2158.0,2102.0,2048.0,2006.0,1939.0,1838.0,1940.0,2136.0,2219.0,2208.0,2158.0,2119.0,2060.0,2024.0,1957.0,1838.0,1948.0,2176.0,2242.0,2240.0,2180.0,2141.0,2084.0,2040.0,1972.0,1840.0,1972.0,2178.0,2245.0,2240.0,2176.0,2138.0,2078.0,2041.0,1965.0,1830.0,2197.0,2140.0,2141.0,2221.0,2209.0,2184.0
2129.0,2208.0,2202.0,2148.0,2100.0,2042.0,2007.0,1939.0,1830.0,1907.0,2134.0,2212.0,2204.0,2154.0,2105.0,2052.0,2013.0,1942.0,1852.0,1963.0,2025.0,2204.0,2267.0,2232.0,2184.0,2112.0,2058.0,1976.0,1856.0,2097.0,2137.0,2168.0,2165.0,2121.0,2089.0,2040.0,2008.0,1935.0,1841.0,1934.0,2138.0,2212.0,2210.0,2158.0,2102.0,2048.0,2006.0,1939.0,1838.0,1940.0,2136.0,2219.0,2208.0,2158.0,2119.0,2060.0,2024.0,1957.0,1838.0,1948.0,2176.0,2242.0,2240.0,2180.0,2141.0,2084.0,2040.0,1972.0,1840.0,1972.0,2178.0,2245.0,2240.0,2176.0,2138.0,2078.0,2041.0,1965.0,1830.0,2197.0,2140.0,2141.0,2221.0,2209.0,2184.0,2128.0,2081.0,2003.0,1859.0,1972.0,2187.0,2256.0,2246.0,2185.0,2152.0,2092.0,2060.0,1984.0,1851.0,1988.0
2052.0,2013.0,1942.0,1852.0,1963.0,2025.0,2204.0,2267.0,2232.0,2184.0,2112.0,2058.0,1976.0,1856.0,2097.0,2137.0,2168.0,2165.0,2121.0,2089.0,2040.0,2008.0,1935.0,1841.0,1934.0,2138.0,2212.0,2210.0,2158.0,2102.0,2048.0,2006.0,1939.0,1838.0,1940.0,2136.0,2219.0,2208.0,2158.0,2119.0,2060.0,2024.0,1957.0,1838.0,1948.0,2176.0,2242.0,2240.0,2180.0,2141.0,2084.0,2040.0,1972.0,1840.0,1972.0,2178.0,2245.0,2240.0,2176.0,2138.0,2078.0,2041.0,1965.0,1830.0,2197.0,2140.0,2141.0,2221.0,2209.0,2184.0,2128.0,2081.0,2003.0,1859.0,1972.0,2187.0,2256.0,2246.0,2185.0,2152.0,2092.0,2060.0,1984.0,1851.0,1988.0,2193.0,2272.0,2259.0,2203.0,2150.0,2098.0,2052.0,1985.0,1849.0,2024.0,2199.0,2254.0,2249.0,2184.0,2156.0
2137.0,2168.0,2165.0,2121.0,2089.0,2040.0,2008.0,1935.0,1841.0,1934.0,2138.0,2212.0,2210.0,2158.0,2102.0,2048.0,2006.0,1939.0,1838.0,1940.0,2136.0,2219.0,2208.0,2158.0,2119.0,2060.0,2024.0,1957.0,1838.0,1948.0,2176.0,2242.0,2240.0,2180.0,2141.0,2084.0,2040.0,1972.0,1840.0,1972.0,2178.0,2245.0,2240.0,2176.0,2138.0,2078.0,2041.0,1965.0,1830.0,2197.0,2140.0,2141.0,2221.0,2209.0,2184.0,2128.0,2081.0,2003.0,1859.0,1972.0,2187.0,2256.0,2246.0,2185.0,2152.0,2092.0,2060.0,1984.0,1851.0,1988.0,2193.0,2272.0,2259.0,2203.0,2150.0,2098.0,2052.0,1985.0,1849.0,2024.0,2199.0,2254.0,2249.0,2184.0,2156.0,2096.0,2055.0,1991.0,1860.0,2020.0,2219.0,2282.0,2268.0,2212.0,2170.0,2110.0,2076.0,2002.0,1876.0,2210.0
2048.0,2006.0,1939.0,1838.0,1940.0,2136.0,2219.0,2208.0,2158.0,2119.0,2060.0,2024.0,1957.0,1838.0,1948.0,2176.0,2242.0,2240.0,2180.0,2141.0,2084.0,2040.0,1972.0,1840.0,1972.0,2178.0,2245.0,2240.0,2176.0,2138.0,2078.0,2041.0,1965.0,1830.0,2197.0,2140.0,2141.0,2221.0,2209.0,2184.0,2128.0,2081.0,2003.0,1859.0,1972.0,2187.0,2256.0,2246.0,2185.0,2152.0,2092.0,2060.0,1984.0,1851.0,1988.0,2193.0,2272.0,2259.0,2203.0,2150.0,2098.0,2052.0,1985.0,1849.0,2024.0,2199.0,2254.0,2249.0,2184.0,2156.0,2096.0,2055.0,1991.0,1860.0,2020.0,2219.0,2282.0,2268.0,2212.0,2170.0,2110.0,2076.0,2002.0,1876.0,2210.0,2244.0,2244.0,2232.0,2180.0,2148.0,2106.0,2064.0,1932.0,1860.0,2082.0,2177.0,2300.0,2335.0,2282.0,2228.0
2176.0,2242.0,2240.0,2180.0,2141.0,2084.0,2040.0,1972.0,1840.0,1972.0,2178.0,2245.0,2240.0,2176.0,2138.0,2078.0,2041.0,1965.0,1830.0,2197.0,2140.0,2141.0,2221.0,2209.0,2184.0,2128.0,2081.0,2003.0,1859.0,1972.0,2187.0,2256.0,2246.0,2185.0,2152.0,2092.0,2060.0,1984.0,1851.0,1988.0,2193.0,2272.0,2259.0,2203.0,2150.0,2098.0,2052.0,1985.0,1849.0,2024.0,2199.0,2254.0,2249.0,2184.0,2156.0,2096.0,2055.0,1991.0,1860.0,2020.0,2219.0,2282.0,2268.0,2212.0,2170.0,2110.0,2076.0,2002.0,1876.0,2210.0,2244.0,2244.0,2232.0,2180.0,2148.0,2106.0,2064.0,1932.0,1860.0,2082.0,2177.0,2300.0,2335.0,2282.0,2228.0,2149.0,2089.0,2000.0,1848.0,1959.0,2202.0,2249.0,2213.0,2148.0,2104.0,2060.0,2011.0,1951.0,1804.0,1940.0
2078.0,2041.0,1965.0,1830.0,2197.0,2140.0,2141.0,2221.0,2209.0,2184.0,2128.0,2081.0,2003.0,1859.0,1972.0,2187.0,2256.0,2246.0,2185.0,2152.0,2092.0,2060.0,1984.0,1851.0,1988.0,2193.0,2272.0,2259.0,2203.0,2150.0,2098.0,2052.0,1985.0,1849.0,2024.0,2199.0,2254.0,2249.0,2184.0,2156.0,2096.0,2055.0,1991.0,1860.0,2020.0,2219.0,2282.0,2268.0,2212.0,2170.0,2110.0,2076.0,2002.0,1876.0,2210.0,2244.0,2244.0,2232.0,2180.0,2148.0,2106.0,2064.0,1932.0,1860.0,2082.0,2177.0,2300.0,2335.0,2282.0,2228.0,2149.0,2089.0,2000.0,1848.0,1959.0,2202.0,2249.0,2213.0,2148.0,2104.0,2060.0,2011.0,1951.0,1804.0,1940.0,2177.0,2226.0,2208.0,2142.0,2100.0,2048.0,2004.0,1929.0,1800.0,1928.0,2165.0,2224.0,2200.0,2136.0,2090.0
2187.0,2256.0,2246.0,2185.0,2152.0,2092.0,2060.0,1984.0,1851.0,1988.0,2193.0,2272.0,2259.0,2203.0,2150.0,2098.0,2052.0,1985.0,1849.0,2024.0,2199.0,2254.0,2249.0,2184.0,2156.0,2096.0,2055.0,1991.0,1860.0,2020.0,2219.0,2282.0,2268.0,2212.0,2170.0,2110.0,2076.0,2002.0,1876.0,2210.0,2244.0,2244.0,2232.0,2180.0,2148.0,2106.0,2064.0,1932.0,1860.0,2082.0,2177.0,2300.0,2335.0,2282.0,2228.0,2149.0,2089.0,2000.0,1848.0,1959.0,2202.0,2249.0,2213.0,2148.0,2104.0,2060.0,2011.0,1951.0,1804.0,1940.0,2177.0,2226.0,2208.0,2142.0,2100.0,2048.0,2004.0,1929.0,1800.0,1928.0,2165.0,2224.0,2200.0,2136.0,2090.0,2041.0,2000.0,1938.0,1792.0,2083.0,2180.0,2179.0,2168.0,2113.0,2083.0,2040.0,2009.0,1940.0,1806.0,1936.0
2098.0,2052.0,1985.0,1849.0,2024.0,2199.0,2254.0,2249.0,2184.0,2156.0,2096.0,2055.0,1991.0,1860.0,2020.0,2219.0,2282.0,2268.0,2212.0,2170.0,2110.0,2076.0,2002.0,1876.0,2210.0,2244.0,2244.0,2232.0,2180.0,2148.0,2106.0,2064.0,1932.0,1860.0,2082.0,2177.0,2300.0,2335.0,2282.0,2228.0,2149.0,2089.0,2000.0,1848.0,1959.0,2202.0,2249.0,2213.0,2148.0,2104.0,2060.0,2011.0,1951.0,1804.0,1940.0,2177.0,2226.0,2208.0,2142.0,2100.0,2048.0,2004.0,1929.0,1800.0,1928.0,2165.0,2224.0,2200.0,2136.0,2090.0,2041.0,2000.0,1938.0,1792.0,2083.0,2180.0,2179.0,2168.0,2113.0,2083.0,2040.0,2009.0,1940.0,1806.0,1936.0,2198.0,2257.0,2229.0,2167.0,2120.0,2062.0,2020.0,1954.0,1820.0,1997.0,2086.0,2234.0,2269.0,2219.0,2270.0
2219.0,2282.0,2268.0,2212.0,2170.0,2110.0,2076.0,2002.0,1876.0,2210.0,2244.0,2244.0,2232.0,2180.0,2148.0,2106.0,2064.0,1932.0,1860.0,2082.0,2177.0,2300.0,2335.0,2282.0,2228.0,2149.0,2089.0,2000.0,1848.0,1959.0,2202.0,2249.0,2213.0,2148.0,2104.0,2060.0,2011.0,1951.0,1804.0,1940.0,2177.0,2226.0,2208.0,2142.0,2100.0,2048.0,2004.0,1929.0,1800.0,1928.0,2165.0,2224.0,2200.0,2136.0,2090.0,2041.0,2000.0,1938.0,1792.0,2083.0,2180.0,2179.0,2168.0,2113.0,2083.0,2040.0,2009.0,1940.0,1806.0,1936.0,2198.0,2257.0,2229.0,2167.0,2120.0,2062.0,2020.0,1954.0,1820.0,1997.0,2086.0,2234.0,2269.0,2219.0,2270.0,2096.0,2013.0,1924.0,1780.0,1922.0,2189.0,2267.0,2220.0,2152.0,2106.0,2053.0,2017.0,1947.0,1824.0,1944.0
2106.0,2064.0,1932.0,1860.0,2082.0,2177.0,2300.0,2335.0,2282.0,2228.0,2149.0,2089.0,2000.0,1848.0,1959.0,2202.0,2249.0,2213.0,2148.0,2104.0,2060.0,2011.0,1951.0,1804.0,1940.0,2177.0,2226.0,2208.0,2142.0,2100.0,2048.0,2004.0,1929.0,1800.0,1928.0,2165.0,2224.0,2200.0,2136.0,2090.0,2041.0,2000.0,1938.0,1792.0,2083.0,2180.0,2179.0,2168.0,2113.0,2083.0,2040.0,2009.0,1940.0,1806.0,1936.0,2198.0,2257.0,2229.0,2167.0,2120.0,2062.0,2020.0,1954.0,1820.0,1997.0,2086.0,2234.0,2269.0,2219.0,2270.0,2096.0,2013.0,1924.0,1780.0,1922.0,2189.0,2267.0,2220.0,2152.0,2106.0,2053.0,2017.0,1947.0,1824.0,1944.0,2204.0,2262.0,2233.0,2150.0,2093.0,2039.0,2001.0,1933.0,1790.0,2100.0,2147.0,2198.0,2171.0,2112.0,2078.0
2202.0,2249.0,2213.0,2148.0,2104.0,2060.0,2011.0,1951.0,1804.0,1940.0,2177.0,2226.0,2208.0,2142.0,2100.0,2048.0,2004.0,1929.0,1800.0,1928.0,2165.0,2224.0,2200.0,2136.0,2090.0,2041.0,2000.0,1938.0,1792.0,2083.0,2180.0,2179.0,2168.0,2113.0,2083.0,2040.0,2009.0,1940.0,1806.0,1936.0,2198.0,2257.0,2229.0,2167.0,2120.0,2062.0,2020.0,1954.0,1820.0,1997.0,2086.0,2234.0,2269.0,2219.0,2270.0,2096.0,2013.0,1924.0,1780.0,1922.0,2189.0,2267.0,2220.0,2152.0,2106.0,2053.0,2017.0,1947.0,1824.0,1944.0,2204.0,2262.0,2233.0,2150.0,2093.0,2039.0,2001.0,1933.0,1790.0,2100.0,2147.0,2198.0,2171.0,2112.0,2078.0,2030.0,2002.0,1945.0,1798.0,1929.0,2156.0,2258.0,2217.0,2148.0,2091.0,2036.0,1996.0,1942.0,1786.0,1926.0
2048.0,2004.0,1929.0,1800.0,1928.0,2165.0,2224.0,2200.0,2136.0,2090.0,2041.0,2000.0,1938.0,1792.0,2083.0,2180.0,2179.0,2168.0,2113.0,2083.0,2040.0,2009.0,1940.0,1806.0,1936.0,2198.0,2257.0,2229.0,2167.0,2120.0,2062.0,2020.0,1954.0,1820.0,1997.0,2086.0,2234.0,2269.0,2219.0,2270.0,2096.0,2013.0,1924.0,1780.0,1922.0,2189.0,2267.0,2220.0,2152.0,2106.0,2053.0,2017.0,1947.0,1824.0,1944.0,2204.0,2262.0,2233.0,2150.0,2093.0,2039.0,2001.0,1933.0,1790.0,2100.0,2147.0,2198.0,2171.0,2112.0,2078.0,2030.0,2002.0,1945.0,1798.0,1929.0,2156.0,2258.0,2217.0,2148.0,2091.0,2036.0,1996.0,1942.0,1786.0,1926.0,2139.0,2248.0,2222.0,2140.0,2093.0,2037.0,2010.0,1937.0,1799.0,1958.0,2017.0,2237.0,2256.0,2208.0,2152.0
2180.0,2179.0,2168.0,2113.0,2083.0,2040.0,2009.0,1940.0,1806.0,1936.0,2198.0,2257.0,2229.0,2167.0,2120.0,2062.0,2020.0,1954.0,1820.0,1997.0,2086.0,2234.0,2269.0,2219.0,2270.0,2096.0,2013.0,1924.0,1780.0,1922.0,2189.0,2267.0,2220.0,2152.0,2106.0,2053.0,2017.0,1947.0,1824.0,1944.0,2204.0,2262.0,2233.0,2150.0,2093.0,2039.0,2001.0,1933.0,1790.0,2100.0,2147.0,2198.0,2171.0,2112.0,2078.0,2030.0,2002.0,1945.0,1798.0,1929.0,2156.0,2258.0,2217.0,2148.0,2091.0,2036.0,1996.0,1942.0,1786.0,1926.0,2139.0,2248.0,2222.0,2140.0,2093.0,2037.0,2010.0,1937.0,1799.0,1958.0,2017.0,2237.0,2256.0,2208.0,2152.0,2077.0,2026.0,1956.0,1785.0,1908.0,2122.0,2228.0,2192.0,2110.0,2068.0,2010.0,1984.0,1911.0,1769.0,2067.0
2062.0,2020.0,1954.0,1820.0,1997.0,2086.0,2234.0,2269.0,2219.0,2270.0,2096.0,2013.0,1924.0,1780.0,1922.0,2189.0,2267.0,2220.0,2152.0,2106.0,2053.0,2017.0,1947.0,1824.0,1944.0,2204.0,2262.0,2233.0,2150.0,2093.0,2039.0,2001.0,1933.0,1790.0,2100.0,2147.0,2198.0,2171.0,2112.0,2078.0,2030.0,2002.0,1945.0,1798.0,1929.0,2156.0,2258.0,2217.0,2148.0,2091.0,2036.0,1996.0,1942.0,1786.0,1926.0,2139.0,2248.0,2222.0,2140.0,2093.0,2037.0,2010.0,1937.0,1799.0,1958.0,2017.0,2237.0,2256.0,2208.0,2152.0,2077.0,2026.0,1956.0,1785.0,1908.0,2122.0,2228.0,2192.0,2110.0,2068.0,2010.0,1984.0,1911.0,1769.0,2067.0,2124.0,2200.0,2164.0,2098.0,2054.0,2014.0,1984.0,1855.0,1774.0,1947.0,2175.0,2277.0,2238.0,2153.0,2096.0
2189.0,2267.0,2220.0,2152.0,2106.0,2053.0,2017.0,1947.0,1824.0,1944.0,2204.0,2262.0,2233.0,2150.0,2093.0,2039.0,2001.0,1933.0,1790.0,2100.0,2147.0,2198.0,2171.0,2112.0,2078.0,2030.0,2002.0,1945.0,1798.0,1929.0,2156.0,2258.0,2217.0,2148.0,2091.0,2036.0,1996.0,1942.0,1786.0,1926.0,2139.0,2248.0,2222.0,2140.0,2093.0,2037.0,2010.0,1937.0,1799.0,1958.0,2017.0,2237.0,2256.0,2208.0,2152.0,2077.0,2026.0,1956.0,1785.0,1908.0,2122.0,2228.0,2192.0,2110.0,2068.0,2010.0,1984.0,1911.0,1769.0,2067.0,2124.0,2200.0,2164.0,2098.0,2054.0,2014.0,1984.0,1855.0,1774.0,1947.0,2175.0,2277.0,2238.0,2153.0,2096.0,2024.0,1977.0,1919.0,1762.0,1900.0,2119.0,2243.0,2205.0,2132.0,2074.0,2010.0,1984.0,1924.0,1778.0,1913.0
2039.0,2001.0,1933.0,1790.0,2100.0,2147.0,2198.0,2171.0,2112.0,2078.0,2030.0,2002.0,1945.0,1798.0,1929.0,2156.0,2258.0,2217.0,2148.0,2091.0,2036.0,1996.0,1942.0,1786.0,1926.0,2139.0,2248.0,2222.0,2140.0,2093.0,2037.0,2010.0,1937.0,1799.0,1958.0,2017.0,2237.0,2256.0,2208.0,2152.0,2077.0,2026.0,1956.0,1785.0,1908.0,2122.0,2228.0,2192.0,2110.0,2068.0,2010.0,1984.0,1911.0,1769.0,2067.0,2124.0,2200.0,2164.0,2098.0,2054.0,2014.0,1984.0,1855.0,1774.0,1947.0,2175.0,2277.0,2238.0,2153.0,2096.0,2024.0,1977.0,1919.0,1762.0,1900.0,2119.0,2243.0,2205.0,2132.0,2074.0,2010.0,1984.0,1924.0,1778.0,1913.0,2132.0,2240.0,2214.0,2126.0,2076.0,2020.0,1979.0,1923.0,1785.0,1971.0,2014.0,2232.0,2270.0,2207.0,2146.0
2156.0,2258.0,2217.0,2148.0,2091.0,2036.0,1996.0,1942.0,1786.0,1926.0,2139.0,2248.0,2222.0,2140.0,2093.0,2037.0,2010.0,1937.0,1799.0,1958.0,2017.0,2237.0,2256.0,2208.0,2152.0,2077.0,2026.0,1956.0,1785.0,1908.0,2122.0,2228.0,2192.0,2110.0,2068.0,2010.0,1984.0,1911.0,1769.0,2067.0,2124.0,2200.0,2164.0,2098.0,2054.0,2014.0,1984.0,1855.0,1774.0,1947.0,2175.0,2277.0,2238.0,2153.0,2096.0,2024.0,1977.0,1919.0,1762.0,1900.0,2119.0,2243.0,2205.0,2132.0,2074.0,2010.0,1984.0,1924.0,1778.0,1913.0,2132.0,2240.0,2214.0,2126.0,2076.0,2020.0,1979.0,1923.0,1785.0,1971.0,2014.0,2232.0,2270.0,2207.0,2146.0,2073.0,2013.0,1936.0,1784.0,2074.0,2138.0,2161.0,2172.0,2096.0,2054.0,2010.0,1976.0,1928.0,1785.0,1930.0
2037.0,2010.0,1937.0,1799.0,1958.0,2017.0,2237.0,2256.0,2208.0,2152.0,2077.0,2026.0,1956.0,1785.0,1908.0,2122.0,2228.0,2192.0,2110.0,2068.0,2010.0,1984.0,1911.0,1769.0,2067.0,2124.0,2200.0,2164.0,2098.0,2054.0,2014.0,1984.0,1855.0,1774.0,1947.0,2175.0,2277.0,2238.0,2153.0,2096.0,2024.0,1977.0,1919.0,1762.0,1900.0,2119.0,2243.0,2205.0,2132.0,2074.0,2010.0,1984.0,1924.0,1778.0,1913.0,2132.0,2240.0,2214.0,2126.0,2076.0,2020.0,1979.0,1923.0,1785.0,1971.0,2014.0,2232.0,2270.0,2207.0,2146.0,2073.0,2013.0,1936.0,1784.0,2074.0,2138.0,2161.0,2172.0,2096.0,2054.0,2010.0,1976.0,1928.0,1785.0,1930.0,2149.0,2232.0,2246.0,2158.0,2102.0,2039.0,2004.0,1953.0,1810.0,1946.0,2164.0,2248.0,2250.0,2169.0,2112.0
2122.0,2228.0,2192.0,2110.0,2068.0,2010.0,1984.0,1911.0,1769.0,2067.0,2124.0,2200.0,2164.0,2098.0,2054.0,2014.0,1984.0,1855.0,1774.0,1947.0,2175.0,2277.0,2238.0,2153.0,2096.0,2024.0,1977.0,1919.0,1762.0,1900.0,2119.0,2243.0,2205.0,2132.0,2074.0,2010.0,1984.0,1924.0,1778.0,1913.0,2132.0,2240.0,2214.0,2126.0,2076.0,2020.0,1979.0,1923.0,1785.0,1971.0,2014.0,2232.0,2270.0,2207.0,2146.0,2073.0,2013.0,1936.0,1784.0,2074.0,2138.0,2161.0,2172.0,2096.0,2054.0,2010.0,1976.0,1928.0,1785.0,1930.0,2149.0,2232.0,2246.0,2158.0,2102.0,2039.0,2004.0,1953.0,1810.0,1946.0,2164.0,2248.0,2250.0,2169.0,2112.0,2056.0,2012.0,1971.0,1818.0,1946.0,2171.0,2241.0,2259.0,2160.0,2100.0,2036.0,2002.0,1944.0,1791.0,1940.0
2014.0,1984.0,1855.0,1774.0,1947.0,2175.0,2277.0,2238.0,2153.0,2096.0,2024.0,1977.0,1919.0,1762.0,1900.0,2119.0,2243.0,2205.0,2132.0,2074.0,2010.0,1984.0,1924.0,1778.0,1913.0,2132.0,2240.0,2214.0,2126.0,2076.0,2020.0,1979.0,1923.0,1785.0,1971.0,2014.0,2232.0,2270.0,2207.0,2146.0,2073.0,2013.0,1936.0,1784.0,2074.0,2138.0,2161.0,2172.0,2096.0,2054.0,2010.0,1976.0,1928.0,1785.0,1930.0,2149.0,2232.0,2246.0,2158.0,2102.0,2039.0,2004.0,1953.0,1810.0,1946.0,2164.0,2248.0,2250.0,2169.0,2112.0,2056.0,2012.0,1971.0,1818.0,1946.0,2171.0,2241.0,2259.0,2160.0,2100.0,2036.0,2002.0,1944.0,1791.0,1940.0,2160.0,2236.0,2252.0,2164.0,2107.0,2050.0,2001.0,1956.0,1801.0,2150.0,2102.0,2142.0,2258.0,2213.0,2169.0
2119.0,2243.0,2205.0,2132.0,2074.0,2010.0,1984.0,1924.0,1778.0,1913.0,2132.0,2240.0,2214.0,2126.0,2076.0,2020.0,1979.0,1923.0,1785.0,1971.0,2014.0,2232.0,2270.0,2207.0,2146.0,2073.0,2013.0,1936.0,1784.0,2074.0,2138.0,2161.0,2172.0,2096.0,2054.0,2010.0,1976.0,1928.0,1785.0,1930.0,2149.0,2232.0,2246.0,2158.0,2102.0,2039.0,2004.0,1953.0,1810.0,1946.0,2164.0,2248.0,2250.0,2169.0,2112.0,2056.0,2012.0,1971.0,1818.0,1946.0,2171.0,2241.0,2259.0,2160.0,2100.0,2036.0,2002.0,1944.0,1791.0,1940.0,2160.0,2236.0,2252.0,2164.0,2107.0,2050.0,2001.0,1956.0,1801.0,2150.0,2102.0,2142.0,2258.0,2213.0,2169.0,2093.0,2040.0,1980.0,1810.0,1953.0,2157.0,2230.0,2246.0,2155.0,2088.0,2024.0,1981.0,1922.0,1775.0,1920.0
2020.0,1979.0,1923.0,1785.0,1971.0,2014.0,2232.0,2270.0,2207.0,2146.0,2073.0,2013.0,1936.0,1784.0,2074.0,2138.0,2161.0,2172.0,2096.0,2054.0,2010.0,1976.0,1928.0,1785.0,1930.0,2149.0,2232.0,2246.0,2158.0,2102.0,2039.0,2004.0,1953.0,1810.0,1946.0,2164.0,2248.0,2250.0,2169.0,2112.0,2056.0,2012.0,1971.0,1818.0,1946.0,2171.0,2241.0,2259.0,2160.0,2100.0,2036.0,2002.0,1944.0,1791.0,1940.0,2160.0,2236.0,2252.0,2164.0,2107.0,2050.0,2001.0,1956.0,1801.0,2150.0,2102.0,2142.0,2258.0,2213.0,2169.0,2093.0,2040.0,1980.0,1810.0,1953.0,2157.0,2230.0,2246.0,2155.0,2088.0,2024.0,1981.0,1922.0,1775.0,1920.0,2146.0,2223.0,2248.0,2156.0,2086.0,2023.0,1973.0,1927.0,1774.0,1928.0,2136.0,2222.0,2239.0,2156.0,2092.0
2138.0,2161.0,2172.0,2096.0,2054.0,2010.0,1976.0,1928.0,1785.0,1930.0,2149.0,2232.0,2246.0,2158.0,2102.0,2039.0,2004.0,1953.0,1810.0,1946.0,2164.0,2248.0,2250.0,2169.0,2112.0,2056.0,2012.0,1971.0,1818.0,1946.0,2171.0,2241.0,2259.0,2160.0,2100.0,2036.0,2002.0,1944.0,1791.0,1940.0,2160.0,2236.0,2252.0,2164.0,2107.0,2050.0,2001.0,1956.0,1801.0,2150.0,2102.0,2142.0,2258.0,2213.0,2169.0,2093.0,2040.0,1980.0,1810.0,1953.0,2157.0,2230.0,2246.0,2155.0,2088.0,2024.0,1981.0,1922.0,1775.0,1920.0,2146.0,2223.0,2248.0,2156.0,2086.0,2023.0,1973.0,1927.0,1774.0,1928.0,2136.0,2222.0,2239.0,2156.0,2092.0,2028.0,1994.0,1944.0,1807.0,1937.0,2165.0,2247.0,2248.0,2188.0,2116.0,2052.0,2008.0,1958.0,1800.0,2111.0
2039.0,2004.0,1953.0,1810.0,1946.0,2164.0,2248.0,2250.0,2169.0,2112.0,2056.0,2012.0,1971.0,1818.0,1946.0,2171.0,2241.0,2259.0,2160.0,2100.0,2036.0,2002.0,1944.0,1791.0,1940.0,2160.0,2236.0,2252.0,2164.0,2107.0,2050.0,2001.0,1956.0,1801.0,2150.0,2102.0,2142.0,2258.0,2213.0,2169.0,2093.0,2040.0,1980.0,1810.0,1953.0,2157.0,2230.0,2246.0,2155.0,2088.0,2024.0,1981.0,1922.0,1775.0,1920.0,2146.0,2223.0,2248.0,2156.0,2086.0,2023.0,1973.0,1927.0,1774.0,1928.0,2136.0,2222.0,2239.0,2156.0,2092.0,2028.0,1994.0,1944.0,1807.0,1937.0,2165.0,2247.0,2248.0,2188.0,2116.0,2052.0,2008.0,1958.0,1800.0,2111.0,2172.0,2202.0,2213.0,2166.0,2108.0,2048.0,2016.0,1880.0,1805.0,2038.0,2094.0,2283.0,2319.0,2280.0,2192.0
2171.0,2241.0,2259.0,2160.0,2100.0,2036.0,2002.0,1944.0,1791.0,1940.0,2160.0,2236.0,2252.0,2164.0,2107.0,2050.0,2001.0,1956.0,1801.0,2150.0,2102.0,2142.0,2258.0,2213.0,2169.0,2093.0,2040.0,1980.0,1810.0,1953.0,2157.0,2230.0,2246.0,2155.0,2088.0,2024.0,1981.0,1922.0,1775.0,1920.0,2146.0,2223.0,2248.0,2156.0,2086.0,2023.0,1973.0,1927.0,1774.0,1928.0,2136.0,2222.0,2239.0,2156.0,2092.0,2028.0,1994.0,1944.0,1807.0,1937.0,2165.0,2247.0,2248.0,2188.0,2116.0,2052.0,2008.0,1958.0,1800.0,2111.0,2172.0,2202.0,2213.0,2166.0,2108.0,2048.0,2016.0,1880.0,1805.0,2038.0,2094.0,2283.0,2319.0,2280.0,2192.0,2105.0,2033.0,1964.0,1794.0,1930.0,2144.0,2220.0,2208.0,2155.0,2087.0,2019.0,1977.0,1924.0,1764.0,1924.0
2050.0,2001.0,1956.0,1801.0,2150.0,2102.0,2142.0,2258.0,2213.0,2169.0,2093.0,2040.0,1980.0,1810.0,1953.0,2157.0,2230.0,2246.0,2155.0,2088.0,2024.0,1981.0,1922.0,1775.0,1920.0,2146.0,2223.0,2248.0,2156.0,2086.0,2023.0,1973.0,1927.0,1774.0,1928.0,2136.0,2222.0,2239.0,2156.0,2092.0,2028.0,1994.0,1944.0,1807.0,1937.0,2165.0,2247.0,2248.0,2188.0,2116.0,2052.0,2008.0,1958.0,1800.0,2111.0,2172.0,2202.0,2213.0,2166.0,2108.0,2048.0,2016.0,1880.0,1805.0,2038.0,2094.0,2283.0,2319.0,2280.0,2192.0,2105.0,2033.0,1964.0,1794.0,1930.0,2144.0,2220.0,2208.0,2155.0,2087.0,2019.0,1977.0,1924.0,1764.0,1924.0,2140.0,2222.0,2208.0,2188.0,2110.0,2042.0,1993.0,1938.0,1798.0,1954.0,2160.0,2230.0,2220.0,2187.0,2121.0
2157.0,2230.0,2246.0,2155.0,2088.0,2024.0,1981.0,1922.0,1775.0,1920.0,2146.0,2223.0,2248.0,2156.0,2086.0,2023.0,1973.0,1927.0,1774.0,1928.0,2136.0,2222.0,2239.0,2156.0,2092.0,2028.0,1994.0,1944.0,1807.0,1937.0,2165.0,2247.0,2248.0,2188.0,2116.0,2052.0,2008.0,1958.0,1800.0,2111.0,2172.0,2202.0,2213.0,2166.0,2108.0,2048.0,2016.0,1880.0,1805.0,2038.0,2094.0,2283.0,2319.0,2280.0,2192.0,2105.0,2033.0,1964.0,1794.0,1930.0,2144.0,2220.0,2208.0,2155.0,2087.0,2019.0,1977.0,1924.0,1764.0,1924.0,2140.0,2222.0,2208.0,2188.0,2110.0,2042.0,1993.0,1938.0,1798.0,1954.0,2160.0,2230.0,2220.0,2187.0,2121.0,2048.0,2000.0,1944.0,1804.0,2109.0,2165.0,2207.0,2200.0,2187.0,2121.0,2054.0,2011.0,1959.0,1820.0,1968.0
2023.0,1973.0,1927.0,1774.0,1928.0,2136.0,2222.0,2239.0,2156.0,2092.0,2028.0,1994.0,1944.0,1807.0,1937.0,2165.0,2247.0,2248.0,2188.0,2116.0,2052.0,2008.0,1958.0,1800.0,2111.0,2172.0,2202.0,2213.0,2166.0,2108.0,2048.0,2016.0,1880.0,1805.0,2038.0,2094.0,2283.0,2319.0,2280.0,2192.0,2105.0,2033.0,1964.0,1794.0,1930.0,2144.0,2220.0,2208.0,2155.0,2087.0,2019.0,1977.0,1924.0,1764.0,1924.0,2140.0,2222.0,2208.0,2188.0,2110.0,2042.0,1993.0,1938.0,1798.0,1954.0,2160.0,2230.0,2220.0,2187.0,2121.0,2048.0,2000.0,1944.0,1804.0,2109.0,2165.0,2207.0,2200.0,2187.0,2121.0,2054.0,2011.0,1959.0,1820.0,1968.0,2181.0,2257.0,2245.0,2220.0,2137.0,2067.0,2012.0,1968.0,1816.0,2000.0,2048.0,2240.0,2276.0,2265.0,2192.0
2165.0,2247.0,2248.0,2188.0,2116.0,2052.0,2008.0,1958.0,1800.0,2111.0,2172.0,2202.0,2213.0,2166.0,2108.0,2048.0,2016.0,1880.0,1805.0,2038.0,2094.0,2283.0,2319.0,2280.0,2192.0,2105.0,2033.0,1964.0,1794.0,1930.0,2144.0,2220.0,2208.0,2155.0,2087.0,2019.0,1977.0,1924.0,1764.0,1924.0,2140.0,2222.0,2208.0,2188.0,2110.0,2042.0,1993.0,1938.0,1798.0,1954.0,2160.0,2230.0,2220.0,2187.0,2121.0,2048.0,2000.0,1944.0,1804.0,2109.0,2165.0,2207.0,2200.0,2187.0,2121.0,2054.0,2011.0,1959.0,1820.0,1968.0,2181.0,2257.0,2245.0,2220.0,2137.0,2067.0,2012.0,1968.0,1816.0,2000.0,2048.0,2240.0,2276.0,2265.0,2192.0,2094.0,2032.0,1956.0,1800.0,1948.0,2160.0,2228.0,2208.0,2181.0,2112.0,2040.0,1984.0,1940.0,1793.0,1942.0
2048.0,2016.0,1880.0,1805.0,2038.0,2094.0,2283.0,2319.0,2280.0,2192.0,2105.0,2033.0,1964.0,1794.0,1930.0,2144.0,2220.0,2208.0,2155.0,2087.0,2019.0,1977.0,1924.0,1764.0,1924.0,2140.0,2222.0,2208.0,2188.0,2110.0,2042.0,1993.0,1938.0,1798.0,1954.0,2160.0,2230.0,2220.0,2187.0,2121.0,2048.0,2000.0,1944.0,1804.0,2109.0,2165.0,2207.0,2200.0,2187.0,2121.0,2054.0,2011.0,1959.0,1820.0,1968.0,2181.0,2257.0,2245.0,2220.0,2137.0,2067.0,2012.0,1968.0,1816.0,2000.0,2048.0,2240.0,2276.0,2265.0,2192.0,2094.0,2032.0,1956.0,1800.0,1948.0,2160.0,2228.0,2208.0,2181.0,2112.0,2040.0,1984.0,1940.0,1793.0,1942.0,2160.0,2233.0,2224.0,2184.0,2128.0,2054.0,2003.0,1944.0,1796.0,2114.0,2164.0,2195.0,2182.0,2152.0,2112.0
